# {"t_start": 1641740736.65099, "env_id": "Office-v0"} 
r,l,t
0.0,57,0.021249
0.0,16,0.027136
0.0,2,0.027863
0.0,8,0.030717
0.0,46,0.046414
0.0,14,0.051312
0.0,31,0.062189
0.0,69,0.086273
0.0,44,0.101898
0.0,107,0.139613
0.0,10,0.143257
0.0,2,0.143986
1.0,121,0.18642
0.0,90,0.218098
0.0,29,0.228535
0.0,20,0.235578
1.0,30,0.245986
0.0,71,0.270908
0.0,26,0.280185
0.0,29,0.29059
0.0,36,0.303132
0.0,76,0.329839
0.0,52,0.348258
0.0,100,0.38448
0.0,18,0.391175
0.0,65,0.413822
0.0,81,0.442937
0.0,104,0.479595
0.0,67,0.503579
0.0,120,0.545835
0.0,16,0.551676
0.0,210,0.625896
0.0,114,0.666745
0.0,92,0.698964
0.0,59,0.720493
0.0,243,0.806331
0.0,155,0.861357
0.0,20,0.868735
0.0,21,0.876231
0.0,221,0.954091
0.0,119,0.996168
0.0,325,1.112463
0.0,14,1.117633
0.0,563,1.317129
0.0,35,1.329649
1.0,284,1.430599
0.0,695,1.677253
0.0,235,1.760147
0.0,43,1.775976
1.0,158,1.832844
0.0,66,1.856364
0.0,158,1.910934
0.0,20,1.918071
0.0,453,2.079164
0.0,67,2.103101
0.0,175,2.165762
1.0,93,2.199075
0.0,49,2.216558
0.0,86,2.247594
0.0,261,2.339991
1.0,67,2.364517
0.0,76,2.391338
0.0,96,2.424774
0.0,151,2.477951
1.0,62,2.500706
0.0,76,2.528336
0.0,36,2.540886
0.0,368,2.670482
1.0,23,2.678818
1.0,169,2.738975
0.0,33,2.750518
0.0,529,2.940319
1.0,71,2.965446
1.0,211,3.040258
0.0,51,3.058537
0.0,63,3.080779
1.0,18,3.087202
1.0,238,3.171247
0.0,225,3.252058
0.0,212,3.326985
1.0,36,3.339781
1.0,212,3.415373
0.0,34,3.427272
1.0,536,3.618759
1.0,28,3.628845
0.0,28,3.638486
0.0,181,3.702315
0.0,116,3.743968
1.0,11,3.747923
1.0,142,3.798371
0.0,4,3.799828
0.0,22,3.807678
1.0,11,3.811682
0.0,70,3.836523
1.0,147,3.889144
1.0,151,3.944473
1.0,11,3.948452
1.0,105,3.985626
0.0,28,3.995468
0.0,47,4.011909
1.0,17,4.017948
1.0,72,4.04406
0.0,32,4.055283
0.0,169,4.114879
1.0,11,4.118826
0.0,44,4.134541
1.0,102,4.17069
0.0,9,4.173881
1.0,11,4.177808
0.0,34,4.190425
0.0,26,4.199587
0.0,316,4.313328
1.0,12,4.317636
0.0,62,4.33954
1.0,192,4.407979
0.0,33,4.419685
1.0,11,4.423604
1.0,156,4.478862
0.0,68,4.502847
0.0,9,4.50608
1.0,12,4.510353
1.0,67,4.5343
0.0,42,4.54933
0.0,64,4.572015
1.0,11,4.575955
0.0,21,4.583492
1.0,68,4.607636
1.0,213,4.685126
1.0,14,4.690127
1.0,32,4.701533
0.0,23,4.709558
1.0,285,4.810891
1.0,11,4.814813
1.0,57,4.835062
0.0,60,4.856159
0.0,26,4.865357
1.0,12,4.869849
0.0,2,4.870575
0.0,165,4.928877
0.0,216,5.006021
1.0,11,5.010123
1.0,70,5.03538
0.0,7,5.037925
0.0,42,5.053056
0.0,9,5.056311
0.0,14,5.061493
1.0,144,5.112172
1.0,188,5.179308
1.0,11,5.183228
1.0,51,5.201543
0.0,25,5.210458
0.0,17,5.216565
0.0,9,5.219826
1.0,47,5.236757
1.0,186,5.302828
1.0,154,5.358084
1.0,11,5.362283
1.0,26,5.37195
1.0,64,5.394903
0.0,11,5.398928
1.0,15,5.404259
1.0,34,5.416317
0.0,14,5.421282
1.0,90,5.453502
1.0,11,5.457484
0.0,7,5.460008
1.0,41,5.474593
1.0,62,5.496794
0.0,8,5.499642
0.0,36,5.512421
0.0,28,5.522475
1.0,183,5.587202
1.0,12,5.591523
1.0,42,5.606401
1.0,46,5.622766
1.0,71,5.648266
1.0,13,5.652881
1.0,45,5.668989
1.0,42,5.683957
0.0,87,5.715709
1.0,12,5.719902
1.0,32,5.731634
0.0,50,5.7496
1.0,62,5.771998
1.0,12,5.776267
0.0,10,5.779986
1.0,109,5.818919
0.0,40,5.8336
1.0,12,5.838004
1.0,31,5.849025
0.0,21,5.85648
1.0,72,5.882159
1.0,13,5.886814
0.0,40,5.90109
0.0,33,5.912246
0.0,10,5.915844
1.0,11,5.919767
0.0,27,5.929556
1.0,47,5.946267
1.0,126,5.991576
0.0,7,5.994094
1.0,44,6.00965
1.0,53,6.028309
0.0,56,6.048574
1.0,13,6.053204
1.0,26,6.0627
0.0,27,6.072694
0.0,30,6.083764
1.0,11,6.087909
0.0,17,6.094172
0.0,4,6.095623
1.0,58,6.116387
1.0,11,6.12045
1.0,33,6.132138
0.0,62,6.153909
1.0,55,6.173819
1.0,11,6.177814
1.0,35,6.190296
1.0,40,6.20473
0.0,27,6.214431
1.0,15,6.219761
1.0,28,6.229724
0.0,19,6.23665
0.0,9,6.239893
1.0,11,6.243891
0.0,89,6.275525
0.0,23,6.283809
1.0,53,6.302623
1.0,12,6.30697
1.0,68,6.331221
0.0,17,6.3373
0.0,23,6.345628
1.0,11,6.349539
1.0,31,6.36057
1.0,35,6.373073
1.0,57,6.393564
1.0,11,6.397487
1.0,28,6.407415
1.0,35,6.420212
1.0,54,6.439973
1.0,11,6.443942
1.0,24,6.452708
1.0,32,6.464263
1.0,55,6.483991
1.0,11,6.488005
0.0,4,6.489525
1.0,44,6.505123
0.0,34,6.517297
1.0,11,6.521218
1.0,24,6.529742
1.0,31,6.540946
0.0,111,6.58045
1.0,11,6.584401
1.0,23,6.592542
1.0,31,6.60364
1.0,50,6.621698
1.0,11,6.625622
1.0,25,6.634501
1.0,40,6.648865
1.0,59,6.670002
1.0,11,6.673935
1.0,25,6.682882
1.0,31,6.694078
1.0,54,6.713441
1.0,11,6.717364
1.0,76,6.74467
1.0,34,6.756854
0.0,17,6.763029
1.0,13,6.76766
1.0,29,6.778142
0.0,17,6.784761
0.0,4,6.786305
1.0,11,6.790255
1.0,23,6.798682
1.0,36,6.811843
0.0,18,6.818304
1.0,11,6.822243
1.0,23,6.830392
1.0,31,6.841564
1.0,55,6.861208
1.0,13,6.865832
1.0,31,6.877125
0.0,25,6.886055
1.0,58,6.906809
1.0,13,6.91155
1.0,34,6.923378
0.0,26,6.932696
0.0,49,6.950364
1.0,13,6.955212
1.0,33,6.966756
1.0,37,6.97988
1.0,58,7.000722
1.0,12,7.004989
1.0,91,7.037102
1.0,40,7.051451
0.0,4,7.052899
1.0,12,7.057161
1.0,29,7.067535
1.0,33,7.07927
0.0,13,7.083892
0.0,2,7.084628
1.0,25,7.093413
1.0,32,7.104949
1.0,57,7.125407
1.0,13,7.130176
0.0,8,7.133161
1.0,33,7.145469
1.0,58,7.166572
1.0,11,7.170558
0.0,4,7.172019
1.0,30,7.182964
1.0,56,7.202981
1.0,11,7.206934
1.0,26,7.216293
0.0,23,7.22454
0.0,9,7.22782
0.0,2,7.228554
1.0,25,7.237428
0.0,7,7.23995
1.0,61,7.261983
1.0,11,7.265922
1.0,27,7.275541
1.0,34,7.287679
1.0,58,7.308648
1.0,11,7.312606
0.0,21,7.320079
1.0,32,7.331589
0.0,44,7.347646
1.0,13,7.352296
0.0,21,7.359795
0.0,22,7.368086
1.0,52,7.387317
1.0,11,7.391252
1.0,25,7.400116
1.0,34,7.412334
1.0,56,7.432343
1.0,11,7.436239
1.0,23,7.444524
1.0,35,7.45693
1.0,54,7.476363
1.0,14,7.481351
0.0,8,7.484253
1.0,34,7.49664
1.0,52,7.515805
1.0,11,7.519972
0.0,14,7.524943
1.0,30,7.535987
1.0,56,7.556247
1.0,11,7.560173
0.0,14,7.565188
1.0,30,7.575877
1.0,57,7.596231
1.0,13,7.600996
1.0,25,7.609857
1.0,35,7.622356
1.0,117,7.664264
1.0,13,7.66893
1.0,27,7.678463
1.0,32,7.689895
1.0,62,7.712184
1.0,13,7.716827
1.0,24,7.725348
1.0,32,7.736741
1.0,74,7.763309
0.0,4,7.76477
1.0,28,7.774689
0.0,15,7.78009
1.0,57,7.800609
1.0,11,7.804554
1.0,23,7.812732
0.0,27,7.822455
1.0,57,7.842794
1.0,11,7.846707
1.0,27,7.856459
1.0,32,7.868379
1.0,52,7.888005
1.0,11,7.891977
1.0,35,7.904304
0.0,7,7.906808
0.0,8,7.909682
1.0,11,7.913596
1.0,25,7.922487
1.0,42,7.937531
1.0,51,7.955934
1.0,11,7.959857
0.0,12,7.9642
0.0,9,7.967409
1.0,56,7.987916
1.0,13,7.99286
1.0,23,8.001031
1.0,36,8.014011
0.0,37,8.02716
1.0,13,8.031794
1.0,31,8.042833
1.0,36,8.055799
1.0,50,8.073876
0.0,4,8.075334
1.0,26,8.084664
0.0,16,8.090413
1.0,53,8.109427
0.0,10,8.113001
0.0,6,8.115176
1.0,36,8.128082
1.0,53,8.147046
1.0,12,8.151245
1.0,23,8.15951
1.0,33,8.171346
1.0,59,8.193078
1.0,11,8.197019
1.0,23,8.205346
1.0,34,8.217798
1.0,54,8.237653
1.0,11,8.241743
0.0,4,8.243217
1.0,34,8.255934
0.0,258,8.347431
1.0,13,8.352177
1.0,27,8.361797
1.0,35,8.374273
1.0,52,8.393039
1.0,13,8.397681
1.0,28,8.407588
1.0,34,8.41959
1.0,58,8.440369
1.0,13,8.444985
1.0,29,8.45529
1.0,30,8.466111
1.0,55,8.485838
1.0,11,8.489793
0.0,8,8.492661
1.0,33,8.504508
1.0,50,8.522434
1.0,13,8.527033
0.0,10,8.53063
1.0,34,8.542862
0.0,30,8.553599
0.0,11,8.557563
1.0,23,8.56573
1.0,34,8.578175
0.0,48,8.59571
1.0,11,8.599788
0.0,20,8.607191
0.0,11,8.611085
1.0,54,8.630522
1.0,15,8.635859
1.0,27,8.645391
0.0,8,8.648254
1.0,58,8.669032
1.0,11,8.672937
1.0,23,8.681177
1.0,30,8.691988
0.0,13,8.696759
1.0,11,8.700688
1.0,26,8.709857
1.0,34,8.721959
0.0,25,8.73094
1.0,14,8.73592
1.0,25,8.744761
1.0,34,8.756834
1.0,58,8.777568
1.0,11,8.7815
1.0,23,8.789596
1.0,34,8.801597
0.0,21,8.80919
1.0,14,8.814166
1.0,27,8.823733
1.0,32,8.835112
1.0,57,8.85556
1.0,11,8.859479
1.0,23,8.867616
1.0,34,8.879916
1.0,50,8.897653
1.0,12,8.901913
1.0,23,8.910164
1.0,35,8.92268
0.0,6,8.924852
1.0,11,8.929043
1.0,25,8.937894
1.0,32,8.949688
0.0,23,8.958134
1.0,11,8.962131
1.0,29,8.972442
1.0,37,8.985995
1.0,50,9.003988
0.0,4,9.00544
1.0,23,9.01359
1.0,32,9.024927
1.0,56,9.045076
1.0,11,9.048989
1.0,27,9.058614
1.0,33,9.070467
1.0,52,9.089155
1.0,15,9.094422
1.0,27,9.10392
0.0,18,9.110486
0.0,11,9.114423
1.0,14,9.119389
1.0,27,9.129019
0.0,16,9.134783
0.0,48,9.152048
1.0,11,9.155985
1.0,27,9.165592
1.0,33,9.17745
1.0,52,9.197044
1.0,13,9.201667
0.0,8,9.20454
0.0,13,9.209318
1.0,55,9.228975
1.0,11,9.232886
1.0,28,9.242792
1.0,38,9.256299
1.0,55,9.275815
1.0,11,9.279744
1.0,24,9.288583
1.0,34,9.30103
1.0,50,9.319361
1.0,11,9.323338
1.0,39,9.337456
1.0,33,9.34928
1.0,52,9.367881
0.0,4,9.369336
1.0,25,9.378443
1.0,40,9.392618
1.0,54,9.412024
0.0,11,9.415978
1.0,23,9.424129
0.0,27,9.433753
1.0,60,9.455473
1.0,11,9.459397
1.0,37,9.472505
0.0,6,9.474682
0.0,23,9.482872
1.0,11,9.486913
1.0,24,9.49569
1.0,32,9.507121
1.0,61,9.52892
1.0,11,9.532853
0.0,8,9.535753
1.0,36,9.548535
0.0,13,9.553202
1.0,13,9.557822
1.0,26,9.567184
1.0,38,9.580671
0.0,11,9.584616
1.0,11,9.588545
1.0,27,9.598271
1.0,32,9.609696
1.0,53,9.628591
1.0,12,9.632843
1.0,27,9.642602
0.0,28,9.652854
1.0,64,9.676301
1.0,15,9.681787
1.0,26,9.691251
1.0,30,9.701913
1.0,52,9.720696
0.0,4,9.722151
1.0,24,9.730643
1.0,31,9.741703
1.0,55,9.761402
1.0,13,9.766044
1.0,23,9.77421
1.0,30,9.784997
0.0,4,9.786552
1.0,11,9.790821
1.0,27,9.800453
1.0,40,9.81469
1.0,54,9.834051
1.0,15,9.839386
1.0,24,9.847873
1.0,34,9.859935
0.0,11,9.864156
1.0,12,9.868418
1.0,26,9.87791
1.0,33,9.889621
1.0,58,9.910774
1.0,11,9.914712
1.0,27,9.924259
1.0,32,9.935747
1.0,62,9.958045
1.0,11,9.961987
1.0,29,9.972262
1.0,33,9.984194
0.0,19,9.991056
1.0,13,9.995696
1.0,25,10.004582
1.0,32,10.016293
0.0,51,10.035065
0.0,7,10.03763
1.0,24,10.046288
0.0,19,10.05319
0.0,32,10.064997
1.0,13,10.069606
0.0,12,10.073915
0.0,12,10.07821
1.0,58,10.098909
1.0,13,10.103548
1.0,32,10.114953
1.0,34,10.127186
1.0,59,10.148263
0.0,8,10.15119
1.0,26,10.160492
1.0,32,10.171975
0.0,10,10.175647
1.0,11,10.179633
0.0,27,10.189257
1.0,31,10.200251
0.0,45,10.21638
1.0,11,10.22031
1.0,23,10.228529
0.0,27,10.238177
0.0,42,10.253347
1.0,11,10.257279
0.0,20,10.264429
1.0,31,10.275459
0.0,36,10.288432
1.0,14,10.293345
1.0,23,10.301564
1.0,29,10.311921
0.0,11,10.315996
0.0,8,10.318888
1.0,24,10.327487
1.0,37,10.340606
1.0,58,10.361499
1.0,13,10.366266
0.0,8,10.369303
1.0,33,10.381519
0.0,25,10.390489
1.0,11,10.394608
1.0,23,10.403115
1.0,37,10.416276
0.0,21,10.423751
1.0,11,10.427671
1.0,25,10.436726
1.0,36,10.449526
1.0,60,10.471063
1.0,13,10.475675
1.0,28,10.485559
1.0,35,10.497932
1.0,56,10.518059
1.0,15,10.523383
1.0,25,10.532227
0.0,4,10.53368
1.0,61,10.555814
1.0,11,10.559733
0.0,10,10.563365
1.0,34,10.57542
1.0,57,10.59586
1.0,13,10.600561
1.0,25,10.60947
0.0,6,10.611622
1.0,56,10.631643
1.0,13,10.636199
1.0,26,10.645455
1.0,34,10.657642
0.0,6,10.659812
1.0,11,10.663736
1.0,23,10.671937
1.0,34,10.684098
0.0,34,10.696303
1.0,11,10.700204
1.0,25,10.709103
1.0,29,10.719466
1.0,53,10.738979
1.0,12,10.743213
0.0,4,10.744644
1.0,29,10.755113
1.0,60,10.777218
1.0,12,10.781476
1.0,28,10.791379
0.0,9,10.794594
1.0,56,10.814678
0.0,7,10.817215
1.0,23,10.825305
1.0,38,10.838821
1.0,55,10.858539
1.0,11,10.862458
0.0,14,10.867457
1.0,31,10.878619
1.0,50,10.896742
0.0,8,10.899628
1.0,31,10.910559
1.0,34,10.922759
1.0,54,10.941967
1.0,12,10.946229
1.0,26,10.955443
1.0,34,10.967492
1.0,72,10.993535
1.0,11,10.997635
1.0,23,11.005866
1.0,29,11.016199
1.0,60,11.037666
1.0,17,11.0437
1.0,24,11.052295
0.0,2,11.053025
0.0,32,11.064523
1.0,12,11.068814
1.0,23,11.077137
0.0,4,11.078597
0.0,27,11.088526
1.0,11,11.092417
1.0,31,11.103437
1.0,34,11.116132
1.0,55,11.136016
1.0,13,11.14065
1.0,23,11.148995
0.0,28,11.158978
1.0,57,11.179445
1.0,11,11.183383
1.0,24,11.192115
1.0,32,11.203655
1.0,60,11.225282
1.0,12,11.229498
1.0,25,11.238349
1.0,38,11.251798
0.0,38,11.265412
1.0,11,11.269336
1.0,25,11.278207
0.0,21,11.285672
0.0,11,11.289655
1.0,14,11.294579
1.0,27,11.304283
0.0,20,11.311433
1.0,58,11.332006
1.0,12,11.336274
1.0,27,11.345953
1.0,36,11.358682
0.0,37,11.371924
1.0,12,11.376296
1.0,25,11.385147
1.0,35,11.397603
1.0,50,11.415666
1.0,12,11.419866
1.0,23,11.428106
1.0,36,11.440931
1.0,54,11.460875
1.0,11,11.464804
1.0,29,11.475379
0.0,13,11.480215
1.0,60,11.50169
0.0,9,11.505019
1.0,25,11.513896
1.0,31,11.524906
0.0,36,11.537879
0.0,6,11.540051
0.0,8,11.542947
0.0,4,11.544385
1.0,54,11.563651
1.0,11,11.567686
1.0,35,11.579916
0.0,27,11.589648
1.0,53,11.609035
1.0,13,11.613661
1.0,25,11.622557
1.0,30,11.633243
1.0,55,11.652993
1.0,11,11.656923
1.0,24,11.665459
1.0,34,11.677646
1.0,54,11.696947
1.0,11,11.700861
1.0,23,11.709035
0.0,11,11.712945
1.0,56,11.733026
1.0,12,11.737294
1.0,27,11.746717
0.0,8,11.749566
1.0,57,11.769851
1.0,15,11.775198
0.0,6,11.777355
1.0,36,11.790082
0.0,37,11.803767
1.0,13,11.808388
1.0,25,11.817612
1.0,29,11.827991
0.0,13,11.832829
1.0,11,11.836807
1.0,28,11.846701
1.0,39,11.86091
0.0,14,11.865832
1.0,11,11.869827
1.0,25,11.878832
1.0,31,11.889854
1.0,56,11.909841
1.0,13,11.914473
1.0,23,11.922575
1.0,32,11.933858
1.0,55,11.953599
1.0,11,11.957596
1.0,23,11.965797
1.0,31,11.976817
1.0,53,11.99586
1.0,11,11.999784
1.0,24,12.008262
1.0,36,12.020953
1.0,56,12.040787
1.0,17,12.046826
1.0,29,12.057194
1.0,32,12.068495
1.0,54,12.087846
1.0,11,12.091769
1.0,24,12.100371
1.0,29,12.110725
1.0,55,12.130357
1.0,11,12.134356
1.0,25,12.143274
0.0,23,12.151498
1.0,55,12.171627
1.0,12,12.175913
1.0,27,12.185487
0.0,5,12.187434
1.0,62,12.209829
1.0,15,12.215138
1.0,27,12.224733
1.0,33,12.236811
0.0,44,12.252472
0.0,6,12.254632
0.0,12,12.258957
1.0,40,12.272879
1.0,62,12.294983
1.0,11,12.29889
1.0,28,12.308852
1.0,31,12.319863
1.0,58,12.340618
1.0,11,12.34452
1.0,25,12.353574
1.0,30,12.364685
1.0,52,12.383265
0.0,2,12.383999
1.0,27,12.393605
0.0,15,12.399045
1.0,56,12.41898
1.0,15,12.424296
1.0,29,12.43473
1.0,30,12.445421
1.0,58,12.466104
1.0,16,12.471881
1.0,26,12.481171
0.0,2,12.481906
1.0,52,12.500835
1.0,11,12.504796
1.0,34,12.516915
0.0,2,12.517882
0.0,45,12.53454
1.0,11,12.538455
1.0,24,12.547222
0.0,15,12.552785
1.0,52,12.571503
1.0,11,12.57543
1.0,23,12.583637
0.0,19,12.590459
0.0,36,12.603365
1.0,11,12.607286
1.0,33,12.618903
0.0,23,12.627008
1.0,55,12.646716
0.0,2,12.647452
1.0,23,12.655696
1.0,30,12.666418
1.0,51,12.684693
1.0,11,12.68862
1.0,23,12.696805
1.0,31,12.707885
1.0,58,12.728666
0.0,2,12.729396
1.0,28,12.739458
1.0,36,12.752214
1.0,54,12.771531
1.0,11,12.775528
1.0,23,12.783726
0.0,25,12.793003
1.0,55,12.812749
1.0,15,12.818105
1.0,25,12.827008
1.0,31,12.838084
0.0,4,12.839544
1.0,11,12.843476
0.0,4,12.844923
1.0,36,12.85782
1.0,57,12.878723
1.0,11,12.882684
1.0,23,12.891143
1.0,34,12.903656
1.0,55,12.92349
1.0,11,12.927522
1.0,25,12.936441
0.0,15,12.941805
1.0,55,12.961924
1.0,11,12.966018
1.0,23,12.974347
1.0,34,12.986494
0.0,19,12.993373
1.0,11,12.997305
1.0,28,13.00726
0.0,6,13.009422
1.0,64,13.032219
1.0,11,13.03613
1.0,28,13.04618
1.0,32,13.057552
0.0,47,13.074376
1.0,11,13.078357
1.0,23,13.086583
1.0,35,13.099067
0.0,10,13.102652
1.0,11,13.106589
1.0,23,13.114812
1.0,32,13.126147
1.0,57,13.146462
0.0,11,13.150427
0.0,7,13.153032
1.0,30,13.163742
0.0,4,13.165192
1.0,13,13.169827
1.0,23,13.178093
1.0,30,13.188816
1.0,68,13.213069
1.0,12,13.217271
1.0,23,13.225391
1.0,32,13.237067
0.0,8,13.239998
1.0,11,13.243923
1.0,23,13.252491
0.0,9,13.255697
1.0,52,13.274696
1.0,11,13.278626
0.0,19,13.285429
0.0,6,13.287611
0.0,21,13.29504
1.0,11,13.298973
0.0,21,13.306511
0.0,33,13.318293
0.0,30,13.329004
1.0,13,13.333625
1.0,31,13.344581
1.0,30,13.355275
1.0,56,13.375392
1.0,11,13.379393
1.0,25,13.388363
0.0,16,13.394397
1.0,51,13.412456
1.0,11,13.416394
1.0,23,13.424598
1.0,29,13.43494
1.0,53,13.453759
0.0,6,13.456072
1.0,27,13.465724
0.0,16,13.471458
0.0,4,13.472918
1.0,12,13.477185
1.0,28,13.487035
1.0,33,13.498781
0.0,46,13.515145
1.0,13,13.51977
1.0,24,13.528475
0.0,23,13.536769
0.0,36,13.549731
1.0,11,13.55366
1.0,26,13.562952
0.0,25,13.571933
1.0,62,13.593921
1.0,12,13.598475
1.0,23,13.607033
1.0,31,13.618127
1.0,55,13.638179
1.0,11,13.642115
1.0,29,13.652558
0.0,25,13.661493
1.0,60,13.68282
1.0,11,13.686754
1.0,23,13.694885
1.0,29,13.70529
0.0,35,13.717855
1.0,11,13.721853
1.0,24,13.730418
1.0,31,13.741464
0.0,8,13.744347
1.0,11,13.748281
1.0,27,13.757981
1.0,30,13.768706
0.0,4,13.770154
1.0,12,13.774464
1.0,26,13.783778
0.0,2,13.784512
1.0,57,13.805061
1.0,11,13.809001
1.0,27,13.818542
1.0,33,13.830285
1.0,55,13.850057
1.0,11,13.853966
1.0,28,13.863868
1.0,35,13.876514
1.0,59,13.897608
1.0,15,13.90297
1.0,25,13.91197
1.0,31,13.923103
1.0,57,13.943553
1.0,11,13.947637
0.0,21,13.955346
1.0,29,13.966308
1.0,57,13.987088
1.0,11,13.991206
1.0,27,14.001038
1.0,33,14.012891
1.0,53,14.032304
0.0,6,14.034478
1.0,25,14.04346
1.0,29,14.053809
1.0,53,14.072855
1.0,11,14.076761
1.0,25,14.085645
0.0,6,14.087828
1.0,54,14.107175
1.0,11,14.111101
1.0,25,14.12002
1.0,32,14.131369
1.0,53,14.15038
1.0,13,14.155007
1.0,26,14.164209
1.0,31,14.175315
1.0,56,14.195503
1.0,16,14.20109
1.0,25,14.21024
1.0,29,14.220646
1.0,53,14.239505
1.0,13,14.244123
1.0,24,14.252797
1.0,34,14.264894
1.0,54,14.284155
1.0,11,14.288197
0.0,12,14.292514
0.0,22,14.300376
1.0,53,14.319571
1.0,12,14.323873
1.0,23,14.332351
1.0,29,14.342826
0.0,15,14.348695
1.0,12,14.353096
1.0,23,14.36135
1.0,35,14.374123
1.0,56,14.394217
1.0,11,14.39816
0.0,4,14.399704
0.0,25,14.408642
1.0,59,14.429784
1.0,11,14.43372
1.0,23,14.442039
1.0,31,14.453029
1.0,54,14.472377
1.0,11,14.476422
0.0,7,14.478947
0.0,29,14.489293
1.0,58,14.510129
1.0,11,14.51411
1.0,23,14.522338
1.0,37,14.535508
0.0,13,14.540169
1.0,15,14.545506
1.0,25,14.554432
1.0,33,14.566182
1.0,58,14.586813
1.0,15,14.592489
0.0,24,14.601128
1.0,40,14.61532
1.0,58,14.636163
1.0,11,14.640103
0.0,8,14.642976
1.0,30,14.653659
1.0,56,14.674209
1.0,14,14.679158
0.0,12,14.683478
1.0,36,14.696499
1.0,56,14.716851
0.0,4,14.71845
0.0,6,14.720708
1.0,33,14.73244
1.0,55,14.752157
1.0,11,14.756084
0.0,6,14.758251
1.0,33,14.770028
1.0,52,14.788674
1.0,11,14.792624
0.0,8,14.795475
1.0,33,14.807242
0.0,42,14.822313
0.0,4,14.823772
0.0,12,14.828051
1.0,31,14.839046
1.0,53,14.858147
1.0,14,14.863096
1.0,26,14.872443
1.0,31,14.883497
1.0,50,14.901453
1.0,11,14.90539
1.0,23,14.913537
1.0,33,14.925303
1.0,52,14.943899
1.0,14,14.948877
0.0,14,14.953839
0.0,9,14.957147
1.0,52,14.975764
1.0,11,14.9797
0.0,15,14.985118
0.0,29,14.995458
0.0,20,15.002471
1.0,14,15.007475
1.0,31,15.018419
0.0,6,15.020596
0.0,17,15.026709
1.0,11,15.030646
1.0,27,15.040411
1.0,30,15.051478
1.0,56,15.072041
1.0,13,15.07668
0.0,6,15.078833
1.0,31,15.08996
1.0,52,15.108629
1.0,15,15.113942
0.0,6,15.116095
1.0,31,15.127247
0.0,36,15.140049
1.0,13,15.144676
1.0,25,15.153652
1.0,33,15.16549
1.0,54,15.184755
0.0,11,15.188719
1.0,23,15.197091
1.0,29,15.207756
1.0,67,15.231665
1.0,11,15.235592
1.0,28,15.245481
0.0,18,15.251868
1.0,60,15.273355
1.0,18,15.279746
1.0,23,15.288003
0.0,2,15.288737
0.0,28,15.298739
1.0,11,15.302652
1.0,33,15.314224
0.0,2,15.314959
0.0,23,15.323149
1.0,11,15.327081
1.0,32,15.33831
1.0,33,15.350091
1.0,57,15.370527
1.0,11,15.374533
1.0,23,15.382693
1.0,29,15.393114
1.0,62,15.415453
1.0,11,15.419442
0.0,16,15.425347
1.0,32,15.436687
1.0,56,15.457106
1.0,11,15.461073
1.0,25,15.469982
0.0,21,15.477512
0.0,10,15.481099
1.0,13,15.485733
1.0,23,15.494
0.0,8,15.496997
1.0,59,15.518188
1.0,11,15.522105
1.0,23,15.530387
1.0,34,15.542452
1.0,63,15.564847
1.0,11,15.568771
1.0,25,15.577726
1.0,35,15.59013
1.0,58,15.610946
1.0,12,15.615221
1.0,25,15.624146
1.0,30,15.634788
1.0,61,15.656631
1.0,11,15.660543
1.0,25,15.669463
1.0,42,15.684247
1.0,59,15.705201
1.0,12,15.709474
0.0,19,15.716329
0.0,25,15.725284
0.0,9,15.728529
1.0,11,15.732459
1.0,25,15.741377
1.0,31,15.75262
0.0,14,15.757668
1.0,14,15.763101
0.0,4,15.764535
0.0,12,15.768864
1.0,50,15.787138
1.0,13,15.791784
1.0,29,15.802029
1.0,35,15.814641
1.0,56,15.835132
1.0,11,15.839098
1.0,27,15.848703
1.0,30,15.859408
0.0,8,15.862288
0.0,2,15.863021
1.0,26,15.872174
1.0,32,15.883628
1.0,69,15.908046
1.0,11,15.912002
1.0,31,15.923092
0.0,9,15.926344
0.0,8,15.929184
1.0,11,15.933118
1.0,28,15.943277
0.0,23,15.951599
1.0,57,15.972061
1.0,13,15.97667
1.0,34,15.988676
1.0,38,16.002179
0.0,11,16.006132
1.0,13,16.010748
1.0,31,16.021665
1.0,32,16.033141
0.0,4,16.034586
1.0,11,16.038515
1.0,29,16.048853
0.0,18,16.055328
1.0,55,16.074992
1.0,13,16.079623
1.0,25,16.088564
1.0,31,16.099634
1.0,54,16.119361
1.0,11,16.123384
0.0,19,16.130178
1.0,40,16.144746
1.0,59,16.165691
1.0,11,16.169621
1.0,24,16.178131
1.0,33,16.189905
1.0,53,16.208837
1.0,13,16.21347
1.0,24,16.22269
1.0,28,16.23258
1.0,52,16.251257
1.0,13,16.255919
1.0,26,16.265171
1.0,30,16.2758
1.0,52,16.294522
1.0,11,16.298447
1.0,25,16.307368
1.0,32,16.318711
1.0,55,16.338285
1.0,13,16.34293
0.0,22,16.350818
1.0,37,16.363978
0.0,23,16.372178
1.0,13,16.376862
1.0,23,16.3851
0.0,17,16.391188
1.0,52,16.41016
1.0,12,16.41434
1.0,23,16.422519
1.0,33,16.434252
1.0,60,16.455628
1.0,14,16.460563
0.0,20,16.467931
1.0,33,16.479981
0.0,32,16.491504
1.0,12,16.495913
1.0,27,16.505855
1.0,30,16.516579
0.0,37,16.529973
1.0,13,16.534618
1.0,23,16.542947
1.0,34,16.555102
0.0,17,16.561172
1.0,11,16.565112
1.0,25,16.573974
1.0,35,16.58642
0.0,46,16.602963
1.0,12,16.607235
1.0,27,16.616778
0.0,14,16.621825
1.0,54,16.641271
1.0,11,16.645198
1.0,24,16.653712
1.0,33,16.665472
0.0,21,16.673066
1.0,11,16.676962
0.0,16,16.682668
1.0,30,16.693387
1.0,55,16.713058
1.0,12,16.717327
1.0,27,16.726837
1.0,34,16.73895
0.0,13,16.743601
0.0,7,16.746143
1.0,25,16.755089
1.0,36,16.767868
1.0,59,16.789002
1.0,12,16.793269
0.0,6,16.795434
1.0,40,16.809587
0.0,12,16.813912
1.0,12,16.818195
1.0,23,16.826581
1.0,32,16.838391
1.0,56,16.858723
1.0,13,16.863359
1.0,23,16.871625
1.0,39,16.885627
1.0,52,16.904256
1.0,15,16.9096
1.0,25,16.918478
1.0,38,16.931752
0.0,10,16.935373
1.0,11,16.939291
1.0,24,16.947782
1.0,32,16.959222
1.0,57,16.979578
1.0,14,16.984565
0.0,8,16.987452
0.0,6,16.989606
0.0,23,16.998286
0.0,9,17.001683
1.0,25,17.010547
1.0,31,17.021446
1.0,57,17.041755
1.0,12,17.046055
1.0,24,17.054615
0.0,6,17.056777
0.0,18,17.063249
0.0,8,17.06612
1.0,23,17.074339
1.0,30,17.085027
1.0,57,17.105169
1.0,11,17.109078
1.0,29,17.119337
0.0,17,17.125508
0.0,33,17.137334
1.0,11,17.141244
1.0,27,17.15081
1.0,30,17.161639
1.0,59,17.182979
1.0,12,17.187179
1.0,23,17.195681
1.0,34,17.207794
0.0,11,17.211889
1.0,11,17.216081
1.0,29,17.226354
0.0,12,17.230653
1.0,62,17.252894
0.0,6,17.255079
1.0,28,17.265076
0.0,15,17.270427
1.0,57,17.290839
1.0,11,17.294754
0.0,6,17.296924
1.0,38,17.310424
1.0,52,17.329072
1.0,15,17.33433
1.0,29,17.344622
1.0,33,17.35668
0.0,6,17.358871
1.0,13,17.363715
0.0,6,17.36587
1.0,34,17.377969
0.0,4,17.379422
1.0,11,17.383358
1.0,29,17.39375
1.0,34,17.405862
1.0,55,17.425386
1.0,13,17.429999
1.0,29,17.4403
1.0,33,17.452075
0.0,6,17.454236
1.0,11,17.458217
0.0,21,17.465688
1.0,32,17.477113
1.0,58,17.497859
1.0,14,17.502855
1.0,27,17.512422
1.0,25,17.521236
0.0,43,17.536493
1.0,17,17.542932
1.0,27,17.552853
0.0,21,17.560447
0.0,37,17.573998
1.0,11,17.578096
0.0,15,17.583512
1.0,33,17.595216
1.0,59,17.616895
1.0,12,17.621205
1.0,27,17.630778
1.0,33,17.642433
0.0,4,17.643891
1.0,15,17.649224
1.0,25,17.658213
1.0,34,17.670244
0.0,29,17.680675
1.0,11,17.684604
0.0,8,17.687492
1.0,29,17.697838
0.0,20,17.70494
1.0,11,17.708876
0.0,8,17.711772
0.0,26,17.721015
1.0,56,17.741012
1.0,13,17.745625
1.0,23,17.753777
1.0,31,17.764958
0.0,8,17.767864
0.0,4,17.769318
1.0,27,17.778943
0.0,6,17.781105
1.0,56,17.801057
1.0,14,17.806072
1.0,23,17.814294
0.0,8,17.817166
0.0,6,17.819327
1.0,11,17.823246
1.0,27,17.83278
1.0,31,17.843868
0.0,8,17.846744
1.0,13,17.851354
1.0,27,17.860905
1.0,32,17.872246
1.0,52,17.890908
1.0,14,17.895879
1.0,25,17.904948
1.0,29,17.915715
1.0,56,17.936197
0.0,4,17.937651
0.0,4,17.939106
1.0,33,17.950881
1.0,54,17.970258
1.0,13,17.974882
1.0,34,17.986849
1.0,29,17.997189
1.0,54,18.016442
1.0,12,18.020708
1.0,23,18.028986
1.0,29,18.039402
0.0,13,18.044083
1.0,11,18.048001
1.0,26,18.057181
1.0,33,18.068938
1.0,54,18.088178
0.0,7,18.090709
1.0,25,18.099595
1.0,35,18.112034
1.0,56,18.132003
0.0,6,18.134143
1.0,31,18.145144
0.0,9,18.148397
0.0,19,18.155253
0.0,4,18.156703
1.0,25,18.165592
1.0,36,18.178391
0.0,48,18.195407
0.0,2,18.196139
1.0,23,18.204255
0.0,6,18.206416
1.0,61,18.228096
1.0,15,18.233444
1.0,25,18.242267
1.0,30,18.253043
0.0,8,18.256069
1.0,11,18.260067
1.0,25,18.26925
1.0,33,18.282613
0.0,47,18.299646
1.0,14,18.304596
1.0,25,18.313793
0.0,27,18.323544
0.0,34,18.335754
1.0,12,18.340313
1.0,25,18.349169
0.0,27,18.358854
1.0,60,18.381343
1.0,11,18.385278
1.0,23,18.393479
1.0,30,18.404851
0.0,4,18.406298
1.0,13,18.410955
0.0,6,18.413102
1.0,36,18.426077
0.0,32,18.437446
1.0,11,18.441374
1.0,29,18.451979
0.0,16,18.457766
1.0,58,18.478419
1.0,11,18.482311
1.0,26,18.491392
1.0,33,18.503228
1.0,54,18.522928
1.0,11,18.526863
1.0,33,18.538704
1.0,32,18.550111
1.0,51,18.568458
1.0,12,18.572728
1.0,29,18.58301
1.0,29,18.593266
1.0,59,18.614365
1.0,14,18.619581
1.0,27,18.629341
1.0,32,18.641049
1.0,53,18.660271
1.0,13,18.664945
1.0,32,18.676227
1.0,29,18.686517
1.0,58,18.707275
1.0,12,18.711576
1.0,26,18.720884
1.0,35,18.733263
0.0,4,18.734709
1.0,11,18.738631
1.0,27,18.748116
0.0,11,18.752027
0.0,27,18.761787
1.0,15,18.767131
0.0,4,18.768559
0.0,19,18.775382
0.0,53,18.794323
1.0,12,18.798589
1.0,23,18.806696
0.0,10,18.810276
1.0,58,18.831027
0.0,6,18.833207
1.0,24,18.841722
1.0,31,18.852732
1.0,52,18.871278
1.0,11,18.875298
1.0,25,18.884246
1.0,35,18.896691
0.0,4,18.898165
1.0,14,18.903141
1.0,23,18.911345
1.0,29,18.921673
1.0,59,18.942546
1.0,13,18.94716
1.0,23,18.955288
0.0,6,18.957531
1.0,58,18.978386
1.0,11,18.982313
1.0,28,18.992625
1.0,29,19.003006
1.0,56,19.023257
1.0,11,19.027157
1.0,28,19.037039
1.0,32,19.048484
1.0,59,19.069372
1.0,11,19.073299
1.0,25,19.082146
1.0,29,19.092506
0.0,8,19.095381
1.0,11,19.099301
1.0,26,19.108469
1.0,29,19.119184
1.0,52,19.137781
1.0,13,19.142393
1.0,28,19.152285
0.0,11,19.156237
0.0,33,19.168207
1.0,11,19.172139
1.0,23,19.180274
0.0,2,19.180993
0.0,31,19.192363
1.0,12,19.196647
1.0,27,19.206226
1.0,31,19.21754
0.0,29,19.22798
1.0,13,19.232603
1.0,25,19.241559
0.0,9,19.244803
1.0,54,19.264098
1.0,11,19.268012
0.0,4,19.26944
1.0,32,19.280847
0.0,34,19.29293
1.0,13,19.297547
0.0,2,19.29827
1.0,36,19.311086
0.0,36,19.324026
1.0,13,19.328569
1.0,25,19.337739
1.0,32,19.349426
0.0,46,19.366192
0.0,6,19.368418
1.0,28,19.378455
1.0,31,19.389847
0.0,40,19.404197
1.0,13,19.408835
1.0,28,19.418742
1.0,30,19.429493
0.0,17,19.435635
1.0,11,19.439572
0.0,24,19.448171
1.0,29,19.458518
1.0,60,19.480117
1.0,12,19.484379
0.0,15,19.48961
1.0,34,19.50179
0.0,41,19.516331
1.0,11,19.520247
1.0,23,19.528416
1.0,29,19.538778
1.0,57,19.559168
1.0,13,19.563826
1.0,24,19.572337
1.0,32,19.583735
0.0,6,19.585902
0.0,2,19.586629
1.0,23,19.594789
1.0,30,19.605513
1.0,53,19.624502
0.0,9,19.62776
1.0,24,19.636179
1.0,37,19.649178
1.0,51,19.66741
1.0,12,19.671595
1.0,27,19.681162
1.0,29,19.691517
1.0,58,19.712867
1.0,11,19.716791
1.0,23,19.72528
1.0,29,19.735738
0.0,8,19.738616
0.0,6,19.740777
1.0,30,19.751432
1.0,39,19.765182
1.0,57,19.785738
1.0,11,19.789654
1.0,23,19.797807
1.0,29,19.808238
1.0,52,19.826742
1.0,11,19.830661
1.0,27,19.840263
0.0,13,19.844982
0.0,11,19.848965
1.0,11,19.852884
1.0,23,19.861024
1.0,31,19.872045
1.0,60,19.893392
1.0,12,19.897588
1.0,25,19.906545
1.0,33,19.918295
0.0,17,19.924528
1.0,18,19.930893
1.0,27,19.940465
1.0,31,19.951395
1.0,59,19.972521
1.0,14,19.977496
1.0,29,19.987837
0.0,2,19.988575
0.0,19,19.995533
1.0,11,19.99946
1.0,25,20.008518
1.0,31,20.019517
1.0,62,20.041658
1.0,11,20.045583
1.0,32,20.056969
0.0,28,20.06737
1.0,52,20.086456
1.0,12,20.090907
1.0,25,20.099873
1.0,29,20.110344
1.0,55,20.129976
1.0,14,20.134939
1.0,25,20.143788
0.0,4,20.145228
1.0,55,20.165147
1.0,11,20.169071
1.0,28,20.179037
1.0,29,20.191158
1.0,58,20.21278
1.0,14,20.217968
1.0,28,20.228422
1.0,32,20.241126
0.0,9,20.24482
1.0,11,20.249135
1.0,24,20.26048
0.0,28,20.270729
1.0,56,20.291282
1.0,12,20.295739
1.0,29,20.306428
1.0,31,20.317947
1.0,56,20.338671
1.0,15,20.345073
1.0,23,20.353879
1.0,33,20.366088
1.0,53,20.385785
1.0,11,20.38987
1.0,25,20.399091
1.0,31,20.410439
0.0,33,20.422424
1.0,11,20.42655
1.0,25,20.43556
0.0,26,20.444911
1.0,57,20.465968
1.0,15,20.471538
1.0,25,20.480613
1.0,33,20.492705
1.0,68,20.517282
1.0,11,20.521254
0.0,20,20.528421
1.0,34,20.540591
1.0,58,20.56133
1.0,12,20.565746
1.0,25,20.574661
0.0,2,20.575399
0.0,27,20.585169
1.0,11,20.589086
1.0,28,20.599135
1.0,30,20.609904
1.0,58,20.630659
1.0,11,20.634587
1.0,26,20.643908
1.0,44,20.659489
0.0,30,20.670251
1.0,11,20.674177
1.0,24,20.68282
1.0,32,20.694231
0.0,12,20.698528
1.0,11,20.702446
0.0,14,20.707469
1.0,31,20.718485
0.0,20,20.725582
1.0,12,20.729858
1.0,29,20.740214
1.0,33,20.752151
1.0,56,20.77223
1.0,11,20.776159
0.0,20,20.78398
1.0,30,20.795052
0.0,20,20.802393
1.0,11,20.806325
0.0,15,20.811867
1.0,31,20.82317
1.0,57,20.843499
1.0,11,20.847427
1.0,30,20.858043
1.0,31,20.869035
0.0,14,20.874141
1.0,15,20.879493
1.0,25,20.888339
0.0,24,20.896867
1.0,59,20.918071
1.0,11,20.922199
0.0,6,20.924494
1.0,30,20.935167
0.0,8,20.937994
1.0,11,20.94203
1.0,25,20.950902
1.0,33,20.962686
1.0,54,20.982038
1.0,11,20.985935
1.0,29,20.996181
0.0,25,21.005141
1.0,70,21.030189
0.0,7,21.032765
1.0,23,21.040971
1.0,29,21.051311
0.0,19,21.058123
1.0,11,21.062052
1.0,28,21.071995
1.0,33,21.083727
0.0,6,21.085883
1.0,13,21.090473
1.0,35,21.102952
0.0,19,21.109717
1.0,59,21.130769
1.0,14,21.135762
0.0,6,21.137923
0.0,27,21.147908
1.0,50,21.166125
1.0,11,21.170154
0.0,23,21.17872
1.0,37,21.191957
1.0,63,21.214596
1.0,11,21.218526
1.0,27,21.228147
1.0,32,21.239547
1.0,56,21.259712
1.0,11,21.263642
1.0,34,21.275664
0.0,25,21.284674
0.0,38,21.298301
1.0,15,21.30363
1.0,25,21.312475
0.0,19,21.319399
1.0,53,21.338278
1.0,13,21.342917
1.0,25,21.351778
1.0,31,21.362911
1.0,53,21.382056
1.0,13,21.386701
1.0,25,21.395807
1.0,32,21.40807
1.0,50,21.427486
1.0,11,21.432071
1.0,23,21.440497
1.0,29,21.452094
0.0,22,21.460284
1.0,11,21.464396
1.0,27,21.475147
1.0,29,21.485801
0.0,37,21.499553
0.0,13,21.504384
1.0,28,21.51478
0.0,11,21.518942
1.0,53,21.538898
1.0,11,21.542983
1.0,23,21.551455
1.0,33,21.563512
1.0,51,21.582263
1.0,11,21.586334
1.0,27,21.596149
1.0,30,21.607175
1.0,59,21.628785
1.0,13,21.633566
0.0,19,21.640397
0.0,7,21.643008
0.0,30,21.653921
1.0,11,21.657949
1.0,23,21.666279
1.0,33,21.678106
1.0,52,21.697161
1.0,14,21.702152
1.0,26,21.711492
0.0,21,21.719156
0.0,8,21.722049
1.0,11,21.726008
1.0,24,21.734705
1.0,32,21.746336
1.0,58,21.767458
1.0,11,21.771515
1.0,28,21.781581
1.0,34,21.793837
1.0,58,21.815003
1.0,13,21.819737
1.0,23,21.827982
1.0,33,21.839821
1.0,52,21.858624
1.0,13,21.863325
1.0,29,21.873942
1.0,35,21.886883
0.0,16,21.892693
1.0,13,21.8974
1.0,29,21.907926
1.0,35,21.920692
1.0,54,21.940348
0.0,9,21.943651
1.0,23,21.951902
1.0,36,21.964938
0.0,7,21.967537
1.0,11,21.971544
1.0,26,21.980851
1.0,31,21.992093
0.0,41,22.00849
1.0,13,22.013477
0.0,17,22.019999
1.0,34,22.033536
1.0,56,22.05651
1.0,11,22.060849
1.0,23,22.069941
1.0,34,22.082916
0.0,32,22.095231
1.0,11,22.099509
1.0,27,22.10994
0.0,27,22.120961
1.0,51,22.140983
1.0,15,22.147153
1.0,24,22.156301
1.0,32,22.168802
0.0,36,22.183058
0.0,4,22.184553
1.0,23,22.193406
1.0,31,22.205593
1.0,51,22.224708
1.0,13,22.229569
1.0,29,22.240253
1.0,33,22.252496
0.0,23,22.26123
0.0,6,22.263511
1.0,27,22.273617
1.0,31,22.285202
0.0,37,22.299056
1.0,13,22.303925
1.0,23,22.312379
1.0,29,22.322981
0.0,17,22.329208
1.0,11,22.333551
1.0,23,22.341984
1.0,29,22.353043
1.0,52,22.372488
1.0,12,22.376965
1.0,31,22.38804
1.0,33,22.399873
0.0,27,22.411861
1.0,13,22.41692
1.0,25,22.425987
1.0,29,22.436611
1.0,60,22.458417
1.0,11,22.462423
1.0,30,22.473297
1.0,30,22.484224
1.0,53,22.503388
0.0,11,22.507363
1.0,24,22.515784
1.0,36,22.528691
0.0,8,22.531602
0.0,13,22.536258
1.0,23,22.544925
0.0,25,22.553995
1.0,57,22.574546
1.0,13,22.579215
0.0,18,22.585667
1.0,37,22.598812
0.0,22,22.606673
1.0,15,22.612002
1.0,26,22.621432
0.0,4,22.622969
1.0,55,22.642985
1.0,11,22.647028
0.0,21,22.654763
1.0,33,22.666568
1.0,54,22.685938
1.0,11,22.689939
1.0,25,22.698928
1.0,34,22.710979
1.0,59,22.732352
1.0,12,22.73667
1.0,25,22.745615
1.0,33,22.757434
0.0,4,22.758897
1.0,12,22.76321
1.0,25,22.772078
1.0,32,22.783459
1.0,55,22.803057
1.0,11,22.807008
1.0,24,22.815629
0.0,30,22.826301
1.0,53,22.845329
0.0,2,22.846062
1.0,23,22.854283
1.0,32,22.865689
1.0,53,22.884945
1.0,14,22.889913
1.0,23,22.898075
0.0,8,22.900951
1.0,63,22.923314
1.0,11,22.927267
1.0,32,22.938522
1.0,37,22.951743
1.0,66,22.975219
1.0,12,22.97949
1.0,26,22.989136
1.0,31,23.000488
1.0,57,23.021336
1.0,11,23.025262
1.0,26,23.034447
0.0,6,23.03662
1.0,52,23.055173
1.0,12,23.059484
1.0,24,23.068073
0.0,17,23.074047
1.0,56,23.094226
1.0,13,23.098902
1.0,29,23.10921
0.0,2,23.109945
1.0,54,23.129186
1.0,15,23.134549
1.0,30,23.145183
1.0,40,23.159409
1.0,61,23.181136
1.0,13,23.185775
1.0,27,23.195406
0.0,11,23.199368
1.0,56,23.219465
1.0,13,23.224169
1.0,23,23.232424
0.0,20,23.239538
1.0,52,23.258224
1.0,11,23.262169
0.0,4,23.263614
1.0,30,23.274277
1.0,57,23.294583
1.0,11,23.298521
1.0,25,23.307483
1.0,35,23.320166
1.0,53,23.339381
1.0,11,23.343342
1.0,23,23.352105
1.0,30,23.363297
1.0,55,23.383523
0.0,9,23.386789
1.0,27,23.396512
0.0,21,23.404078
0.0,13,23.408686
1.0,13,23.413315
1.0,31,23.42429
1.0,31,23.435378
0.0,11,23.439343
1.0,11,23.443274
0.0,20,23.450462
1.0,36,23.46333
1.0,55,23.483102
1.0,19,23.489799
1.0,29,23.500179
0.0,6,23.502317
0.0,13,23.507002
1.0,11,23.510953
1.0,24,23.519475
1.0,34,23.531717
0.0,29,23.542081
1.0,11,23.546013
1.0,25,23.554932
1.0,36,23.567739
0.0,27,23.57735
1.0,12,23.58162
0.0,18,23.588128
1.0,32,23.599587
1.0,57,23.619818
1.0,12,23.624161
1.0,27,23.633651
1.0,32,23.645084
1.0,54,23.664323
0.0,6,23.666481
0.0,22,23.674212
1.0,34,23.686272
0.0,6,23.688448
1.0,11,23.692364
1.0,27,23.702141
1.0,34,23.714478
0.0,30,23.725332
1.0,11,23.729265
1.0,25,23.738375
1.0,35,23.750964
1.0,62,23.773002
1.0,11,23.776969
1.0,24,23.785667
0.0,14,23.790703
1.0,51,23.808998
1.0,14,23.813847
0.0,18,23.820271
0.0,19,23.827038
0.0,14,23.832064
1.0,11,23.835994
1.0,27,23.845602
1.0,34,23.857662
1.0,59,23.878759
1.0,14,23.883762
1.0,23,23.89207
1.0,32,23.903517
0.0,6,23.905701
1.0,11,23.909647
1.0,25,23.918701
1.0,33,23.930582
0.0,40,23.94501
1.0,11,23.948933
1.0,25,23.95792
0.0,29,23.968375
1.0,61,23.989995
1.0,11,23.99391
1.0,27,24.003541
1.0,32,24.014922
1.0,55,24.034462
1.0,15,24.03984
1.0,26,24.04911
0.0,32,24.060749
0.0,6,24.062932
1.0,14,24.067913
1.0,23,24.076229
1.0,32,24.08786
1.0,60,24.109527
1.0,11,24.113446
1.0,32,24.124748
1.0,33,24.1365
0.0,11,24.140461
1.0,11,24.144383
1.0,25,24.153238
1.0,32,24.16463
0.0,38,24.178188
1.0,11,24.182091
1.0,32,24.19363
0.0,20,24.200844
0.0,47,24.217756
1.0,11,24.221698
1.0,24,24.230302
0.0,6,24.232481
1.0,54,24.251824
1.0,11,24.255754
1.0,28,24.265786
1.0,37,24.278959
1.0,56,24.29905
1.0,11,24.303014
1.0,29,24.313328
1.0,33,24.324996
1.0,51,24.343256
1.0,13,24.347875
1.0,23,24.356266
0.0,18,24.362657
0.0,11,24.366609
1.0,15,24.371938
1.0,29,24.382444
1.0,30,24.393172
0.0,42,24.408074
1.0,11,24.41201
1.0,27,24.421939
1.0,30,24.432837
1.0,57,24.453437
1.0,13,24.458184
1.0,25,24.467123
1.0,35,24.479558
1.0,54,24.49886
0.0,6,24.501022
1.0,25,24.510205
1.0,32,24.521797
0.0,21,24.529431
1.0,11,24.533409
1.0,25,24.542247
1.0,30,24.553024
1.0,59,24.574703
1.0,13,24.579272
1.0,24,24.587916
1.0,33,24.599714
1.0,54,24.619116
0.0,4,24.620572
1.0,26,24.629814
1.0,33,24.641596
1.0,59,24.662687
1.0,11,24.666583
1.0,26,24.675862
1.0,30,24.686744
0.0,40,24.701035
1.0,11,24.704951
1.0,28,24.714894
0.0,8,24.717776
0.0,6,24.719985
1.0,13,24.724715
0.0,12,24.72904
1.0,31,24.740004
1.0,66,24.763562
1.0,14,24.768467
1.0,25,24.777719
1.0,36,24.790733
1.0,51,24.809206
1.0,11,24.813239
1.0,23,24.821486
1.0,32,24.832997
0.0,36,24.845909
1.0,13,24.850532
0.0,20,24.857627
1.0,34,24.869671
0.0,10,24.873293
1.0,17,24.879469
1.0,27,24.889014
0.0,12,24.893321
1.0,53,24.912241
1.0,11,24.916166
1.0,27,24.925759
1.0,30,24.936457
1.0,56,24.956503
1.0,11,24.960464
1.0,23,24.968678
1.0,34,24.980849
1.0,54,25.0002
1.0,13,25.004833
1.0,25,25.013661
1.0,30,25.024387
1.0,56,25.044381
1.0,11,25.048321
0.0,20,25.055515
1.0,35,25.068085
1.0,56,25.087996
1.0,11,25.09191
1.0,26,25.10126
1.0,30,25.111939
0.0,21,25.119658
1.0,11,25.123584
1.0,28,25.13391
1.0,35,25.14646
1.0,50,25.164595
0.0,7,25.167176
1.0,25,25.176087
1.0,36,25.189077
1.0,53,25.208021
0.0,8,25.210971
1.0,29,25.22119
1.0,33,25.232892
1.0,56,25.252976
1.0,15,25.258291
1.0,25,25.267224
1.0,32,25.278606
1.0,67,25.302578
1.0,11,25.306511
1.0,23,25.314746
0.0,28,25.324741
1.0,54,25.344079
0.0,8,25.346969
1.0,27,25.356606
1.0,37,25.369813
1.0,57,25.390234
1.0,13,25.394863
1.0,26,25.404062
1.0,33,25.415781
0.0,40,25.430204
1.0,15,25.43553
1.0,28,25.445545
1.0,43,25.460767
0.0,16,25.466478
1.0,12,25.470681
1.0,25,25.479631
1.0,32,25.49123
0.0,35,25.503995
1.0,11,25.507961
0.0,19,25.514734
1.0,33,25.526855
0.0,41,25.541514
1.0,11,25.545512
1.0,23,25.553679
1.0,35,25.566132
1.0,59,25.587158
0.0,9,25.590424
1.0,23,25.598546
1.0,25,25.607502
1.0,55,25.627202
1.0,11,25.63113
1.0,30,25.641703
0.0,12,25.646004
1.0,56,25.666132
1.0,11,25.670066
1.0,27,25.679596
1.0,43,25.694851
1.0,58,25.715604
1.0,14,25.720776
1.0,27,25.730366
0.0,16,25.736128
0.0,13,25.740855
1.0,18,25.747214
1.0,23,25.755428
0.0,18,25.761902
1.0,69,25.78634
1.0,11,25.790272
0.0,12,25.794559
0.0,17,25.800624
0.0,45,25.816681
1.0,11,25.820599
1.0,31,25.831505
0.0,9,25.83474
0.0,30,25.845462
1.0,13,25.850322
1.0,24,25.858994
1.0,36,25.871755
1.0,63,25.894817
0.0,9,25.898072
1.0,25,25.906951
1.0,34,25.919041
0.0,37,25.932389
1.0,11,25.936325
1.0,24,25.944823
0.0,16,25.950571
0.0,10,25.954174
1.0,13,25.958857
1.0,25,25.967804
0.0,8,25.970696
1.0,56,25.990708
1.0,11,25.994677
0.0,4,25.996119
1.0,31,26.007235
1.0,65,26.030583
1.0,12,26.034927
1.0,27,26.044623
0.0,28,26.054633
0.0,8,26.057519
1.0,13,26.062148
1.0,23,26.070312
1.0,34,26.082498
1.0,62,26.104613
1.0,13,26.10923
1.0,25,26.118119
0.0,2,26.118861
1.0,65,26.142016
1.0,13,26.146622
1.0,26,26.155857
1.0,40,26.17007
1.0,55,26.189726
1.0,11,26.193764
1.0,28,26.203732
1.0,32,26.215427
0.0,13,26.220323
1.0,11,26.224345
0.0,12,26.228653
0.0,4,26.23009
0.0,17,26.236229
1.0,12,26.240653
1.0,28,26.250849
1.0,32,26.26227
1.0,56,26.282297
1.0,13,26.286998
1.0,24,26.295542
1.0,35,26.308116
0.0,4,26.309563
1.0,13,26.314178
1.0,28,26.324216
1.0,31,26.335544
0.0,43,26.350984
1.0,11,26.354909
1.0,30,26.365604
1.0,39,26.379466
0.0,11,26.383466
1.0,12,26.387732
1.0,24,26.396289
1.0,34,26.408422
0.0,4,26.409871
1.0,11,26.413788
1.0,27,26.423331
1.0,36,26.436134
0.0,19,26.442947
1.0,11,26.446868
1.0,25,26.45572
1.0,38,26.46932
1.0,58,26.490218
0.0,7,26.492742
1.0,26,26.501979
1.0,33,26.513716
1.0,56,26.533721
0.0,6,26.535924
1.0,27,26.545603
1.0,29,26.555773
0.0,10,26.559354
1.0,11,26.563289
1.0,25,26.57241
1.0,33,26.584396
1.0,56,26.604814
1.0,11,26.608777
0.0,14,26.613794
1.0,31,26.62481
1.0,59,26.645729
1.0,11,26.649706
0.0,8,26.652613
1.0,30,26.663256
1.0,54,26.682564
1.0,12,26.686858
1.0,31,26.697987
0.0,18,26.704445
1.0,62,26.726539
1.0,11,26.73056
0.0,17,26.736675
0.0,14,26.7417
0.0,30,26.752439
1.0,11,26.756368
0.0,17,26.762554
1.0,33,26.774318
1.0,52,26.792922
1.0,15,26.798243
1.0,26,26.807561
0.0,13,26.812213
0.0,23,26.820412
1.0,11,26.82434
1.0,27,26.833869
1.0,37,26.84705
0.0,6,26.849214
1.0,11,26.853136
1.0,23,26.861379
0.0,19,26.868218
1.0,58,26.889017
1.0,13,26.89365
0.0,12,26.897996
1.0,36,26.910811
1.0,57,26.931683
1.0,11,26.935657
1.0,28,26.945709
0.0,26,26.95521
1.0,51,26.973925
1.0,14,26.978895
1.0,29,26.989167
1.0,36,27.001903
1.0,57,27.022329
1.0,12,27.026642
1.0,24,27.035213
0.0,12,27.039524
1.0,54,27.058883
1.0,13,27.06354
0.0,8,27.066397
1.0,36,27.079166
0.0,33,27.091049
1.0,13,27.095684
1.0,25,27.104678
1.0,30,27.115382
1.0,51,27.133643
1.0,11,27.137611
1.0,25,27.14645
1.0,30,27.157148
0.0,36,27.170031
1.0,11,27.173959
1.0,27,27.183726
1.0,34,27.195801
0.0,37,27.209014
1.0,11,27.21298
1.0,23,27.221157
1.0,30,27.231894
1.0,55,27.251495
1.0,11,27.255416
1.0,23,27.263604
0.0,16,27.269346
1.0,53,27.288637
1.0,11,27.292721
1.0,25,27.301677
0.0,25,27.310596
1.0,53,27.329758
1.0,11,27.333716
1.0,27,27.343313
0.0,5,27.345151
1.0,59,27.366648
0.0,7,27.36923
0.0,12,27.373565
0.0,21,27.381133
1.0,57,27.401378
1.0,11,27.405373
1.0,23,27.413537
0.0,21,27.421039
1.0,56,27.441058
1.0,11,27.444963
1.0,24,27.453489
0.0,25,27.462462
0.0,8,27.465354
1.0,11,27.469278
0.0,10,27.472885
1.0,31,27.483969
1.0,53,27.502917
1.0,13,27.507567
1.0,25,27.516654
1.0,34,27.529111
1.0,55,27.548907
1.0,11,27.552905
1.0,29,27.563223
1.0,35,27.575669
1.0,56,27.595715
1.0,11,27.599751
0.0,12,27.604049
1.0,29,27.614365
0.0,27,27.62409
1.0,16,27.629809
1.0,25,27.63874
1.0,29,27.649403
0.0,9,27.652687
1.0,11,27.656609
1.0,26,27.66627
0.0,2,27.667059
0.0,8,27.66997
0.0,2,27.670702
0.0,17,27.676766
0.0,12,27.681102
0.0,19,27.688137
1.0,11,27.692069
1.0,25,27.701005
1.0,36,27.713793
0.0,13,27.718465
1.0,14,27.723454
1.0,25,27.732507
1.0,33,27.744294
0.0,17,27.750363
1.0,12,27.754659
1.0,25,27.763732
0.0,12,27.76804
0.0,23,27.776313
1.0,13,27.78097
1.0,25,27.789797
1.0,36,27.802593
1.0,56,27.822627
1.0,11,27.826538
1.0,23,27.834696
0.0,16,27.840424
0.0,12,27.844714
0.0,13,27.849355
0.0,16,27.855007
1.0,35,27.867473
1.0,62,27.889711
0.0,9,27.892995
1.0,25,27.901885
1.0,34,27.913943
1.0,68,27.937983
1.0,12,27.942228
1.0,23,27.95045
1.0,32,27.961918
1.0,57,27.982381
1.0,12,27.986641
0.0,14,27.991592
0.0,6,27.993753
1.0,52,28.012947
1.0,12,28.017234
1.0,27,28.026828
1.0,30,28.037706
1.0,63,28.06014
1.0,13,28.064759
0.0,6,28.066941
1.0,38,28.080431
0.0,47,28.097258
1.0,11,28.101192
1.0,24,28.109564
0.0,25,28.118433
1.0,55,28.138326
0.0,7,28.140829
1.0,27,28.150407
1.0,33,28.1622
0.0,40,28.176483
1.0,12,28.180651
1.0,28,28.190496
1.0,32,28.201908
1.0,59,28.222919
1.0,13,28.22749
0.0,18,28.233948
1.0,34,28.246115
0.0,23,28.254273
1.0,14,28.259274
1.0,28,28.269269
1.0,30,28.279993
0.0,21,28.287449
1.0,15,28.292773
1.0,23,28.300888
1.0,34,28.313054
1.0,56,28.332948
1.0,11,28.336883
1.0,25,28.345707
1.0,31,28.357052
1.0,59,28.378309
0.0,2,28.379047
1.0,23,28.387384
1.0,34,28.399689
0.0,11,28.403689
1.0,11,28.407626
1.0,23,28.415772
1.0,35,28.428281
0.0,32,28.439695
1.0,11,28.443627
1.0,34,28.455665
1.0,31,28.466745
0.0,19,28.473584
1.0,11,28.477502
1.0,25,28.486402
1.0,31,28.497422
1.0,57,28.517747
1.0,12,28.52208
1.0,25,28.530917
0.0,24,28.53957
1.0,59,28.560452
1.0,11,28.564366
0.0,12,28.568668
1.0,30,28.579363
1.0,57,28.599638
1.0,12,28.603847
1.0,26,28.612897
1.0,35,28.625257
1.0,53,28.644168
1.0,11,28.648083
1.0,32,28.659393
1.0,38,28.672854
0.0,33,28.684669
1.0,12,28.688964
1.0,25,28.698021
1.0,37,28.711125
1.0,56,28.731532
1.0,11,28.735473
1.0,26,28.744871
0.0,34,28.757153
0.0,6,28.759294
1.0,15,28.764691
0.0,8,28.767556
0.0,27,28.7773
1.0,53,28.796172
1.0,11,28.800108
1.0,28,28.81001
0.0,10,28.813589
0.0,33,28.825411
1.0,11,28.829329
1.0,26,28.83861
1.0,34,28.850733
0.0,37,28.863912
1.0,11,28.867841
0.0,5,28.869629
1.0,33,28.881527
1.0,55,28.901237
1.0,11,28.905285
1.0,24,28.913967
1.0,32,28.925312
0.0,35,28.937793
1.0,12,28.942073
1.0,26,28.95138
0.0,22,28.959187
1.0,64,28.982031
1.0,12,28.986291
1.0,26,28.995558
0.0,13,29.000314
0.0,36,29.013405
1.0,11,29.017344
1.0,25,29.026198
1.0,31,29.037359
1.0,61,29.059053
1.0,12,29.063319
1.0,25,29.07267
1.0,38,29.086515
1.0,50,29.104901
0.0,8,29.107818
1.0,28,29.117736
0.0,17,29.12381
1.0,57,29.144373
1.0,13,29.148981
1.0,23,29.157215
0.0,8,29.160088
1.0,54,29.179293
0.0,6,29.181465
1.0,23,29.189687
1.0,30,29.20067
1.0,56,29.221041
1.0,13,29.225666
1.0,28,29.235703
1.0,30,29.246382
0.0,19,29.253228
0.0,4,29.254737
0.0,12,29.259061
1.0,30,29.269707
1.0,56,29.289583
0.0,10,29.293221
0.0,4,29.29468
1.0,33,29.306432
1.0,55,29.325906
1.0,13,29.33056
1.0,25,29.339384
1.0,31,29.350531
1.0,56,29.3705
1.0,11,29.374427
1.0,25,29.383315
0.0,29,29.393625
1.0,56,29.413608
1.0,11,29.417501
1.0,25,29.42634
1.0,33,29.438184
0.0,14,29.443454
1.0,11,29.447422
0.0,18,29.45378
0.0,29,29.464535
0.0,34,29.476722
1.0,11,29.480672
1.0,24,29.489254
1.0,38,29.502825
0.0,44,29.518538
0.0,11,29.52247
1.0,26,29.531672
0.0,17,29.537692
0.0,6,29.539836
1.0,11,29.543743
1.0,23,29.551972
1.0,31,29.563029
1.0,54,29.582348
1.0,13,29.586983
1.0,25,29.595944
1.0,32,29.607319
1.0,50,29.625187
1.0,12,29.629448
1.0,26,29.63877
1.0,30,29.64945
1.0,60,29.671055
1.0,12,29.675327
1.0,31,29.686559
1.0,33,29.698387
0.0,21,29.705914
1.0,15,29.711287
1.0,25,29.720188
0.0,9,29.723451
1.0,66,29.747104
0.0,9,29.750367
1.0,25,29.759326
1.0,33,29.771024
0.0,28,29.78099
1.0,13,29.785656
1.0,27,29.795583
1.0,32,29.807162
1.0,59,29.828425
1.0,12,29.832714
0.0,4,29.834172
0.0,7,29.836689
0.0,9,29.839967
1.0,15,29.845284
1.0,30,29.855987
1.0,34,29.868158
1.0,56,29.888185
1.0,11,29.892112
1.0,23,29.900376
0.0,7,29.902909
0.0,32,29.914383
1.0,15,29.919591
1.0,26,29.928904
1.0,37,29.94216
0.0,13,29.946834
1.0,11,29.950717
1.0,26,29.960051
1.0,32,29.971349
0.0,26,29.980788
1.0,12,29.985046
1.0,23,29.993241
1.0,36,30.005946
1.0,52,30.024717
1.0,13,30.029395
1.0,31,30.040572
1.0,31,30.051651
0.0,27,30.061301
1.0,13,30.065859
0.0,8,30.068748
1.0,36,30.081496
0.0,11,30.085499
1.0,11,30.089425
1.0,27,30.099101
1.0,32,30.11047
1.0,53,30.129488
1.0,13,30.134115
1.0,24,30.142682
1.0,29,30.153215
1.0,57,30.173735
0.0,6,30.175905
1.0,31,30.187016
1.0,30,30.197771
0.0,46,30.214224
1.0,13,30.218833
1.0,25,30.22765
1.0,33,30.239484
1.0,57,30.259672
1.0,12,30.263947
1.0,25,30.272808
1.0,30,30.283489
0.0,8,30.286547
1.0,11,30.290467
1.0,23,30.298768
1.0,32,30.310184
1.0,55,30.329763
1.0,11,30.333668
1.0,23,30.341797
1.0,29,30.35217
1.0,58,30.372868
0.0,11,30.376894
1.0,25,30.385717
1.0,41,30.400315
1.0,56,30.4204
1.0,11,30.424308
0.0,4,30.425789
1.0,38,30.439292
1.0,56,30.459231
1.0,12,30.463466
1.0,27,30.473102
1.0,40,30.487249
0.0,11,30.491209
1.0,11,30.495129
1.0,27,30.504944
1.0,30,30.515933
0.0,7,30.518443
1.0,12,30.522802
1.0,30,30.533672
1.0,31,30.544937
1.0,56,30.565394
1.0,14,30.570377
1.0,26,30.579681
1.0,32,30.591161
1.0,52,30.609861
0.0,9,30.613107
1.0,29,30.623476
0.0,9,30.626752
1.0,58,30.647399
1.0,11,30.651328
0.0,19,30.658131
1.0,34,30.670166
1.0,52,30.688773
0.0,7,30.691331
1.0,25,30.70026
1.0,39,30.714067
1.0,58,30.734814
1.0,12,30.739009
1.0,25,30.747858
1.0,33,30.759613
0.0,14,30.764646
0.0,4,30.766135
1.0,29,30.776377
1.0,29,30.786646
1.0,58,30.807358
1.0,11,30.81127
1.0,25,30.82021
1.0,31,30.831266
1.0,51,30.849471
1.0,13,30.854086
0.0,10,30.857646
0.0,9,30.861203
0.0,35,30.873969
1.0,15,30.879664
1.0,27,30.889368
1.0,31,30.900645
1.0,54,30.919969
1.0,11,30.923875
1.0,24,30.932457
1.0,31,30.943481
1.0,59,30.964609
1.0,11,30.968529
1.0,23,30.976639
0.0,6,30.978811
0.0,9,30.982061
1.0,11,30.985986
1.0,27,30.995642
0.0,2,30.996377
0.0,42,31.011313
1.0,16,31.017037
1.0,25,31.025872
1.0,34,31.037996
1.0,58,31.058664
1.0,13,31.063291
0.0,4,31.064738
1.0,35,31.077129
0.0,9,31.080395
1.0,13,31.085031
1.0,23,31.093248
1.0,34,31.105312
0.0,29,31.115739
1.0,13,31.120374
0.0,8,31.123275
0.0,8,31.126138
1.0,56,31.146161
1.0,11,31.150085
1.0,25,31.159043
1.0,30,31.169689
1.0,56,31.189747
1.0,13,31.194498
1.0,26,31.203795
0.0,20,31.21095
0.0,23,31.21935
1.0,12,31.223625
1.0,23,31.232019
0.0,27,31.241632
1.0,52,31.260658
1.0,11,31.264603
1.0,27,31.274214
0.0,21,31.281733
1.0,62,31.303876
1.0,13,31.308494
1.0,23,31.316724
1.0,31,31.327753
0.0,6,31.329929
1.0,11,31.333899
1.0,23,31.342147
1.0,38,31.355701
1.0,56,31.375744
1.0,11,31.379729
1.0,28,31.389648
1.0,32,31.401065
1.0,63,31.42371
1.0,11,31.427655
1.0,23,31.435804
1.0,32,31.447208
1.0,54,31.466607
1.0,11,31.470526
1.0,23,31.478735
0.0,29,31.489363
1.0,58,31.510186
1.0,13,31.514837
1.0,23,31.523044
1.0,35,31.535657
0.0,17,31.541678
1.0,11,31.545603
1.0,23,31.553771
1.0,37,31.566974
0.0,6,31.569138
0.0,9,31.572353
1.0,29,31.58286
1.0,34,31.594991
1.0,57,31.615857
1.0,11,31.619882
1.0,28,31.62988
1.0,37,31.643084
0.0,6,31.645238
1.0,12,31.649494
1.0,31,31.660556
1.0,35,31.673094
1.0,59,31.69405
1.0,11,31.697988
1.0,23,31.706212
1.0,33,31.718006
0.0,9,31.721277
1.0,11,31.725215
0.0,18,31.731673
1.0,30,31.742362
1.0,55,31.762103
1.0,13,31.766561
1.0,25,31.775495
1.0,33,31.787287
0.0,46,31.803725
1.0,13,31.808373
0.0,19,31.815267
1.0,30,31.82602
1.0,55,31.845692
1.0,11,31.849632
0.0,19,31.856462
0.0,18,31.862959
1.0,59,31.884128
1.0,12,31.888403
1.0,25,31.897285
1.0,36,31.91011
1.0,59,31.931194
1.0,11,31.935135
1.0,24,31.943941
1.0,34,31.956209
0.0,19,31.963109
1.0,11,31.967061
1.0,26,31.976479
0.0,6,31.978698
1.0,58,31.999543
0.0,10,32.003142
1.0,26,32.012473
1.0,31,32.023653
0.0,19,32.030517
1.0,11,32.034461
0.0,17,32.040579
1.0,29,32.050998
1.0,56,32.071078
1.0,15,32.076423
1.0,29,32.086714
1.0,30,32.097811
1.0,51,32.115981
1.0,11,32.119936
1.0,24,32.128559
1.0,36,32.141158
1.0,57,32.161475
1.0,13,32.166067
0.0,6,32.168249
0.0,6,32.170421
1.0,58,32.19119
1.0,17,32.197072
1.0,25,32.205979
0.0,15,32.21136
1.0,54,32.230651
1.0,11,32.234627
1.0,24,32.24324
1.0,33,32.25497
1.0,60,32.276404
1.0,14,32.281402
1.0,27,32.29098
1.0,33,32.302855
0.0,15,32.308564
1.0,15,32.313932
0.0,19,32.320832
1.0,33,32.332796
1.0,61,32.355105
1.0,16,32.360735
1.0,25,32.369852
1.0,33,32.38155
0.0,37,32.394714
1.0,11,32.398625
1.0,23,32.406799
1.0,32,32.418221
1.0,52,32.436899
1.0,11,32.440814
1.0,23,32.448944
1.0,31,32.459969
0.0,27,32.469657
1.0,14,32.474625
0.0,20,32.48174
1.0,30,32.49295
0.0,9,32.496212
1.0,13,32.500842
1.0,27,32.510521
0.0,8,32.513369
0.0,17,32.519553
0.0,7,32.522092
1.0,23,32.530317
0.0,9,32.533572
0.0,13,32.538189
1.0,11,32.54214
1.0,29,32.552508
0.0,4,32.553952
1.0,56,32.573901
0.0,9,32.577156
0.0,16,32.582882
1.0,38,32.596331
1.0,60,32.617843
1.0,11,32.621779
1.0,26,32.63107
0.0,7,32.633596
1.0,60,32.655439
1.0,11,32.659376
1.0,23,32.667801
1.0,30,32.678472
0.0,42,32.694422
0.0,8,32.697387
1.0,29,32.707632
1.0,37,32.720681
0.0,32,32.732541
1.0,14,32.737514
1.0,27,32.747117
1.0,36,32.759888
1.0,57,32.780525
1.0,13,32.785156
1.0,26,32.79437
0.0,4,32.795827
1.0,53,32.814857
1.0,14,32.819839
1.0,27,32.829436
1.0,36,32.842176
0.0,8,32.845093
1.0,13,32.849681
1.0,27,32.859301
1.0,32,32.870706
1.0,58,32.891544
1.0,11,32.896159
1.0,27,32.905812
1.0,33,32.917562
1.0,54,32.936787
1.0,12,32.941057
1.0,25,32.9499
1.0,31,32.961061
1.0,53,32.979882
1.0,11,32.983821
1.0,27,32.993409
1.0,34,33.005741
1.0,56,33.02621
1.0,11,33.03013
1.0,24,33.038889
1.0,32,33.050354
1.0,58,33.0714
1.0,11,33.075334
0.0,11,33.079292
1.0,37,33.092444
1.0,56,33.112484
0.0,2,33.113218
1.0,28,33.123088
1.0,31,33.134089
0.0,29,33.144431
1.0,11,33.148427
1.0,29,33.158803
0.0,10,33.162413
1.0,63,33.184937
1.0,12,33.189214
1.0,25,33.198086
0.0,6,33.200245
1.0,59,33.221248
1.0,11,33.225276
1.0,25,33.23412
1.0,32,33.245586
1.0,56,33.265681
0.0,9,33.268935
1.0,26,33.278128
1.0,31,33.289419
1.0,55,33.309129
0.0,10,33.31274
1.0,25,33.321649
1.0,31,33.332706
1.0,56,33.352691
1.0,16,33.358362
1.0,26,33.367637
1.0,34,33.380042
1.0,50,33.398197
1.0,11,33.402166
1.0,31,33.413244
1.0,36,33.426216
1.0,61,33.448089
1.0,11,33.452058
1.0,23,33.460164
0.0,28,33.470212
1.0,61,33.491947
0.0,6,33.494123
1.0,26,33.503344
1.0,31,33.514395
1.0,54,33.534062
1.0,11,33.538013
1.0,28,33.548037
1.0,31,33.559087
1.0,54,33.578384
1.0,11,33.582301
1.0,26,33.591653
0.0,20,33.598705
1.0,59,33.619943
1.0,11,33.623997
1.0,27,33.633442
1.0,29,33.643811
1.0,61,33.665542
1.0,11,33.669546
1.0,23,33.678365
1.0,31,33.689475
0.0,17,33.695514
1.0,14,33.700476
1.0,25,33.709309
1.0,36,33.722013
1.0,54,33.741863
1.0,11,33.745917
1.0,24,33.754412
1.0,35,33.767042
1.0,55,33.787038
0.0,4,33.788492
1.0,25,33.797416
0.0,27,33.807161
1.0,53,33.826159
1.0,11,33.830161
1.0,27,33.839833
0.0,15,33.845167
1.0,55,33.86471
1.0,12,33.868891
1.0,28,33.878794
0.0,4,33.880206
0.0,33,33.89227
1.0,13,33.896939
1.0,23,33.90517
1.0,32,33.916598
1.0,55,33.936234
1.0,13,33.940942
0.0,17,33.946878
0.0,4,33.948303
1.0,53,33.967421
1.0,13,33.972062
1.0,23,33.980344
1.0,29,33.990707
0.0,8,33.993609
1.0,11,33.997537
1.0,26,34.006833
1.0,29,34.017257
0.0,31,34.028616
1.0,13,34.033268
1.0,26,34.042576
0.0,16,34.048325
1.0,53,34.067309
1.0,13,34.071915
1.0,23,34.080077
1.0,37,34.093499
1.0,61,34.115615
1.0,13,34.120252
0.0,4,34.121745
1.0,30,34.132742
1.0,52,34.151496
1.0,11,34.155422
1.0,25,34.164298
1.0,29,34.174746
1.0,54,34.194249
1.0,14,34.199186
1.0,25,34.20811
1.0,29,34.218829
0.0,33,34.230687
1.0,11,34.234611
1.0,25,34.243548
0.0,13,34.248147
1.0,58,34.268887
1.0,11,34.272832
1.0,25,34.281749
1.0,31,34.292823
1.0,57,34.313193
1.0,11,34.317112
1.0,29,34.327367
1.0,33,34.339054
0.0,15,34.34441
1.0,14,34.349362
1.0,27,34.359143
0.0,4,34.360604
0.0,31,34.371652
1.0,12,34.375915
1.0,27,34.38557
0.0,7,34.388106
1.0,57,34.408443
1.0,11,34.412375
1.0,26,34.421695
1.0,35,34.43407
0.0,19,34.440794
0.0,5,34.442604
0.0,4,34.444015
0.0,17,34.450277
1.0,61,34.472417
1.0,11,34.476401
1.0,26,34.485892
1.0,30,34.496694
1.0,59,34.517699
1.0,12,34.522178
1.0,23,34.530329
1.0,30,34.54108
1.0,52,34.559854
0.0,7,34.562396
1.0,27,34.571871
1.0,34,34.584011
0.0,32,34.595416
1.0,13,34.600085
1.0,23,34.608261
1.0,40,34.622405
1.0,52,34.641056
0.0,6,34.643227
1.0,25,34.652103
1.0,36,34.664971
1.0,58,34.685702
1.0,13,34.690319
1.0,25,34.699289
0.0,9,34.702535
1.0,57,34.722854
1.0,11,34.726788
0.0,8,34.729682
0.0,6,34.731856
1.0,54,34.751179
1.0,13,34.755804
1.0,23,34.763977
1.0,29,34.774427
1.0,58,34.795168
1.0,12,34.799355
1.0,25,34.808343
0.0,19,34.815216
1.0,55,34.835195
1.0,13,34.839929
1.0,24,34.848692
1.0,31,34.859671
1.0,54,34.879243
1.0,11,34.88318
1.0,27,34.892825
1.0,30,34.903477
0.0,11,34.907455
1.0,11,34.911365
1.0,26,34.920419
1.0,29,34.930761
1.0,55,34.950396
1.0,12,34.954669
1.0,31,34.965813
1.0,33,34.977557
1.0,57,34.997817
1.0,11,35.001812
0.0,4,35.003268
1.0,33,35.015061
0.0,14,35.02036
1.0,11,35.024292
1.0,26,35.033455
1.0,32,35.04486
1.0,52,35.063679
1.0,11,35.067617
1.0,25,35.076556
1.0,33,35.088464
0.0,27,35.098316
1.0,13,35.102993
1.0,24,35.111505
0.0,2,35.112344
0.0,9,35.115635
1.0,11,35.119553
1.0,25,35.128397
1.0,33,35.140041
1.0,58,35.160754
1.0,11,35.165468
1.0,29,35.176028
1.0,31,35.187023
1.0,55,35.207249
1.0,11,35.211204
1.0,24,35.219759
0.0,27,35.229473
0.0,6,35.231656
1.0,11,35.235657
1.0,23,35.243868
1.0,35,35.256271
1.0,50,35.274123
1.0,12,35.278373
1.0,29,35.288753
1.0,31,35.299809
0.0,33,35.311591
1.0,12,35.315859
1.0,28,35.325728
1.0,34,35.337762
0.0,50,35.355593
1.0,12,35.359773
1.0,25,35.368587
1.0,29,35.378986
1.0,53,35.397971
1.0,14,35.402897
0.0,20,35.41011
1.0,31,35.421192
0.0,33,35.433016
1.0,13,35.437623
1.0,25,35.44654
1.0,31,35.457618
0.0,34,35.469897
1.0,11,35.473826
1.0,27,35.483425
1.0,33,35.495194
1.0,54,35.514427
1.0,11,35.518345
1.0,28,35.528654
1.0,31,35.540029
0.0,29,35.550479
1.0,11,35.554408
0.0,19,35.561371
1.0,29,35.571923
0.0,31,35.582986
1.0,11,35.586956
1.0,23,35.595097
1.0,35,35.607721
1.0,61,35.629652
1.0,11,35.633574
1.0,27,35.643205
0.0,12,35.647431
0.0,39,35.661366
1.0,13,35.665995
1.0,27,35.675505
1.0,31,35.686513
0.0,6,35.688722
1.0,14,35.693695
0.0,16,35.6996
0.0,4,35.701077
1.0,54,35.720505
1.0,11,35.724405
1.0,25,35.733285
0.0,4,35.734723
1.0,56,35.75454
1.0,11,35.758584
1.0,23,35.766807
1.0,34,35.778884
0.0,46,35.795528
1.0,14,35.800502
1.0,27,35.810066
1.0,29,35.820456
1.0,58,35.841294
1.0,11,35.845223
1.0,29,35.855497
1.0,38,35.869115
1.0,56,35.889494
