# {"t_start": 1641680567.1723363, "env_id": "Office-v0"} 
r,l,t
0.0,5,0.002089
0.0,66,0.025
0.0,13,0.028956
0.0,31,0.038404
0.0,15,0.04295
0.0,31,0.052359
0.0,10,0.055446
0.0,51,0.070832
0.0,10,0.073877
0.0,61,0.092223
0.0,145,0.136079
0.0,39,0.147309
0.0,118,0.181235
0.0,60,0.198379
0.0,89,0.224143
0.0,13,0.227879
0.0,25,0.234964
0.0,57,0.251652
0.0,69,0.271358
0.0,198,0.329875
0.0,2,0.330469
0.0,107,0.361371
0.0,4,0.362522
0.0,113,0.394764
1.0,69,0.41468
0.0,20,0.420382
0.0,73,0.441298
0.0,80,0.464048
1.0,33,0.473444
0.0,82,0.496997
0.0,25,0.504128
0.0,114,0.536617
0.0,34,0.54626
0.0,88,0.571608
0.0,11,0.574794
0.0,147,0.61813
1.0,106,0.64888
1.0,673,0.841666
0.0,61,0.859102
0.0,230,0.925919
1.0,109,0.957271
0.0,129,0.994406
0.0,131,1.032065
0.0,6,1.033797
0.0,37,1.044523
0.0,70,1.064509
1.0,349,1.165407
0.0,120,1.200891
1.0,85,1.225963
1.0,227,1.292052
0.0,84,1.316397
0.0,4,1.317628
0.0,16,1.322235
0.0,50,1.336489
0.0,227,1.40148
0.0,45,1.414422
1.0,41,1.4262
0.0,4,1.427392
0.0,116,1.461072
0.0,798,1.69207
1.0,49,1.706221
1.0,222,1.771985
0.0,20,1.777948
0.0,58,1.794676
1.0,66,1.813735
0.0,100,1.84256
0.0,23,1.849175
0.0,117,1.883945
1.0,25,1.891124
0.0,6,1.892849
0.0,12,1.896307
0.0,633,2.080697
1.0,52,2.095818
0.0,135,2.135506
0.0,14,2.139744
0.0,553,2.300961
1.0,52,2.316064
0.0,166,2.365426
0.0,31,2.374375
0.0,44,2.387086
1.0,31,2.39602
0.0,355,2.499099
0.0,6,2.500848
0.0,415,2.621087
1.0,12,2.624701
0.0,203,2.684411
0.0,121,2.71943
0.0,59,2.736948
1.0,13,2.741062
0.0,115,2.774237
0.0,111,2.806688
0.0,208,2.867117
1.0,13,2.870912
0.0,17,2.875808
1.0,145,2.918107
0.0,64,2.937515
0.0,10,2.94052
1.0,181,2.993216
1.0,148,3.036175
0.0,20,3.041969
1.0,16,3.046715
0.0,37,3.057419
0.0,77,3.079751
1.0,236,3.148261
1.0,13,3.152203
0.0,48,3.166171
1.0,114,3.199124
0.0,90,3.225979
1.0,11,3.230075
0.0,36,3.241106
1.0,140,3.28221
0.0,320,3.37516
1.0,13,3.378966
0.0,31,3.388055
0.0,19,3.393561
0.0,4,3.394742
1.0,11,3.397917
1.0,93,3.424861
0.0,51,3.439702
0.0,158,3.485484
1.0,11,3.488677
0.0,63,3.507491
0.0,56,3.524672
0.0,16,3.529345
1.0,15,3.533691
1.0,63,3.551968
0.0,75,3.573779
0.0,510,3.721969
1.0,12,3.725619
1.0,51,3.740623
0.0,30,3.749295
0.0,77,3.771617
0.0,2,3.77221
0.0,38,3.783146
0.0,135,3.823185
0.0,1000,4.113568
1.0,11,4.116748
0.0,86,4.141487
0.0,33,4.151146
0.0,11,4.154326
1.0,12,4.157803
0.0,80,4.181717
1.0,173,4.232118
0.0,209,4.293112
1.0,11,4.29628
0.0,32,4.305479
1.0,91,4.331904
0.0,77,4.354021
1.0,13,4.357757
1.0,101,4.387212
0.0,51,4.402635
1.0,288,4.485937
0.0,10,4.488816
1.0,109,4.520419
0.0,36,4.530817
0.0,162,4.577692
1.0,11,4.580873
1.0,72,4.601966
0.0,9,4.604569
0.0,403,4.722635
1.0,11,4.725851
1.0,66,4.745203
1.0,60,4.762614
0.0,242,4.832239
1.0,11,4.835431
0.0,56,4.851576
0.0,2,4.852171
0.0,776,5.077463
0.0,8,5.079778
1.0,87,5.105018
0.0,7,5.107049
0.0,520,5.258236
1.0,11,5.261441
1.0,49,5.276412
0.0,22,5.28272
0.0,775,5.506904
1.0,11,5.510102
1.0,102,5.540004
1.0,51,5.554987
0.0,303,5.643207
0.0,6,5.64499
1.0,102,5.674439
1.0,34,5.684335
0.0,217,5.7479
1.0,12,5.751338
1.0,29,5.759892
1.0,71,5.780487
0.0,647,5.968265
1.0,15,5.972659
1.0,27,5.980458
0.0,19,5.985985
0.0,54,6.001718
0.0,7,6.003748
1.0,45,6.016767
0.0,61,6.034646
0.0,729,6.247886
1.0,11,6.25107
1.0,56,6.267438
1.0,64,6.285995
0.0,207,6.345809
1.0,11,6.349023
0.0,22,6.355412
1.0,31,6.364383
0.0,8,6.366709
1.0,11,6.369888
0.0,52,6.384981
0.0,20,6.390761
0.0,399,6.507314
1.0,11,6.510608
1.0,23,6.517308
1.0,26,6.525
0.0,46,6.538256
1.0,11,6.541463
1.0,36,6.5518
1.0,32,6.56118
0.0,78,6.583619
1.0,11,6.586828
1.0,27,6.594801
1.0,25,6.602127
0.0,34,6.612056
1.0,11,6.615287
1.0,25,6.622578
1.0,25,6.62979
1.0,118,6.664217
1.0,14,6.668272
1.0,25,6.675604
0.0,4,6.67678
0.0,146,6.719414
1.0,14,6.724353
0.0,19,6.729973
1.0,25,6.73718
0.0,35,6.747705
1.0,11,6.751018
1.0,27,6.75888
1.0,28,6.766968
0.0,366,6.873788
1.0,13,6.87756
1.0,26,6.885063
1.0,23,6.89172
0.0,562,7.055669
1.0,13,7.05943
0.0,8,7.061738
1.0,25,7.068952
0.0,49,7.08305
1.0,14,7.087122
0.0,25,7.094444
0.0,6,7.096188
0.0,35,7.106805
1.0,13,7.110584
1.0,24,7.117903
1.0,23,7.124595
0.0,237,7.193159
1.0,11,7.196385
1.0,25,7.203657
1.0,27,7.211576
0.0,402,7.330488
1.0,13,7.334247
1.0,23,7.340932
1.0,29,7.349312
0.0,369,7.456378
1.0,13,7.460182
1.0,29,7.468666
1.0,23,7.475324
0.0,57,7.491791
1.0,11,7.494971
0.0,12,7.498483
1.0,23,7.505215
0.0,108,7.536819
1.0,13,7.540574
0.0,12,7.544089
0.0,10,7.547119
0.0,91,7.57365
1.0,11,7.576838
1.0,25,7.584311
0.0,19,7.589892
0.0,49,7.604764
1.0,11,7.608117
1.0,24,7.615111
1.0,24,7.62221
0.0,64,7.640635
1.0,12,7.644169
1.0,24,7.651143
1.0,25,7.658473
0.0,2,7.659064
1.0,14,7.663153
1.0,23,7.669855
1.0,23,7.676506
0.0,255,7.751191
1.0,13,7.754948
1.0,25,7.76228
1.0,23,7.768929
0.0,30,7.77773
0.0,6,7.779472
0.0,18,7.784697
1.0,27,7.792548
0.0,164,7.839848
1.0,11,7.843081
0.0,18,7.848431
1.0,23,7.855081
0.0,327,7.950792
1.0,11,7.953986
1.0,34,7.963976
1.0,23,7.970625
0.0,152,8.014729
1.0,11,8.017956
1.0,28,8.026021
1.0,24,8.032951
1.0,103,8.062796
1.0,11,8.065984
0.0,14,8.070073
1.0,26,8.077759
1.0,72,8.098501
1.0,11,8.10176
1.0,25,8.108981
1.0,25,8.116344
1.0,79,8.139291
1.0,16,8.143956
0.0,13,8.1478
1.0,23,8.15476
0.0,145,8.197925
1.0,11,8.201144
0.0,24,8.208119
1.0,25,8.215401
0.0,29,8.224016
1.0,11,8.227318
1.0,28,8.235399
1.0,26,8.243336
0.0,52,8.258305
1.0,13,8.262158
0.0,22,8.268699
1.0,30,8.277376
0.0,198,8.3345
1.0,11,8.337681
1.0,23,8.344482
1.0,26,8.352064
0.0,94,8.379488
1.0,11,8.38266
1.0,27,8.39045
0.0,11,8.393662
0.0,16,8.398292
1.0,11,8.401499
1.0,24,8.408411
1.0,25,8.415734
0.0,16,8.420369
0.0,7,8.4224
0.0,23,8.429065
1.0,25,8.43634
0.0,413,8.557734
1.0,14,8.561849
1.0,23,8.56858
1.0,31,8.57749
0.0,34,8.587324
1.0,11,8.590503
1.0,31,8.59951
1.0,27,8.6075
0.0,37,8.618248
1.0,13,8.622066
1.0,23,8.628726
1.0,23,8.635408
0.0,23,8.642138
1.0,11,8.645318
1.0,28,8.653414
1.0,23,8.660098
0.0,340,8.759587
1.0,11,8.762779
1.0,27,8.77134
1.0,25,8.778723
0.0,10,8.781653
1.0,11,8.784823
1.0,25,8.792706
1.0,31,8.802018
0.0,421,8.924343
1.0,13,8.928156
1.0,25,8.935436
1.0,25,8.942669
0.0,342,9.041897
0.0,2,9.042496
1.0,24,9.049609
1.0,23,9.056256
0.0,109,9.089276
1.0,11,9.092604
1.0,29,9.101197
1.0,31,9.110222
0.0,6,9.111995
1.0,11,9.115178
1.0,27,9.122956
1.0,30,9.131625
0.0,34,9.141528
1.0,11,9.1448
1.0,23,9.15162
0.0,17,9.15652
0.0,45,9.169566
1.0,11,9.172879
1.0,28,9.181041
0.0,16,9.185693
0.0,132,9.224496
1.0,13,9.228296
1.0,32,9.237526
0.0,6,9.23933
0.0,11,9.24281
1.0,11,9.24613
1.0,25,9.253367
1.0,34,9.263181
0.0,6,9.264954
1.0,11,9.268142
1.0,24,9.275136
1.0,31,9.28424
0.0,110,9.316118
1.0,11,9.319352
0.0,6,9.321102
1.0,27,9.329301
0.0,176,9.381554
1.0,13,9.38536
1.0,24,9.392292
1.0,27,9.40024
0.0,15,9.40463
0.0,8,9.406951
1.0,23,9.413622
1.0,27,9.421469
0.0,47,9.435179
1.0,12,9.438716
1.0,23,9.44538
1.0,25,9.452628
0.0,1000,9.746483
0.0,11,9.749831
1.0,26,9.757603
1.0,25,9.765051
0.0,124,9.802398
1.0,15,9.806888
1.0,24,9.81419
1.0,24,9.821384
0.0,430,9.952014
1.0,13,9.956031
1.0,29,9.964989
0.0,6,9.966843
0.0,54,9.982877
1.0,11,9.986242
1.0,26,9.993999
1.0,27,10.002317
0.0,449,10.137466
1.0,12,10.141094
1.0,27,10.149131
1.0,31,10.158742
0.0,338,10.262718
1.0,13,10.266605
1.0,24,10.273955
1.0,26,10.281818
0.0,15,10.286324
1.0,11,10.289822
1.0,27,10.298328
1.0,24,10.305679
0.0,72,10.327409
1.0,11,10.330678
1.0,27,10.338883
1.0,29,10.347645
1.0,49,10.362632
1.0,12,10.366258
0.0,8,10.368676
1.0,25,10.376103
1.0,54,10.392403
1.0,11,10.395739
1.0,27,10.403865
0.0,14,10.408012
0.0,43,10.420928
0.0,4,10.422148
0.0,8,10.424554
1.0,23,10.43149
0.0,15,10.435989
1.0,11,10.439282
1.0,25,10.446834
1.0,23,10.45374
1.0,74,10.47617
1.0,13,10.480081
1.0,28,10.488485
1.0,28,10.497034
1.0,51,10.512352
1.0,13,10.516281
1.0,24,10.523484
0.0,6,10.525319
0.0,17,10.530752
1.0,11,10.53419
1.0,27,10.542414
1.0,27,10.550482
0.0,107,10.583331
1.0,11,10.586618
0.0,6,10.588433
1.0,23,10.595312
0.0,96,10.624346
1.0,13,10.628283
1.0,25,10.635829
0.0,20,10.641923
0.0,29,10.650754
1.0,11,10.654049
1.0,25,10.661551
0.0,20,10.667606
0.0,23,10.674504
1.0,12,10.678158
1.0,26,10.686036
1.0,25,10.693525
0.0,43,10.706381
1.0,11,10.709679
1.0,23,10.716581
1.0,23,10.723993
1.0,52,10.739657
1.0,15,10.744533
1.0,27,10.752691
1.0,25,10.760303
1.0,41,10.772573
1.0,11,10.775877
1.0,27,10.784045
0.0,22,10.790683
1.0,59,10.808564
1.0,11,10.81191
1.0,28,10.820303
1.0,24,10.827544
1.0,48,10.842348
1.0,11,10.845661
1.0,26,10.853522
0.0,15,10.858733
1.0,38,10.87033
0.0,9,10.873231
1.0,27,10.881349
1.0,23,10.888256
0.0,13,10.892144
1.0,11,10.895518
1.0,25,10.903009
1.0,27,10.911147
0.0,367,11.02214
0.0,6,11.024102
1.0,27,11.032178
0.0,10,11.035199
0.0,710,11.250138
1.0,14,11.254791
1.0,26,11.262952
1.0,23,11.270143
1.0,46,11.284202
1.0,13,11.288619
1.0,23,11.295905
0.0,21,11.302502
0.0,547,11.491542
1.0,12,11.49671
1.0,26,11.507259
1.0,29,11.519279
1.0,47,11.536695
1.0,14,11.542666
0.0,13,11.548146
0.0,19,11.556085
1.0,42,11.572036
1.0,11,11.576777
1.0,25,11.586842
1.0,27,11.59777
1.0,46,11.615075
0.0,10,11.619498
1.0,24,11.629315
1.0,24,11.639305
1.0,38,11.653984
1.0,11,11.658785
1.0,23,11.66826
1.0,25,11.678313
1.0,47,11.695873
1.0,11,11.700661
1.0,25,11.710842
1.0,23,11.720178
0.0,8,11.724098
1.0,11,11.728881
1.0,25,11.738971
1.0,25,11.749584
1.0,45,11.766526
1.0,11,11.77131
0.0,19,11.779069
1.0,28,11.790488
0.0,124,11.837277
0.0,7,11.840599
1.0,29,11.852465
1.0,23,11.861942
0.0,8,11.86568
1.0,13,11.871212
0.0,16,11.877909
1.0,25,11.888685
0.0,17,11.895788
1.0,13,11.901331
1.0,27,11.91221
1.0,25,11.922316
1.0,40,11.93776
1.0,13,11.943349
1.0,25,11.953401
1.0,28,11.964792
1.0,40,11.980282
1.0,12,11.985492
1.0,27,11.996352
1.0,28,12.007683
1.0,38,12.023056
1.0,11,12.027856
1.0,27,12.038696
0.0,15,12.045147
1.0,49,12.063258
0.0,7,12.066504
1.0,23,12.075809
1.0,26,12.08642
1.0,41,12.102287
1.0,11,12.107074
1.0,25,12.117244
1.0,25,12.127569
1.0,42,12.1435
1.0,12,12.14868
1.0,28,12.160223
1.0,23,12.169573
0.0,27,12.180398
1.0,12,12.18556
0.0,8,12.189209
1.0,25,12.199437
0.0,35,12.213171
1.0,11,12.217989
1.0,27,12.229145
1.0,27,12.240401
1.0,41,12.256307
1.0,11,12.261305
0.0,20,12.269629
0.0,16,12.276383
1.0,50,12.295746
1.0,16,12.302415
1.0,26,12.312973
1.0,23,12.32238
1.0,41,12.337967
1.0,13,12.343489
1.0,25,12.353747
1.0,27,12.364607
0.0,21,12.373155
1.0,15,12.379447
0.0,4,12.381399
1.0,27,12.392405
0.0,150,12.448572
1.0,12,12.453704
1.0,25,12.463943
1.0,28,12.47521
0.0,25,12.485266
1.0,11,12.490052
1.0,25,12.500364
1.0,25,12.51045
1.0,50,12.528997
1.0,13,12.534575
1.0,27,12.54556
1.0,31,12.557847
0.0,13,12.563375
1.0,11,12.568144
1.0,27,12.579139
1.0,26,12.589642
1.0,41,12.605346
1.0,11,12.610166
1.0,23,12.61973
1.0,28,12.630954
0.0,31,12.643341
1.0,14,12.649251
1.0,23,12.659056
1.0,24,12.668958
1.0,38,12.683773
1.0,12,12.689713
0.0,17,12.696801
1.0,23,12.706127
1.0,42,12.722062
0.0,4,12.724393
1.0,25,12.734624
1.0,29,12.746582
1.0,42,12.762469
1.0,11,12.767438
1.0,27,12.778332
1.0,23,12.787801
1.0,42,12.80385
1.0,11,12.808629
1.0,23,12.817984
1.0,25,12.828377
0.0,6,12.832915
1.0,11,12.838207
1.0,26,12.848888
1.0,25,12.859154
1.0,43,12.875518
1.0,11,12.880441
1.0,23,12.889776
1.0,23,12.899145
1.0,41,12.914882
1.0,11,12.919755
1.0,24,12.929505
1.0,25,12.939576
1.0,46,12.956835
1.0,11,12.961611
1.0,27,12.972483
1.0,24,12.982259
1.0,46,12.999463
1.0,13,13.005037
1.0,27,13.015869
0.0,6,13.018783
1.0,40,13.03432
1.0,13,13.039878
1.0,24,13.049609
1.0,26,13.060084
1.0,39,13.075695
0.0,7,13.078951
1.0,27,13.089868
0.0,4,13.092038
1.0,47,13.109848
1.0,16,13.116554
1.0,28,13.127849
1.0,31,13.140165
0.0,1000,13.507355
1.0,13,13.511195
1.0,24,13.518201
0.0,19,13.523857
0.0,17,13.528822
1.0,11,13.532032
1.0,25,13.539387
0.0,16,13.544065
1.0,43,13.556765
1.0,12,13.560293
1.0,25,13.56771
1.0,29,13.576132
1.0,38,13.587257
1.0,11,13.590549
1.0,23,13.597371
1.0,27,13.60527
1.0,41,13.617286
1.0,11,13.62053
1.0,23,13.627243
1.0,25,13.634721
1.0,44,13.647621
1.0,12,13.651158
1.0,23,13.657874
1.0,29,13.666403
1.0,44,13.67959
1.0,11,13.682794
1.0,26,13.690373
1.0,30,13.6991
1.0,42,13.711509
1.0,12,13.714983
1.0,23,13.721716
0.0,12,13.725526
0.0,8,13.727918
1.0,13,13.731696
0.0,4,13.73286
0.0,19,13.738453
1.0,44,13.752142
1.0,11,13.75546
1.0,25,13.762944
1.0,25,13.770223
0.0,33,13.78008
1.0,11,13.783423
1.0,25,13.790836
1.0,26,13.798425
0.0,39,13.809913
1.0,11,13.813161
1.0,29,13.821771
0.0,8,13.824151
1.0,45,13.837297
1.0,14,13.841453
1.0,26,13.849007
1.0,23,13.85581
1.0,43,13.868548
1.0,12,13.872106
1.0,23,13.878823
1.0,24,13.88586
1.0,40,13.897746
0.0,4,13.89893
0.0,8,13.901271
1.0,27,13.90921
1.0,44,13.922082
1.0,11,13.92529
1.0,23,13.932027
0.0,19,13.937681
0.0,4,13.93885
1.0,11,13.942094
0.0,12,13.945582
1.0,27,13.953519
1.0,45,13.96663
1.0,11,13.969858
0.0,6,13.971611
1.0,25,13.978967
0.0,31,13.988112
1.0,14,13.992232
1.0,25,13.999607
1.0,25,14.006902
0.0,14,14.011068
1.0,11,14.014316
1.0,25,14.021667
0.0,14,14.025736
0.0,31,14.034898
1.0,14,14.039011
1.0,23,14.046171
1.0,24,14.053576
1.0,49,14.06808
1.0,11,14.071397
1.0,28,14.079547
1.0,26,14.087266
0.0,32,14.096725
1.0,11,14.099974
1.0,25,14.107426
1.0,27,14.115322
1.0,38,14.126579
1.0,11,14.129835
1.0,27,14.137719
1.0,25,14.145038
1.0,45,14.158471
1.0,11,14.161829
1.0,25,14.169101
0.0,4,14.170278
0.0,29,14.178785
1.0,11,14.182034
1.0,29,14.190595
0.0,6,14.192386
0.0,4,14.193556
1.0,11,14.196971
1.0,27,14.204989
1.0,25,14.212363
0.0,33,14.222044
1.0,11,14.225544
1.0,24,14.232561
1.0,24,14.239677
0.0,25,14.247487
1.0,13,14.251315
1.0,23,14.258274
1.0,25,14.265656
1.0,50,14.280377
0.0,7,14.282433
1.0,28,14.290634
0.0,21,14.296773
0.0,26,14.304409
1.0,13,14.308232
1.0,23,14.31512
1.0,25,14.322494
1.0,40,14.334211
0.0,6,14.335977
1.0,25,14.343601
1.0,24,14.350828
0.0,11,14.354069
1.0,15,14.358459
1.0,24,14.365664
1.0,23,14.372476
1.0,43,14.385102
1.0,12,14.388766
1.0,25,14.396112
1.0,25,14.403447
1.0,40,14.415115
1.0,12,14.418699
0.0,20,14.424518
1.0,27,14.432526
1.0,42,14.444838
1.0,14,14.449057
1.0,24,14.456126
1.0,27,14.464208
1.0,39,14.475674
1.0,13,14.479458
1.0,26,14.487079
0.0,17,14.492043
1.0,38,14.503274
1.0,12,14.506784
1.0,29,14.515345
1.0,23,14.522064
0.0,27,14.529958
1.0,12,14.533494
1.0,27,14.541534
1.0,25,14.548864
1.0,45,14.562014
1.0,12,14.565579
1.0,30,14.574333
1.0,28,14.582645
1.0,43,14.595241
1.0,11,14.598498
1.0,25,14.605817
1.0,23,14.612545
1.0,55,14.628721
0.0,8,14.631071
1.0,23,14.638098
1.0,29,14.64676
1.0,42,14.659343
1.0,13,14.663284
1.0,26,14.670909
1.0,27,14.678854
0.0,14,14.682963
1.0,13,14.686769
1.0,23,14.693623
1.0,26,14.701191
0.0,29,14.709841
0.0,4,14.71102
1.0,24,14.718055
1.0,32,14.727783
1.0,55,14.744316
1.0,17,14.749399
1.0,25,14.756728
1.0,31,14.765846
0.0,19,14.771468
1.0,11,14.774719
1.0,25,14.781996
1.0,28,14.790187
0.0,6,14.791937
0.0,4,14.793106
1.0,27,14.80123
1.0,25,14.808694
1.0,44,14.821589
1.0,13,14.825393
1.0,23,14.832183
1.0,30,14.840935
1.0,40,14.852687
1.0,11,14.855992
1.0,26,14.863579
1.0,23,14.870337
1.0,44,14.883351
1.0,14,14.88743
1.0,28,14.895563
1.0,27,14.903487
1.0,42,14.915811
1.0,15,14.920286
0.0,12,14.923816
1.0,23,14.930887
0.0,39,14.942629
1.0,13,14.946446
1.0,25,14.953754
1.0,25,14.961298
1.0,43,14.973928
1.0,11,14.977165
1.0,25,14.984526
1.0,26,14.99221
1.0,48,15.006395
0.0,11,15.009646
1.0,27,15.017539
1.0,29,15.026033
0.0,35,15.036391
1.0,13,15.040264
1.0,25,15.047656
1.0,26,15.05524
0.0,80,15.078702
1.0,13,15.082484
1.0,28,15.090672
0.0,4,15.09188
1.0,44,15.104902
1.0,13,15.108817
1.0,23,15.115516
1.0,23,15.12225
0.0,37,15.133134
1.0,11,15.136364
0.0,6,15.138126
1.0,25,15.145644
1.0,42,15.158137
1.0,11,15.161362
1.0,23,15.168083
0.0,4,15.169262
0.0,72,15.190368
1.0,11,15.193587
1.0,25,15.200884
1.0,23,15.207764
1.0,44,15.220773
1.0,11,15.224338
0.0,6,15.226212
1.0,24,15.233414
0.0,4,15.234734
1.0,13,15.238592
1.0,28,15.247245
1.0,23,15.254234
1.0,40,15.26597
0.0,2,15.26657
1.0,26,15.274189
1.0,26,15.28177
0.0,34,15.291705
1.0,11,15.29531
1.0,30,15.304076
0.0,18,15.309536
1.0,44,15.322476
1.0,11,15.325769
1.0,27,15.333776
1.0,26,15.34134
0.0,19,15.346875
1.0,18,15.352228
1.0,27,15.360075
1.0,25,15.367408
0.0,35,15.377719
1.0,11,15.380997
1.0,26,15.388593
1.0,27,15.396437
1.0,44,15.40936
1.0,12,15.412953
1.0,25,15.420242
1.0,23,15.426954
1.0,44,15.43978
0.0,7,15.441851
1.0,27,15.449931
1.0,23,15.456684
1.0,47,15.470372
1.0,12,15.473889
0.0,6,15.475647
1.0,33,15.485432
1.0,45,15.498608
1.0,11,15.501887
1.0,24,15.509082
1.0,23,15.515956
0.0,22,15.522821
1.0,15,15.527283
1.0,27,15.535343
1.0,25,15.542675
1.0,46,15.556413
1.0,11,15.55982
0.0,14,15.563902
1.0,26,15.571494
1.0,40,15.583299
1.0,11,15.58651
0.0,4,15.587673
1.0,26,15.595279
1.0,41,15.607427
1.0,11,15.610643
0.0,18,15.615915
1.0,23,15.62275
1.0,41,15.634824
0.0,2,15.635474
1.0,31,15.644603
0.0,17,15.649561
0.0,34,15.65964
1.0,11,15.662961
1.0,25,15.67028
1.0,29,15.678917
1.0,40,15.690663
1.0,12,15.694162
1.0,24,15.701162
1.0,25,15.708482
0.0,38,15.719765
1.0,16,15.724771
1.0,28,15.732938
1.0,31,15.74227
0.0,12,15.745926
1.0,13,15.749903
1.0,29,15.758627
1.0,28,15.766812
1.0,39,15.778288
1.0,11,15.781505
1.0,27,15.789541
1.0,27,15.797386
1.0,42,15.809693
1.0,11,15.812908
1.0,24,15.820162
1.0,25,15.82767
1.0,43,15.840255
1.0,12,15.843992
1.0,28,15.852257
1.0,25,15.859604
1.0,42,15.872058
0.0,10,15.874977
1.0,29,15.883519
1.0,29,15.891986
1.0,44,15.904871
1.0,11,15.908108
1.0,23,15.914853
1.0,27,15.92275
0.0,32,15.932248
0.0,2,15.932845
1.0,25,15.940233
1.0,25,15.947595
1.0,40,15.959358
1.0,11,15.962617
1.0,23,15.969333
1.0,24,15.976416
1.0,40,15.988075
1.0,12,15.991676
1.0,29,16.000174
1.0,25,16.007468
0.0,6,16.009226
1.0,11,16.012435
0.0,6,16.014345
1.0,23,16.021084
1.0,46,16.03455
1.0,11,16.037762
0.0,14,16.041875
1.0,27,16.049739
1.0,47,16.063559
1.0,11,16.06677
1.0,23,16.073515
1.0,25,16.080802
0.0,11,16.083991
1.0,11,16.087229
1.0,24,16.094364
1.0,34,16.104244
1.0,42,16.117408
1.0,11,16.121257
1.0,25,16.128958
1.0,28,16.137311
0.0,6,16.139071
1.0,12,16.1426
1.0,28,16.15094
1.0,27,16.158853
1.0,43,16.171621
1.0,14,16.175753
0.0,13,16.179564
0.0,4,16.180741
1.0,44,16.193648
0.0,9,16.196273
1.0,29,16.204836
1.0,23,16.211561
1.0,42,16.223969
1.0,12,16.227958
1.0,23,16.234978
0.0,8,16.237325
0.0,11,16.240828
1.0,11,16.244402
1.0,27,16.252392
1.0,25,16.259708
1.0,45,16.273044
1.0,13,16.276872
1.0,27,16.284868
1.0,27,16.292784
1.0,45,16.306207
1.0,11,16.30944
1.0,26,16.317154
1.0,24,16.324166
1.0,44,16.337147
1.0,11,16.340383
0.0,19,16.34604
1.0,23,16.352859
1.0,46,16.36632
0.0,11,16.369571
0.0,8,16.371895
1.0,23,16.378677
1.0,40,16.390361
1.0,13,16.394436
0.0,8,16.396762
1.0,26,16.404338
1.0,44,16.417504
1.0,11,16.420899
0.0,12,16.424455
1.0,25,16.431873
1.0,40,16.443942
1.0,15,16.448367
1.0,33,16.45797
1.0,29,16.466596
1.0,38,16.477762
1.0,11,16.480968
1.0,23,16.487668
0.0,6,16.489414
1.0,44,16.502347
1.0,11,16.505635
1.0,25,16.512962
1.0,25,16.520311
0.0,21,16.526561
1.0,11,16.529764
1.0,25,16.537029
1.0,26,16.544686
1.0,43,16.557249
1.0,12,16.560767
1.0,23,16.567473
1.0,27,16.575361
1.0,41,16.587456
1.0,11,16.590665
1.0,25,16.59795
1.0,24,16.604974
1.0,42,16.617383
1.0,11,16.620685
1.0,27,16.6286
1.0,26,16.636265
1.0,46,16.649696
1.0,11,16.652952
1.0,23,16.659786
1.0,28,16.668027
1.0,42,16.680301
0.0,6,16.682054
1.0,27,16.689957
0.0,16,16.694728
1.0,45,16.708175
1.0,11,16.711387
0.0,8,16.713908
0.0,6,16.715728
0.0,11,16.718943
1.0,12,16.722476
1.0,25,16.730374
1.0,25,16.737826
1.0,38,16.749362
1.0,11,16.752569
1.0,23,16.759338
1.0,23,16.766091
1.0,40,16.777891
1.0,11,16.781124
0.0,6,16.782912
1.0,25,16.79021
1.0,45,16.803382
1.0,12,16.806969
1.0,27,16.814913
1.0,27,16.822778
0.0,31,16.831836
1.0,12,16.83532
1.0,28,16.843536
1.0,28,16.851755
1.0,47,16.865526
1.0,12,16.86906
0.0,14,16.873144
1.0,27,16.881284
1.0,40,16.893209
1.0,12,16.89673
1.0,26,16.904313
1.0,26,16.911917
1.0,45,16.925187
1.0,11,16.928406
0.0,6,16.930196
0.0,8,16.932536
1.0,49,16.946854
1.0,11,16.95011
1.0,29,16.958636
1.0,26,16.966214
0.0,9,16.96887
1.0,16,16.973599
1.0,25,16.980899
1.0,33,16.990547
1.0,43,17.00362
1.0,11,17.00691
1.0,29,17.015491
1.0,24,17.022574
1.0,40,17.034621
1.0,12,17.038182
1.0,25,17.04549
1.0,25,17.052797
1.0,46,17.06622
1.0,11,17.069489
0.0,23,17.076303
1.0,25,17.083605
1.0,40,17.095222
1.0,11,17.098425
1.0,25,17.106116
1.0,25,17.113533
0.0,16,17.118591
1.0,12,17.122077
1.0,27,17.129929
1.0,23,17.136652
0.0,9,17.139311
1.0,12,17.142804
0.0,12,17.146396
1.0,25,17.153886
1.0,44,17.166902
0.0,2,17.167498
1.0,25,17.174893
1.0,29,17.183418
1.0,38,17.194688
0.0,9,17.197345
1.0,24,17.204326
1.0,24,17.21133
0.0,32,17.2207
1.0,12,17.224524
1.0,23,17.231553
1.0,25,17.238783
1.0,50,17.253786
1.0,12,17.257304
1.0,27,17.265339
1.0,29,17.273759
0.0,6,17.275512
1.0,11,17.278782
1.0,27,17.286656
0.0,14,17.290725
0.0,7,17.292832
0.0,6,17.294926
1.0,27,17.3029
1.0,25,17.310363
1.0,41,17.322443
1.0,11,17.325712
1.0,25,17.332961
1.0,29,17.341566
0.0,29,17.350065
1.0,11,17.353279
1.0,23,17.360063
1.0,27,17.367929
0.0,13,17.371758
1.0,17,17.376817
1.0,25,17.384048
1.0,25,17.39136
1.0,48,17.405451
1.0,15,17.409827
1.0,26,17.417468
1.0,27,17.425359
1.0,38,17.436424
0.0,4,17.43764
1.0,27,17.44546
1.0,25,17.452902
1.0,44,17.465746
0.0,4,17.466923
1.0,25,17.474248
1.0,27,17.482144
1.0,42,17.494509
1.0,12,17.497999
1.0,28,17.506174
1.0,23,17.512917
0.0,6,17.514674
1.0,15,17.519093
0.0,16,17.523772
1.0,25,17.531164
0.0,8,17.533532
1.0,15,17.537909
1.0,25,17.545185
1.0,25,17.552509
1.0,38,17.563724
1.0,11,17.566999
1.0,25,17.574272
1.0,25,17.581635
1.0,41,17.593832
1.0,11,17.597026
1.0,28,17.605404
1.0,27,17.613304
0.0,9,17.616125
1.0,12,17.619623
1.0,27,17.627563
1.0,23,17.634311
1.0,39,17.645902
1.0,12,17.649415
1.0,25,17.656706
1.0,28,17.664869
1.0,46,17.678449
1.0,11,17.681658
1.0,29,17.690087
0.0,8,17.692448
1.0,42,17.704727
1.0,11,17.707962
1.0,23,17.714768
1.0,28,17.722914
1.0,44,17.73617
1.0,11,17.73942
1.0,25,17.747133
1.0,25,17.7545
1.0,47,17.768324
1.0,11,17.771523
1.0,26,17.779154
1.0,29,17.787564
1.0,40,17.799449
1.0,13,17.803371
1.0,25,17.810721
1.0,29,17.819168
0.0,13,17.823011
0.0,4,17.824185
1.0,27,17.832167
0.0,27,17.840164
0.0,8,17.842528
1.0,15,17.846902
1.0,26,17.854466
1.0,26,17.862113
1.0,40,17.873875
1.0,11,17.87707
0.0,14,17.881159
1.0,28,17.889566
1.0,44,17.902761
1.0,12,17.906322
1.0,29,17.914985
1.0,23,17.921747
0.0,17,17.926719
1.0,11,17.929926
1.0,27,17.937806
1.0,29,17.946401
0.0,34,17.956314
1.0,11,17.959594
1.0,25,17.966874
1.0,25,17.974201
0.0,31,17.983335
1.0,15,17.98773
1.0,26,17.995375
0.0,18,18.000695
0.0,39,18.012052
1.0,11,18.015427
0.0,18,18.020838
0.0,10,18.02377
0.0,6,18.025526
1.0,11,18.028758
1.0,25,18.036045
1.0,24,18.043033
1.0,43,18.05574
0.0,8,18.05808
1.0,23,18.064793
1.0,25,18.07215
1.0,43,18.084855
1.0,11,18.088073
1.0,30,18.096868
1.0,25,18.104179
1.0,40,18.115888
1.0,12,18.119404
0.0,8,18.121741
0.0,18,18.127048
0.0,24,18.134196
1.0,14,18.138246
0.0,16,18.142925
1.0,26,18.150681
1.0,41,18.162749
1.0,12,18.166248
1.0,23,18.173077
1.0,23,18.180104
1.0,44,18.19315
1.0,11,18.196393
1.0,27,18.20446
1.0,24,18.211509
0.0,12,18.214982
1.0,11,18.21822
0.0,19,18.223775
1.0,32,18.233443
0.0,8,18.235771
1.0,13,18.239626
0.0,11,18.243121
1.0,27,18.251079
0.0,31,18.260308
1.0,12,18.263836
1.0,23,18.270544
0.0,16,18.275212
0.0,30,18.284105
1.0,14,18.288309
0.0,6,18.290112
1.0,32,18.299444
1.0,42,18.31174
1.0,13,18.315562
1.0,27,18.323659
1.0,27,18.331536
1.0,45,18.344661
1.0,16,18.349339
1.0,25,18.356952
1.0,23,18.363647
1.0,46,18.377114
1.0,11,18.380322
1.0,32,18.3897
1.0,23,18.396527
0.0,33,18.40619
1.0,11,18.409417
1.0,24,18.416414
1.0,27,18.424302
1.0,39,18.435841
1.0,11,18.439076
1.0,26,18.446681
1.0,27,18.454573
1.0,40,18.46625
1.0,13,18.470149
1.0,25,18.477897
1.0,25,18.485388
1.0,45,18.498617
1.0,11,18.501963
1.0,29,18.510612
1.0,25,18.517952
0.0,17,18.522934
1.0,11,18.52614
1.0,24,18.533184
1.0,25,18.541159
0.0,22,18.547765
1.0,11,18.55096
1.0,26,18.558568
0.0,8,18.560952
0.0,32,18.570285
1.0,11,18.573569
0.0,8,18.575901
1.0,30,18.584858
1.0,40,18.596546
1.0,13,18.600368
1.0,27,18.608202
1.0,23,18.614887
0.0,18,18.620288
1.0,11,18.62355
1.0,23,18.630315
0.0,21,18.636465
0.0,13,18.640343
1.0,12,18.643871
1.0,25,18.651147
1.0,23,18.658138
1.0,38,18.669289
1.0,11,18.672509
1.0,25,18.679826
0.0,4,18.681004
1.0,41,18.69304
1.0,11,18.69638
1.0,26,18.703913
0.0,6,18.705658
1.0,39,18.717051
1.0,14,18.721122
1.0,24,18.728458
0.0,6,18.730219
1.0,41,18.742696
1.0,11,18.746018
1.0,25,18.753302
0.0,12,18.756855
1.0,40,18.768771
1.0,17,18.774009
1.0,25,18.78142
0.0,6,18.783178
1.0,42,18.795679
1.0,12,18.799198
1.0,23,18.805944
1.0,23,18.812795
1.0,49,18.827111
0.0,2,18.827711
1.0,24,18.834749
1.0,28,18.843001
0.0,38,18.85429
1.0,12,18.857811
1.0,33,18.867475
1.0,25,18.874752
1.0,48,18.888987
1.0,12,18.892467
1.0,25,18.899775
1.0,27,18.907642
0.0,4,18.908846
1.0,13,18.912658
1.0,27,18.920583
1.0,28,18.928879
1.0,38,18.939984
1.0,11,18.943186
1.0,28,18.95135
1.0,23,18.958059
0.0,22,18.964618
1.0,12,18.968168
0.0,17,18.973187
1.0,29,18.981644
0.0,37,18.992542
1.0,11,18.99575
1.0,24,19.00283
1.0,24,19.009845
0.0,6,19.011597
1.0,14,19.015712
1.0,25,19.023035
1.0,24,19.030035
0.0,4,19.031238
1.0,11,19.034441
1.0,27,19.042341
1.0,30,19.051101
1.0,44,19.064245
0.0,9,19.066876
1.0,23,19.073847
1.0,27,19.081763
1.0,43,19.094749
1.0,11,19.097943
1.0,26,19.105675
0.0,4,19.106854
0.0,38,19.118121
0.0,11,19.121334
1.0,25,19.128646
1.0,28,19.136835
1.0,41,19.148842
1.0,12,19.152555
1.0,23,19.15931
1.0,25,19.166582
0.0,30,19.175447
1.0,13,19.179275
0.0,8,19.181613
1.0,23,19.188427
1.0,43,19.200983
0.0,4,19.202166
1.0,24,19.209314
1.0,25,19.216607
0.0,6,19.218361
1.0,13,19.222127
1.0,25,19.229945
1.0,25,19.237225
0.0,15,19.241718
1.0,11,19.245217
0.0,17,19.250195
1.0,24,19.257195
1.0,43,19.269816
1.0,15,19.274193
1.0,26,19.281783
0.0,6,19.283535
1.0,42,19.295735
1.0,11,19.298931
1.0,33,19.308935
1.0,27,19.316783
1.0,40,19.328437
1.0,11,19.331673
1.0,28,19.339984
1.0,25,19.347301
1.0,48,19.361588
0.0,2,19.362185
1.0,29,19.370791
1.0,28,19.379075
1.0,41,19.391218
1.0,13,19.395003
0.0,14,19.399093
1.0,27,19.40698
1.0,41,19.41911
1.0,11,19.42232
0.0,22,19.428717
0.0,4,19.429888
1.0,41,19.441897
1.0,13,19.445686
1.0,27,19.453605
0.0,6,19.455362
1.0,49,19.469749
1.0,13,19.473568
1.0,27,19.481487
0.0,21,19.487575
1.0,39,19.499017
1.0,11,19.50229
1.0,24,19.509327
1.0,27,19.517283
1.0,42,19.529825
1.0,11,19.533029
1.0,30,19.541765
1.0,24,19.548732
0.0,29,19.557211
1.0,13,19.560984
1.0,27,19.568975
1.0,29,19.57742
1.0,38,19.588546
1.0,11,19.591752
1.0,32,19.601079
0.0,14,19.605202
0.0,9,19.607797
1.0,13,19.611657
1.0,25,19.618901
1.0,25,19.626293
1.0,45,19.639411
1.0,12,19.643082
1.0,27,19.651138
1.0,28,19.659348
1.0,42,19.6718
1.0,12,19.675341
1.0,27,19.683521
1.0,25,19.690798
1.0,42,19.703134
0.0,4,19.704307
1.0,32,19.713704
1.0,27,19.721765
0.0,4,19.722932
1.0,12,19.726771
1.0,28,19.734887
1.0,23,19.741693
0.0,28,19.750324
0.0,9,19.752942
0.0,19,19.758658
1.0,23,19.765413
0.0,35,19.775642
0.0,4,19.776815
1.0,31,19.785815
1.0,26,19.79361
1.0,47,19.807354
1.0,11,19.810551
1.0,26,19.818103
1.0,27,19.826027
0.0,11,19.82927
1.0,11,19.83258
1.0,23,19.839318
1.0,27,19.847159
0.0,9,19.849782
1.0,11,19.853016
1.0,25,19.860321
0.0,14,19.86447
1.0,45,19.877681
1.0,11,19.880888
1.0,25,19.888282
1.0,27,19.896125
0.0,21,19.902261
1.0,13,19.906149
1.0,25,19.913446
1.0,23,19.920236
1.0,47,19.934004
1.0,11,19.93721
1.0,26,19.944842
1.0,26,19.952796
1.0,41,19.965113
1.0,11,19.968343
0.0,18,19.973808
1.0,25,19.981208
1.0,40,19.99299
0.0,9,19.995651
1.0,23,20.002434
1.0,25,20.009729
1.0,46,20.023324
1.0,11,20.026606
0.0,14,20.030747
1.0,30,20.039546
1.0,38,20.050668
1.0,11,20.05388
1.0,25,20.061292
1.0,28,20.069465
0.0,31,20.078523
1.0,11,20.081784
1.0,23,20.088509
0.0,20,20.094463
0.0,30,20.103295
1.0,11,20.106498
0.0,21,20.112628
1.0,30,20.12132
1.0,39,20.132773
1.0,11,20.13602
1.0,24,20.14304
0.0,20,20.148904
0.0,39,20.160532
1.0,11,20.163734
1.0,25,20.171122
1.0,27,20.179029
1.0,42,20.191246
1.0,11,20.194482
1.0,25,20.201769
1.0,27,20.209748
0.0,30,20.218499
1.0,12,20.221988
1.0,25,20.229563
0.0,15,20.233947
0.0,21,20.240216
1.0,11,20.244043
1.0,30,20.253046
1.0,25,20.26042
0.0,31,20.269674
1.0,13,20.27351
1.0,25,20.280777
1.0,24,20.2879
0.0,17,20.29283
1.0,11,20.296355
1.0,26,20.303966
1.0,23,20.310786
1.0,43,20.323421
1.0,11,20.326643
1.0,23,20.333485
1.0,25,20.340847
1.0,43,20.353539
1.0,13,20.357332
1.0,27,20.365287
1.0,27,20.373238
1.0,45,20.386276
0.0,6,20.388026
1.0,28,20.396232
1.0,28,20.404484
1.0,40,20.416145
1.0,11,20.419353
1.0,23,20.426094
1.0,25,20.433389
1.0,38,20.444602
1.0,13,20.448406
1.0,25,20.455675
0.0,20,20.461484
1.0,40,20.473223
1.0,14,20.477327
0.0,4,20.478526
1.0,25,20.485846
1.0,40,20.49749
1.0,11,20.500716
1.0,25,20.507961
1.0,23,20.514796
1.0,44,20.527649
1.0,11,20.530924
0.0,4,20.532076
0.0,8,20.53444
0.0,28,20.54287
1.0,11,20.546289
1.0,26,20.553917
1.0,24,20.560991
1.0,46,20.574496
1.0,11,20.577764
1.0,29,20.586304
1.0,28,20.594501
0.0,30,20.603241
0.0,4,20.604416
0.0,18,20.609701
1.0,35,20.619835
1.0,42,20.63219
0.0,9,20.634845
1.0,25,20.642132
1.0,27,20.650057
0.0,17,20.655049
1.0,13,20.658839
1.0,25,20.666262
1.0,26,20.673828
1.0,44,20.6867
1.0,13,20.690509
1.0,27,20.698332
1.0,27,20.706347
1.0,38,20.717395
1.0,11,20.720626
1.0,25,20.728314
1.0,23,20.735026
1.0,39,20.746912
1.0,11,20.750116
1.0,23,20.756844
1.0,25,20.764139
1.0,40,20.775869
1.0,11,20.779103
1.0,29,20.787579
1.0,23,20.79427
1.0,47,20.808168
1.0,13,20.812155
1.0,29,20.820637
1.0,23,20.827332
1.0,40,20.83937
1.0,13,20.843361
1.0,25,20.85074
1.0,30,20.859694
1.0,44,20.872553
1.0,13,20.876379
1.0,26,20.884043
1.0,23,20.89093
1.0,44,20.903725
1.0,14,20.907803
1.0,31,20.91682
1.0,23,20.923529
1.0,53,20.939102
1.0,11,20.942357
1.0,31,20.951418
1.0,25,20.958678
1.0,44,20.972197
1.0,14,20.976341
1.0,23,20.983092
1.0,25,20.99033
1.0,45,21.003558
1.0,11,21.006858
0.0,16,21.011532
1.0,28,21.019664
0.0,12,21.023189
1.0,11,21.026382
0.0,9,21.029027
1.0,27,21.036884
1.0,44,21.04989
1.0,12,21.053363
1.0,25,21.060647
1.0,24,21.067605
1.0,40,21.079447
1.0,16,21.084042
1.0,26,21.091776
0.0,26,21.099378
1.0,41,21.111382
0.0,6,21.113134
1.0,29,21.121613
1.0,25,21.129156
1.0,38,21.140468
1.0,11,21.143663
1.0,29,21.152575
1.0,26,21.160193
1.0,38,21.171263
1.0,11,21.1745
0.0,4,21.175664
1.0,25,21.182979
0.0,34,21.192995
1.0,13,21.19677
1.0,26,21.204362
1.0,34,21.214187
1.0,40,21.226267
1.0,11,21.229574
0.0,17,21.234574
1.0,27,21.242518
1.0,40,21.254481
1.0,13,21.258308
1.0,31,21.267455
1.0,23,21.274197
0.0,26,21.281751
0.0,4,21.282931
1.0,26,21.290534
1.0,24,21.297522
1.0,40,21.309264
1.0,13,21.313062
1.0,23,21.319815
1.0,23,21.326538
1.0,40,21.338216
1.0,13,21.342144
1.0,25,21.349421
1.0,25,21.356768
1.0,41,21.368707
1.0,14,21.372803
0.0,6,21.374588
1.0,25,21.38202
0.0,21,21.388158
1.0,11,21.391388
1.0,27,21.399285
1.0,23,21.405977
0.0,8,21.408301
1.0,13,21.41211
0.0,4,21.41328
1.0,27,21.421516
1.0,43,21.434287
1.0,11,21.437496
0.0,18,21.442759
1.0,25,21.450269
0.0,17,21.45533
1.0,11,21.458568
1.0,23,21.465309
1.0,27,21.473151
1.0,40,21.484816
1.0,15,21.489229
1.0,28,21.497474
0.0,6,21.499225
1.0,42,21.511488
1.0,11,21.514703
0.0,18,21.520066
1.0,24,21.527073
1.0,54,21.542962
0.0,6,21.544714
0.0,8,21.547032
1.0,23,21.553717
1.0,41,21.565703
1.0,11,21.568973
1.0,25,21.5763
1.0,27,21.584128
0.0,12,21.587625
1.0,14,21.591729
0.0,6,21.593481
1.0,25,21.6008
0.0,21,21.607083
1.0,11,21.61032
1.0,25,21.617602
1.0,25,21.624968
1.0,50,21.639592
1.0,12,21.643128
1.0,23,21.649911
0.0,14,21.654025
1.0,47,21.667961
1.0,11,21.671203
1.0,27,21.679056
1.0,25,21.686447
1.0,42,21.698704
1.0,13,21.702481
1.0,25,21.709857
1.0,27,21.717953
0.0,29,21.727068
1.0,17,21.732033
1.0,27,21.740143
1.0,23,21.747297
1.0,42,21.75975
1.0,11,21.762955
0.0,8,21.765275
1.0,27,21.77323
0.0,26,21.780844
1.0,12,21.7844
1.0,25,21.791693
1.0,27,21.799661
0.0,17,21.804641
1.0,13,21.808476
1.0,25,21.815765
1.0,28,21.824035
1.0,39,21.835516
1.0,11,21.838752
1.0,27,21.846589
0.0,4,21.847762
1.0,38,21.858876
1.0,11,21.862115
1.0,28,21.870413
1.0,25,21.877729
1.0,42,21.890078
1.0,11,21.893301
0.0,6,21.895049
1.0,28,21.903232
0.0,35,21.913546
1.0,11,21.91678
1.0,29,21.925263
1.0,29,21.933736
1.0,43,21.946391
1.0,11,21.949603
1.0,26,21.957281
0.0,17,21.962314
1.0,43,21.974793
1.0,13,21.978623
0.0,19,21.984209
1.0,25,21.991555
0.0,36,22.002318
1.0,11,22.005521
1.0,29,22.014227
1.0,25,22.021778
1.0,43,22.034508
1.0,17,22.039594
1.0,25,22.046954
0.0,17,22.051892
0.0,27,22.059925
0.0,7,22.062026
1.0,25,22.069324
1.0,28,22.077551
0.0,39,22.08886
1.0,11,22.092099
0.0,19,22.097799
1.0,31,22.107259
0.0,9,22.109916
1.0,11,22.11312
1.0,23,22.120285
1.0,27,22.128182
1.0,43,22.140841
1.0,12,22.144325
1.0,31,22.153473
0.0,6,22.155304
0.0,20,22.161138
0.0,9,22.163825
1.0,23,22.171194
1.0,23,22.177993
1.0,46,22.191405
1.0,12,22.19492
0.0,21,22.201014
1.0,27,22.208875
0.0,12,22.212506
1.0,12,22.216061
1.0,25,22.223369
1.0,30,22.232373
0.0,4,22.233539
1.0,12,22.237053
1.0,28,22.24561
1.0,23,22.252505
1.0,41,22.264608
1.0,13,22.26843
1.0,26,22.276034
0.0,19,22.281592
1.0,43,22.294335
1.0,11,22.297546
0.0,20,22.303889
1.0,25,22.311331
1.0,44,22.324442
1.0,11,22.327697
1.0,26,22.335478
1.0,27,22.343366
1.0,43,22.356018
0.0,7,22.35806
0.0,4,22.359223
0.0,4,22.360433
1.0,42,22.372792
1.0,13,22.376609
1.0,27,22.38452
1.0,29,22.392945
1.0,43,22.405568
0.0,11,22.408806
1.0,31,22.417958
1.0,26,22.42552
0.0,36,22.436013
1.0,13,22.439923
1.0,27,22.447795
1.0,25,22.455057
1.0,42,22.467282
1.0,11,22.470524
1.0,30,22.479387
1.0,29,22.487829
0.0,10,22.490734
1.0,11,22.494049
1.0,25,22.501308
1.0,31,22.51042
0.0,32,22.519819
1.0,14,22.523921
1.0,24,22.530962
1.0,23,22.537677
1.0,41,22.549639
1.0,13,22.553567
1.0,25,22.560874
1.0,27,22.568781
1.0,42,22.58099
0.0,4,22.582173
1.0,25,22.58953
1.0,25,22.596807
1.0,44,22.610034
1.0,11,22.613233
1.0,25,22.620495
1.0,23,22.627566
1.0,46,22.641051
1.0,11,22.644252
1.0,25,22.65155
1.0,27,22.659424
0.0,35,22.669828
1.0,13,22.673601
0.0,15,22.677993
0.0,15,22.68239
1.0,39,22.693788
1.0,12,22.697279
1.0,23,22.704112
1.0,26,22.711698
1.0,38,22.72285
1.0,13,22.72697
1.0,23,22.733695
1.0,25,22.741043
0.0,25,22.748657
1.0,11,22.751901
1.0,29,22.760345
1.0,25,22.767654
1.0,40,22.77945
1.0,11,22.782694
1.0,27,22.791061
0.0,19,22.796623
0.0,29,22.805104
1.0,11,22.808329
0.0,6,22.81009
1.0,24,22.817188
1.0,39,22.828559
1.0,11,22.831863
1.0,24,22.838951
0.0,23,22.84566
0.0,10,22.848594
1.0,14,22.852747
0.0,8,22.8551
1.0,25,22.862392
1.0,39,22.873778
1.0,11,22.877007
1.0,23,22.883739
0.0,19,22.889333
0.0,13,22.893462
1.0,11,22.896687
1.0,25,22.904085
1.0,27,22.912029
0.0,21,22.918168
1.0,11,22.921597
1.0,25,22.929032
1.0,27,22.936867
1.0,46,22.950313
0.0,6,22.952064
1.0,27,22.959956
0.0,8,22.962298
1.0,42,22.974572
1.0,14,22.978651
0.0,4,22.979819
1.0,25,22.987111
1.0,43,22.999723
1.0,11,23.002966
1.0,23,23.009778
1.0,27,23.017612
1.0,40,23.029532
1.0,13,23.033282
0.0,26,23.04085
0.0,16,23.045572
1.0,45,23.05868
1.0,11,23.061913
1.0,29,23.070318
0.0,12,23.073828
0.0,35,23.084033
0.0,6,23.08582
1.0,29,23.094258
1.0,24,23.101212
0.0,32,23.110569
1.0,11,23.113784
1.0,25,23.121107
1.0,25,23.128383
0.0,19,23.133914
1.0,14,23.13804
1.0,26,23.145617
1.0,23,23.153589
1.0,41,23.168719
1.0,12,23.172269
1.0,23,23.179015
1.0,23,23.185733
0.0,4,23.186895
1.0,11,23.190299
1.0,26,23.19794
1.0,28,23.206393
1.0,38,23.217716
1.0,11,23.220908
1.0,26,23.229113
1.0,29,23.237843
1.0,40,23.250028
1.0,12,23.253605
1.0,25,23.26098
1.0,26,23.268775
0.0,11,23.272009
1.0,14,23.276181
1.0,25,23.283638
1.0,28,23.291905
1.0,45,23.3053
0.0,7,23.307482
1.0,28,23.315781
0.0,4,23.316964
0.0,8,23.319351
1.0,11,23.32266
1.0,30,23.331412
0.0,4,23.332578
1.0,47,23.346342
1.0,11,23.34953
1.0,27,23.357393
0.0,20,23.363248
0.0,32,23.372563
1.0,12,23.376071
1.0,27,23.384006
1.0,29,23.392411
1.0,51,23.407225
0.0,2,23.407823
1.0,25,23.415129
0.0,8,23.417505
0.0,8,23.419906
1.0,13,23.423718
1.0,27,23.431587
1.0,23,23.438308
0.0,9,23.440915
1.0,12,23.444477
1.0,25,23.451772
1.0,23,23.458521
1.0,40,23.470153
1.0,13,23.473955
1.0,31,23.483007
0.0,6,23.484761
1.0,42,23.497545
1.0,12,23.501038
1.0,27,23.509055
1.0,25,23.516662
0.0,28,23.5251
0.0,2,23.5257
1.0,25,23.533026
1.0,27,23.540894
0.0,25,23.548207
1.0,15,23.552586
1.0,25,23.559918
1.0,35,23.570038
0.0,38,23.58116
1.0,11,23.584407
0.0,19,23.589938
1.0,27,23.597825
1.0,42,23.6102
1.0,11,23.613396
1.0,25,23.620727
1.0,26,23.62832
0.0,34,23.638331
1.0,11,23.641518
0.0,9,23.644119
0.0,16,23.648864
0.0,31,23.657933
1.0,16,23.662594
1.0,25,23.669959
1.0,27,23.677808
1.0,38,23.688943
1.0,13,23.692737
1.0,27,23.700615
1.0,31,23.709596
1.0,40,23.721329
1.0,13,23.725129
1.0,25,23.732798
1.0,25,23.740064
1.0,42,23.75263
1.0,13,23.756485
1.0,31,23.765597
1.0,23,23.772287
0.0,13,23.776082
1.0,13,23.780179
0.0,12,23.783696
1.0,25,23.791144
1.0,42,23.803468
1.0,11,23.806983
1.0,23,23.813849
1.0,24,23.820805
1.0,43,23.833313
1.0,11,23.836639
1.0,27,23.844691
1.0,27,23.852536
1.0,45,23.865633
1.0,13,23.869448
1.0,23,23.876251
1.0,24,23.88322
1.0,45,23.896388
1.0,13,23.900162
1.0,27,23.908062
1.0,25,23.915386
0.0,16,23.920051
1.0,11,23.923265
1.0,23,23.930023
1.0,23,23.936732
1.0,41,23.948768
1.0,14,23.952877
1.0,23,23.959676
1.0,29,23.968082
1.0,40,23.979738
1.0,13,23.983525
1.0,28,23.991781
0.0,25,23.999039
1.0,40,24.010779
1.0,13,24.014592
0.0,17,24.019648
1.0,25,24.027437
1.0,44,24.040237
1.0,11,24.043469
1.0,27,24.051347
0.0,8,24.053692
1.0,44,24.066498
1.0,17,24.07146
1.0,27,24.079574
1.0,24,24.086645
1.0,41,24.098553
1.0,12,24.102296
1.0,25,24.109724
1.0,29,24.118225
1.0,42,24.130398
1.0,11,24.133622
1.0,30,24.142424
1.0,23,24.149079
1.0,42,24.161451
1.0,12,24.16496
1.0,27,24.172805
1.0,27,24.18075
1.0,41,24.192706
1.0,11,24.195933
1.0,25,24.203195
1.0,27,24.211091
1.0,38,24.222401
1.0,11,24.225592
1.0,29,24.234352
1.0,25,24.241734
0.0,6,24.243662
0.0,9,24.246451
1.0,30,24.255211
1.0,23,24.261929
0.0,11,24.265227
1.0,12,24.268698
0.0,10,24.271644
1.0,25,24.279224
1.0,40,24.291424
1.0,12,24.294979
1.0,26,24.302516
1.0,34,24.312425
1.0,39,24.323766
1.0,12,24.327384
0.0,18,24.332575
1.0,27,24.340415
0.0,22,24.346883
1.0,11,24.350105
1.0,25,24.357374
0.0,16,24.362075
1.0,40,24.374067
1.0,13,24.377886
1.0,25,24.385288
1.0,25,24.392582
1.0,42,24.405102
1.0,11,24.408329
0.0,16,24.413003
1.0,25,24.420259
0.0,9,24.422879
1.0,11,24.426164
1.0,23,24.432892
1.0,27,24.440792
1.0,42,24.453015
1.0,11,24.456289
0.0,16,24.460958
1.0,24,24.467988
1.0,45,24.481225
1.0,11,24.48443
1.0,26,24.49198
0.0,14,24.496055
0.0,15,24.500418
1.0,14,24.504526
0.0,8,24.506862
1.0,23,24.513587
0.0,19,24.519138
1.0,11,24.522426
1.0,23,24.529196
1.0,23,24.53589
1.0,40,24.547511
0.0,6,24.549263
1.0,23,24.556028
1.0,26,24.563566
0.0,6,24.56531
1.0,11,24.568606
0.0,18,24.57381
1.0,25,24.581064
0.0,22,24.587501
1.0,11,24.590794
1.0,23,24.597474
0.0,12,24.600986
1.0,45,24.614023
0.0,15,24.618385
1.0,23,24.625119
1.0,25,24.632542
1.0,43,24.645105
0.0,7,24.647145
1.0,28,24.655434
1.0,23,24.662521
0.0,17,24.667743
1.0,11,24.670975
1.0,23,24.677768
1.0,23,24.684481
1.0,42,24.696919
1.0,13,24.700698
1.0,25,24.708014
1.0,25,24.715299
1.0,46,24.729094
1.0,12,24.732619
1.0,27,24.740492
1.0,27,24.748863
0.0,17,24.753795
1.0,11,24.757019
1.0,25,24.764329
1.0,23,24.771093
0.0,19,24.776612
1.0,11,24.779955
1.0,27,24.787781
1.0,27,24.795685
1.0,40,24.807297
1.0,11,24.810562
0.0,17,24.815496
1.0,28,24.82367
1.0,46,24.837039
0.0,6,24.838942
1.0,29,24.847447
0.0,18,24.852632
0.0,9,24.855339
1.0,11,24.858559
1.0,23,24.865213
0.0,18,24.870467
1.0,40,24.882073
1.0,11,24.885261
1.0,31,24.894407
0.0,4,24.89557
0.0,13,24.899331
1.0,12,24.902869
1.0,25,24.910168
1.0,25,24.917424
1.0,44,24.930276
1.0,12,24.933795
1.0,25,24.941146
1.0,32,24.950435
1.0,41,24.962639
1.0,12,24.966205
0.0,20,24.972174
1.0,27,24.980042
1.0,40,24.99193
1.0,13,24.99573
1.0,23,25.002432
1.0,27,25.010531
1.0,42,25.022801
1.0,11,25.026026
1.0,23,25.032694
1.0,27,25.040585
1.0,42,25.052938
1.0,13,25.056737
1.0,25,25.064019
1.0,25,25.071638
1.0,45,25.084735
1.0,11,25.087962
1.0,24,25.095018
1.0,23,25.101768
1.0,40,25.113504
1.0,12,25.117046
0.0,4,25.118205
1.0,31,25.127262
1.0,38,25.138324
1.0,13,25.142134
1.0,25,25.149421
1.0,34,25.159462
1.0,42,25.171695
0.0,6,25.173452
0.0,10,25.176357
1.0,26,25.183988
1.0,38,25.195146
1.0,13,25.198962
1.0,25,25.206359
1.0,25,25.213663
0.0,37,25.224437
1.0,13,25.228718
0.0,18,25.234017
1.0,25,25.241312
0.0,11,25.244832
1.0,11,25.248188
1.0,31,25.257421
1.0,23,25.264317
1.0,41,25.2764
0.0,7,25.278547
1.0,28,25.286686
1.0,24,25.293943
0.0,32,25.303334
1.0,11,25.306721
1.0,31,25.316227
1.0,30,25.325033
0.0,31,25.334289
1.0,11,25.337551
1.0,25,25.345082
1.0,30,25.354119
0.0,38,25.365544
1.0,13,25.369384
1.0,32,25.378933
1.0,25,25.386409
0.0,38,25.39769
1.0,12,25.401223
1.0,27,25.409329
1.0,29,25.41791
1.0,47,25.431782
0.0,9,25.434455
1.0,32,25.44376
1.0,25,25.451005
0.0,9,25.453626
1.0,13,25.457472
0.0,17,25.462516
1.0,32,25.471834
1.0,43,25.484336
1.0,11,25.487632
1.0,29,25.496056
0.0,6,25.497878
1.0,47,25.511525
1.0,11,25.514719
1.0,25,25.522067
0.0,19,25.52759
1.0,38,25.538731
0.0,6,25.540517
1.0,26,25.548293
1.0,23,25.555005
0.0,4,25.556346
1.0,11,25.559551
1.0,23,25.566219
1.0,23,25.573175
1.0,41,25.5851
1.0,16,25.589764
0.0,16,25.594416
1.0,24,25.601446
1.0,44,25.614271
1.0,11,25.617535
1.0,28,25.625654
0.0,8,25.627972
1.0,46,25.641486
1.0,11,25.644683
0.0,9,25.647368
1.0,27,25.65531
1.0,43,25.667835
0.0,16,25.672508
1.0,25,25.679878
1.0,25,25.687264
0.0,27,25.695116
1.0,11,25.698343
0.0,19,25.703869
1.0,23,25.710571
0.0,6,25.712332
1.0,11,25.715529
0.0,6,25.717307
1.0,26,25.724911
1.0,41,25.737162
0.0,9,25.739824
1.0,25,25.747509
1.0,23,25.754252
0.0,4,25.755525
1.0,11,25.758731
1.0,31,25.767793
1.0,27,25.775621
1.0,40,25.787291
0.0,11,25.790489
1.0,30,25.799335
1.0,27,25.807269
1.0,42,25.819508
0.0,2,25.820104
1.0,23,25.826843
0.0,21,25.832952
0.0,32,25.842734
1.0,11,25.845939
1.0,29,25.854648
1.0,23,25.861344
1.0,41,25.873654
1.0,11,25.876938
1.0,25,25.884185
0.0,26,25.891758
1.0,44,25.904575
1.0,11,25.907804
1.0,23,25.914587
1.0,27,25.922491
1.0,40,25.93415
1.0,13,25.937916
1.0,25,25.945243
1.0,26,25.952954
1.0,38,25.964099
1.0,13,25.967897
1.0,31,25.976938
1.0,26,25.984489
1.0,43,25.997116
1.0,15,26.001655
1.0,23,26.008393
0.0,6,26.010153
0.0,6,26.011903
1.0,14,26.016006
0.0,16,26.02069
1.0,28,26.028933
0.0,32,26.038341
1.0,11,26.041564
1.0,25,26.048863
1.0,25,26.05615
1.0,43,26.068728
1.0,11,26.071969
1.0,23,26.078688
1.0,23,26.085427
1.0,40,26.097079
1.0,11,26.100384
1.0,24,26.107389
1.0,23,26.114089
1.0,45,26.127222
1.0,11,26.13043
1.0,23,26.137427
1.0,31,26.146797
1.0,40,26.158674
1.0,11,26.162089
1.0,29,26.170596
1.0,26,26.178202
1.0,41,26.190305
1.0,13,26.194077
0.0,19,26.199646
1.0,26,26.207178
1.0,47,26.220895
1.0,11,26.224089
1.0,25,26.231721
1.0,25,26.238983
1.0,40,26.251187
0.0,4,26.252468
1.0,23,26.259309
1.0,25,26.266605
1.0,46,26.28015
1.0,11,26.283381
1.0,28,26.291604
1.0,28,26.299809
1.0,41,26.311761
1.0,13,26.315576
1.0,23,26.322233
1.0,25,26.329583
1.0,39,26.340931
1.0,11,26.344133
1.0,23,26.350954
1.0,23,26.357708
0.0,19,26.363265
1.0,11,26.366535
1.0,37,26.377324
1.0,25,26.384592
0.0,20,26.390419
1.0,11,26.393658
1.0,23,26.400355
1.0,23,26.407158
0.0,27,26.415048
1.0,12,26.418539
1.0,28,26.426726
0.0,14,26.431054
1.0,38,26.442236
1.0,11,26.44542
1.0,26,26.453071
0.0,15,26.457575
1.0,41,26.469552
1.0,13,26.473318
0.0,17,26.478277
1.0,29,26.486855
1.0,40,26.4985
1.0,11,26.501768
1.0,27,26.509677
1.0,29,26.518195
1.0,38,26.529272
1.0,13,26.533097
1.0,28,26.54134
1.0,33,26.550992
1.0,39,26.562413
1.0,11,26.565612
1.0,23,26.572351
1.0,23,26.579016
1.0,58,26.595998
0.0,10,26.598939
0.0,16,26.603632
1.0,25,26.610903
0.0,9,26.613521
1.0,11,26.616792
1.0,34,26.626648
1.0,23,26.633529
0.0,10,26.636424
0.0,2,26.637013
1.0,23,26.643784
1.0,23,26.650507
0.0,4,26.651674
1.0,11,26.65491
1.0,29,26.663396
0.0,18,26.668656
0.0,8,26.67102
1.0,11,26.67424
1.0,25,26.681546
1.0,23,26.688229
0.0,11,26.691422
1.0,11,26.694682
1.0,25,26.701992
1.0,23,26.708754
0.0,16,26.713399
1.0,11,26.716622
1.0,23,26.723542
1.0,30,26.732685
1.0,40,26.744563
0.0,2,26.745198
1.0,23,26.752157
1.0,27,26.760044
1.0,40,26.771686
0.0,12,26.775197
1.0,23,26.782004
1.0,23,26.788708
0.0,33,26.798331
1.0,17,26.803292
1.0,25,26.810719
0.0,25,26.818053
1.0,43,26.830699
1.0,13,26.834515
1.0,27,26.842448
1.0,27,26.850378
1.0,42,26.862676
1.0,13,26.866499
1.0,25,26.874483
1.0,24,26.881471
1.0,40,26.893126
1.0,11,26.896418
1.0,33,26.906024
0.0,16,26.910665
0.0,36,26.921255
0.0,2,26.92186
1.0,25,26.929131
0.0,14,26.933275
1.0,43,26.945836
1.0,11,26.949032
0.0,18,26.954301
1.0,25,26.961557
1.0,45,26.974771
1.0,11,26.977979
1.0,29,26.986445
0.0,14,26.99055
1.0,41,27.002533
1.0,13,27.00635
0.0,6,27.008162
1.0,23,27.015118
0.0,11,27.018385
0.0,9,27.021043
1.0,25,27.028534
1.0,27,27.036431
1.0,40,27.048332
1.0,13,27.052214
1.0,29,27.060646
1.0,28,27.06879
1.0,41,27.080688
1.0,11,27.084011
1.0,23,27.090738
1.0,24,27.097772
0.0,30,27.106819
1.0,15,27.111164
1.0,26,27.118775
1.0,25,27.126565
1.0,42,27.138802
1.0,11,27.14203
1.0,26,27.149651
1.0,23,27.156511
0.0,23,27.163283
1.0,11,27.166492
1.0,24,27.173499
1.0,23,27.180215
0.0,12,27.183726
1.0,13,27.187485
1.0,29,27.195907
1.0,23,27.202697
0.0,8,27.205057
1.0,13,27.20882
1.0,27,27.216706
1.0,23,27.223441
0.0,9,27.226094
1.0,11,27.229734
1.0,23,27.236487
1.0,24,27.243545
1.0,38,27.254853
1.0,15,27.259255
1.0,23,27.265918
1.0,34,27.275908
1.0,44,27.288699
1.0,13,27.292543
1.0,28,27.300836
1.0,26,27.308438
1.0,44,27.321645
1.0,13,27.325479
0.0,20,27.331306
1.0,27,27.339423
1.0,46,27.352876
1.0,11,27.356108
1.0,30,27.364812
1.0,25,27.372174
1.0,39,27.383504
1.0,13,27.387385
1.0,23,27.394054
1.0,35,27.404183
1.0,40,27.415813
1.0,11,27.419096
1.0,26,27.426828
1.0,23,27.433501
1.0,45,27.446595
1.0,14,27.450733
0.0,12,27.454207
1.0,30,27.463
0.0,37,27.473811
1.0,11,27.477012
1.0,25,27.484359
1.0,25,27.491641
0.0,10,27.494541
1.0,11,27.497771
1.0,23,27.504634
1.0,25,27.512037
1.0,42,27.524411
1.0,11,27.527627
1.0,25,27.534982
0.0,10,27.537994
0.0,39,27.549357
0.0,2,27.549956
1.0,27,27.557813
1.0,27,27.565681
1.0,43,27.578274
1.0,11,27.581505
1.0,25,27.588794
1.0,23,27.595562
0.0,34,27.605664
0.0,9,27.608322
1.0,29,27.616989
1.0,25,27.624237
0.0,21,27.630621
1.0,11,27.63389
1.0,25,27.641165
1.0,27,27.649089
0.0,11,27.652393
1.0,14,27.656444
1.0,27,27.66438
1.0,23,27.671156
1.0,41,27.683072
1.0,15,27.687488
1.0,32,27.696835
0.0,4,27.698055
1.0,39,27.709473
1.0,13,27.713327
1.0,27,27.721163
1.0,25,27.728866
1.0,38,27.739998
1.0,13,27.74383
1.0,25,27.7513
1.0,28,27.75956
1.0,40,27.771232
1.0,11,27.774459
1.0,25,27.781713
1.0,30,27.790493
1.0,45,27.803589
1.0,12,27.807127
1.0,25,27.814445
1.0,23,27.821175
1.0,40,27.832814
1.0,11,27.836034
1.0,26,27.843703
1.0,27,27.851543
1.0,38,27.862608
1.0,11,27.865814
0.0,8,27.868162
1.0,28,27.876477
1.0,44,27.889279
1.0,11,27.892515
0.0,21,27.898823
1.0,23,27.905554
0.0,25,27.912915
1.0,11,27.916218
1.0,25,27.923621
1.0,23,27.930497
1.0,43,27.942986
1.0,13,27.946788
1.0,27,27.954808
1.0,28,27.962994
0.0,32,27.972348
1.0,12,27.97587
1.0,23,27.982638
0.0,10,27.985542
1.0,38,27.996641
1.0,18,28.001913
1.0,25,28.009309
1.0,26,28.016993
0.0,23,28.023743
1.0,13,28.027589
1.0,25,28.034903
0.0,16,28.0396
1.0,46,28.053051
1.0,13,28.056827
1.0,23,28.063594
1.0,23,28.070359
1.0,43,28.082899
1.0,12,28.086391
1.0,31,28.095459
1.0,27,28.103448
1.0,43,28.115947
1.0,12,28.119433
0.0,6,28.121228
1.0,23,28.127936
1.0,42,28.14026
1.0,11,28.143779
1.0,27,28.151799
0.0,21,28.157878
1.0,45,28.171029
1.0,11,28.17431
1.0,31,28.183411
1.0,27,28.191588
0.0,9,28.194312
0.0,7,28.196375
1.0,25,28.203826
1.0,26,28.211481
0.0,23,28.218489
1.0,11,28.221795
0.0,16,28.226472
1.0,27,28.234638
0.0,30,28.243623
0.0,2,28.244218
0.0,12,28.247964
1.0,23,28.254769
1.0,40,28.266485
1.0,14,28.270587
1.0,23,28.277318
1.0,23,28.284
1.0,40,28.295757
1.0,11,28.298996
1.0,25,28.306405
0.0,18,28.31176
1.0,43,28.324418
1.0,13,28.328219
1.0,23,28.33501
1.0,24,28.342017
1.0,46,28.355529
1.0,11,28.35872
0.0,18,28.363955
1.0,24,28.371089
1.0,42,28.383334
1.0,12,28.386849
0.0,19,28.3924
1.0,24,28.399383
1.0,43,28.412004
1.0,11,28.41524
0.0,17,28.4202
1.0,26,28.427742
1.0,42,28.440061
1.0,14,28.444191
1.0,23,28.450949
1.0,23,28.457639
0.0,28,28.465825
1.0,13,28.469629
1.0,23,28.476301
0.0,8,28.47863
1.0,40,28.490612
1.0,11,28.493857
1.0,28,28.502168
1.0,25,28.509442
1.0,41,28.521615
1.0,11,28.52486
1.0,26,28.532485
1.0,28,28.540599
1.0,41,28.552668
1.0,13,28.556519
1.0,32,28.565869
1.0,29,28.574282
1.0,38,28.585346
1.0,11,28.58854
1.0,23,28.595409
1.0,28,28.603566
1.0,41,28.615563
1.0,11,28.618768
1.0,27,28.626746
1.0,24,28.633844
1.0,43,28.646461
1.0,11,28.649669
1.0,23,28.656434
1.0,31,28.66551
1.0,48,28.679545
1.0,18,28.684795
0.0,10,28.687687
1.0,25,28.695037
0.0,19,28.700552
1.0,12,28.704035
1.0,25,28.711451
1.0,25,28.718722
1.0,42,28.731328
1.0,11,28.734527
1.0,23,28.741247
1.0,25,28.748829
0.0,33,28.758472
1.0,11,28.761713
1.0,25,28.769
1.0,27,28.776894
0.0,19,28.782804
1.0,11,28.786029
1.0,23,28.792926
1.0,29,28.801353
0.0,30,28.810332
0.0,4,28.811516
1.0,31,28.820643
1.0,24,28.827664
1.0,47,28.841464
1.0,13,28.845276
0.0,22,28.851678
0.0,19,28.857218
1.0,39,28.868805
1.0,13,28.872576
1.0,28,28.880853
1.0,26,28.888449
1.0,40,28.900279
1.0,11,28.903481
1.0,26,28.911028
0.0,12,28.914555
1.0,45,28.927644
1.0,12,28.931191
1.0,25,28.938528
1.0,23,28.945248
1.0,50,28.959822
1.0,14,28.963904
1.0,23,28.970632
1.0,29,28.97914
0.0,6,28.9809
1.0,13,28.984718
1.0,25,28.992039
1.0,25,28.99932
0.0,4,29.000493
1.0,14,29.004549
1.0,25,29.012004
0.0,21,29.018124
0.0,32,29.027463
1.0,11,29.030694
1.0,27,29.038589
1.0,23,29.045308
0.0,9,29.04804
1.0,11,29.051252
1.0,25,29.058564
1.0,26,29.066152
1.0,43,29.078983
1.0,11,29.082216
1.0,24,29.089379
1.0,24,29.096465
1.0,42,29.109157
1.0,11,29.112359
0.0,17,29.117316
0.0,26,29.124979
1.0,42,29.137216
1.0,11,29.14046
1.0,28,29.148586
1.0,25,29.156032
0.0,25,29.163463
0.0,9,29.166133
0.0,18,29.171531
1.0,25,29.178798
1.0,48,29.192867
1.0,13,29.196638
1.0,27,29.204582
1.0,29,29.212996
0.0,36,29.223518
1.0,13,29.22793
0.0,26,29.235468
1.0,26,29.243129
0.0,33,29.253028
1.0,11,29.256233
1.0,23,29.262938
1.0,27,29.270867
0.0,28,29.279084
1.0,11,29.282358
1.0,27,29.290224
1.0,25,29.297495
1.0,48,29.311492
1.0,12,29.315013
0.0,17,29.320014
1.0,23,29.326698
1.0,45,29.339823
1.0,12,29.34335
1.0,29,29.351912
0.0,12,29.355408
0.0,36,29.36588
1.0,11,29.369371
0.0,20,29.375198
0.0,21,29.381525
1.0,42,29.39394
0.0,4,29.395213
0.0,17,29.400261
0.0,10,29.403179
0.0,10,29.406119
1.0,11,29.409324
1.0,25,29.416644
1.0,28,29.424872
1.0,40,29.436559
1.0,13,29.440377
0.0,17,29.445335
1.0,23,29.452062
1.0,49,29.466365
1.0,11,29.469569
1.0,25,29.476884
1.0,23,29.483658
1.0,48,29.497658
1.0,11,29.50093
1.0,23,29.507641
1.0,33,29.517245
0.0,32,29.52657
1.0,11,29.529844
1.0,25,29.537123
1.0,27,29.545083
1.0,41,29.557102
1.0,11,29.560369
1.0,29,29.568763
1.0,25,29.576142
1.0,47,29.589833
1.0,15,29.594182
1.0,26,29.601705
0.0,4,29.602879
0.0,8,29.605213
1.0,15,29.609616
1.0,28,29.61778
1.0,25,29.625065
1.0,41,29.63706
1.0,11,29.640284
1.0,25,29.647565
1.0,29,29.656113
1.0,42,29.668958
1.0,11,29.67235
1.0,25,29.679956
1.0,30,29.689138
1.0,48,29.703092
0.0,6,29.704917
0.0,8,29.707254
1.0,24,29.714252
1.0,41,29.72628
1.0,11,29.729847
1.0,23,29.736649
0.0,23,29.743406
1.0,40,29.755384
1.0,11,29.758651
1.0,23,29.765371
1.0,25,29.772727
1.0,41,29.784661
1.0,15,29.789044
1.0,25,29.796273
1.0,26,29.803936
0.0,6,29.805772
1.0,13,29.809537
0.0,4,29.810712
1.0,25,29.818281
1.0,42,29.83053
1.0,13,29.834337
1.0,25,29.84169
1.0,31,29.850824
0.0,21,29.856946
1.0,14,29.861002
0.0,13,29.864856
1.0,25,29.872108
1.0,40,29.883891
1.0,11,29.887151
1.0,27,29.895008
1.0,25,29.902329
0.0,9,29.904929
0.0,10,29.907871
1.0,28,29.916098
1.0,23,29.922765
1.0,57,29.939381
1.0,13,29.9432
1.0,27,29.951078
0.0,18,29.95668
