# {"t_start": 1641708235.021835, "env_id": "Office-v0"} 
r,l,t
0.0,22,0.004788
0.0,18,0.008785
0.0,43,0.017325
1.0,1,0.017548
0.0,14,0.020332
0.0,47,0.030018
0.0,28,0.035401
1.0,2,0.035809
0.0,15,0.038746
0.0,21,0.042874
0.0,56,0.053767
1.0,1,0.054004
0.0,20,0.057888
0.0,39,0.065436
0.0,40,0.073215
1.0,1,0.073437
1.0,75,0.087968
0.0,45,0.096721
0.0,125,0.121079
1.0,1,0.121304
0.0,28,0.126762
0.0,18,0.130254
0.0,97,0.149163
1.0,1,0.149392
0.0,115,0.171903
0.0,153,0.202158
0.0,104,0.222743
1.0,1,0.223007
0.0,164,0.255637
0.0,108,0.276797
0.0,177,0.311631
1.0,1,0.311857
0.0,52,0.322096
0.0,14,0.324887
0.0,32,0.331207
1.0,2,0.331628
0.0,114,0.354098
0.0,25,0.359003
0.0,159,0.390491
1.0,1,0.390721
1.0,38,0.398426
0.0,122,0.423247
0.0,75,0.438334
1.0,1,0.438561
1.0,37,0.445905
1.0,154,0.476374
0.0,107,0.497533
1.0,1,0.497762
0.0,5,0.498775
0.0,113,0.520957
1.0,179,0.556255
1.0,1,0.556485
1.0,55,0.567297
1.0,125,0.591909
0.0,106,0.613508
1.0,1,0.61374
1.0,47,0.623138
0.0,51,0.633614
0.0,206,0.674344
1.0,3,0.674973
0.0,8,0.676628
1.0,305,0.737184
0.0,4,0.738016
1.0,1,0.73824
1.0,22,0.742606
0.0,37,0.749935
0.0,13,0.752519
1.0,3,0.75314
1.0,19,0.756908
0.0,112,0.779121
0.0,113,0.801652
1.0,1,0.801877
0.0,56,0.813344
1.0,343,0.881643
0.0,328,0.947168
1.0,1,0.947402
1.0,34,0.954232
0.0,33,0.960752
0.0,9,0.962561
1.0,1,0.962787
1.0,12,0.965189
0.0,113,0.987532
0.0,468,1.081526
1.0,1,1.08176
0.0,30,1.087679
0.0,10,1.089672
0.0,178,1.124653
1.0,1,1.124883
1.0,19,1.128655
0.0,55,1.139422
0.0,25,1.144381
1.0,1,1.144604
1.0,13,1.147193
1.0,128,1.172341
0.0,259,1.224306
1.0,1,1.224549
1.0,11,1.226881
0.0,6,1.228091
0.0,223,1.271867
1.0,1,1.2721
1.0,11,1.274286
1.0,49,1.283901
0.0,58,1.295362
1.0,1,1.295589
1.0,35,1.302469
0.0,21,1.306601
0.0,69,1.320186
1.0,1,1.320414
0.0,4,1.321227
0.0,44,1.32999
0.0,174,1.364079
1.0,1,1.364309
1.0,11,1.366539
1.0,146,1.395876
0.0,6,1.397092
1.0,1,1.397318
1.0,11,1.39952
1.0,87,1.417102
0.0,163,1.449641
1.0,1,1.449872
0.0,16,1.453053
0.0,27,1.458425
0.0,91,1.476369
1.0,1,1.476596
1.0,11,1.478795
1.0,135,1.505443
1.0,320,1.568593
1.0,1,1.568824
0.0,9,1.570638
1.0,113,1.593335
0.0,49,1.603397
1.0,1,1.603623
1.0,11,1.605826
0.0,28,1.61137
0.0,77,1.626953
1.0,1,1.627181
1.0,13,1.629776
0.0,46,1.63905
0.0,13,1.641681
1.0,1,1.641906
1.0,13,1.644496
0.0,59,1.656177
0.0,47,1.665465
1.0,1,1.665691
1.0,13,1.668297
1.0,71,1.682257
1.0,83,1.698542
1.0,1,1.698769
1.0,11,1.700972
1.0,48,1.710469
0.0,220,1.753972
1.0,3,1.754601
1.0,11,1.75681
0.0,24,1.761574
0.0,198,1.801399
1.0,1,1.801643
1.0,11,1.803848
0.0,13,1.806558
1.0,116,1.829935
1.0,1,1.830158
1.0,11,1.832371
0.0,119,1.855955
0.0,8,1.857569
1.0,1,1.857865
1.0,11,1.860078
0.0,35,1.866996
1.0,335,1.93381
1.0,1,1.934039
1.0,12,1.936443
1.0,71,1.950405
0.0,76,1.965423
1.0,1,1.965651
1.0,12,1.968054
0.0,26,1.973197
1.0,137,2.000918
1.0,3,2.001549
1.0,13,2.00418
1.0,65,2.017224
0.0,27,2.02281
1.0,1,2.023036
0.0,9,2.02488
1.0,71,2.039036
1.0,214,2.081407
1.0,1,2.081639
1.0,11,2.083838
1.0,145,2.11253
0.0,411,2.194632
1.0,1,2.194863
0.0,8,2.196476
1.0,123,2.22138
0.0,23,2.225943
1.0,4,2.226758
1.0,11,2.228969
0.0,13,2.23163
0.0,126,2.257086
1.0,1,2.257315
1.0,11,2.259517
1.0,43,2.268051
0.0,30,2.274051
1.0,1,2.274277
1.0,11,2.276523
1.0,36,2.283636
0.0,2,2.284073
1.0,1,2.284302
1.0,11,2.28651
1.0,39,2.294207
0.0,85,2.314073
1.0,3,2.314715
1.0,11,2.316928
0.0,88,2.334293
0.0,18,2.337867
1.0,1,2.338093
1.0,11,2.34031
1.0,33,2.346808
0.0,4,2.347627
1.0,1,2.347849
1.0,12,2.35031
1.0,35,2.357223
0.0,36,2.364395
1.0,1,2.364621
1.0,12,2.36701
1.0,49,2.376697
1.0,77,2.392532
1.0,2,2.392964
1.0,11,2.39516
1.0,133,2.421969
0.0,203,2.462719
1.0,1,2.462951
0.0,7,2.46437
1.0,34,2.471098
1.0,48,2.480677
1.0,1,2.480905
0.0,4,2.481725
1.0,117,2.504841
0.0,12,2.507241
1.0,1,2.507466
1.0,13,2.51007
1.0,39,2.517757
0.0,58,2.529233
1.0,3,2.529854
1.0,13,2.53252
1.0,47,2.541881
1.0,104,2.562353
1.0,1,2.562582
1.0,13,2.56531
1.0,47,2.574583
0.0,116,2.597947
1.0,1,2.598178
1.0,15,2.601262
1.0,36,2.608822
1.0,68,2.622419
1.0,1,2.622649
1.0,11,2.624925
1.0,31,2.631045
1.0,174,2.666139
1.0,1,2.666368
1.0,11,2.668576
1.0,70,2.682385
1.0,52,2.692696
1.0,1,2.692924
1.0,13,2.695501
1.0,52,2.705783
0.0,9,2.707579
1.0,1,2.707801
1.0,11,2.710002
1.0,46,2.719051
1.0,187,2.756085
1.0,1,2.756313
0.0,6,2.757532
1.0,31,2.763682
1.0,48,2.773214
1.0,1,2.773441
1.0,16,2.776636
1.0,100,2.796613
1.0,52,2.807432
1.0,1,2.807659
1.0,17,2.811068
1.0,30,2.817049
1.0,165,2.850274
1.0,1,2.850504
1.0,11,2.852715
1.0,30,2.858735
1.0,43,2.867217
1.0,1,2.867441
1.0,13,2.870033
1.0,34,2.87676
1.0,54,2.887818
1.0,1,2.888049
1.0,13,2.890924
1.0,28,2.896453
1.0,32,2.9031
1.0,1,2.903323
1.0,12,2.905948
1.0,88,2.923434
0.0,29,2.929188
1.0,1,2.929415
1.0,11,2.931626
0.0,18,2.935209
1.0,29,2.940957
1.0,1,2.941182
1.0,13,2.943768
1.0,33,2.950305
0.0,12,2.952705
1.0,3,2.953323
1.0,13,2.956002
1.0,23,2.960577
1.0,37,2.967877
1.0,1,2.968107
0.0,9,2.969913
1.0,33,2.976453
0.0,42,2.984727
1.0,1,2.984955
1.0,17,2.988324
1.0,32,2.994946
1.0,32,3.001288
1.0,1,3.001546
0.0,2,3.00198
1.0,24,3.007215
1.0,204,3.048403
1.0,1,3.048631
1.0,11,3.050842
1.0,24,3.05569
1.0,43,3.064214
1.0,1,3.064442
1.0,13,3.067109
1.0,26,3.072347
0.0,17,3.075734
1.0,1,3.075963
1.0,11,3.078167
1.0,25,3.08313
0.0,29,3.08889
1.0,1,3.089117
1.0,11,3.091321
1.0,26,3.09649
1.0,47,3.105867
1.0,1,3.106095
1.0,12,3.108501
1.0,25,3.113484
1.0,36,3.120618
1.0,1,3.120847
1.0,13,3.123447
1.0,23,3.128028
1.0,70,3.141899
1.0,1,3.142126
0.0,9,3.144063
0.0,12,3.146474
1.0,28,3.152016
1.0,3,3.15264
1.0,11,3.15485
0.0,16,3.158029
1.0,28,3.163596
1.0,1,3.163824
1.0,14,3.166627
1.0,25,3.171608
1.0,31,3.177774
1.0,1,3.178001
1.0,11,3.180222
1.0,27,3.185642
0.0,36,3.192781
1.0,3,3.193596
1.0,11,3.195815
1.0,23,3.2004
1.0,23,3.205291
1.0,1,3.205519
1.0,12,3.208042
0.0,19,3.211862
0.0,12,3.214254
1.0,1,3.214479
1.0,11,3.216686
1.0,25,3.221867
0.0,4,3.222686
1.0,1,3.222909
1.0,13,3.225656
0.0,23,3.230341
1.0,26,3.235641
1.0,1,3.235868
1.0,12,3.238281
0.0,19,3.242108
1.0,26,3.247293
1.0,1,3.24752
1.0,11,3.249728
0.0,10,3.251727
1.0,27,3.257123
1.0,1,3.257351
1.0,13,3.25999
1.0,29,3.265745
1.0,25,3.270704
1.0,1,3.270928
1.0,12,3.27334
1.0,27,3.278717
1.0,23,3.283278
1.0,1,3.283505
1.0,11,3.28571
1.0,25,3.29067
1.0,28,3.296349
1.0,1,3.296575
0.0,6,3.297796
1.0,23,3.302404
1.0,37,3.309754
1.0,1,3.309978
1.0,13,3.312573
1.0,27,3.317931
1.0,23,3.322486
1.0,1,3.322711
1.0,13,3.325292
1.0,25,3.33025
1.0,23,3.334857
1.0,1,3.335083
1.0,12,3.337476
1.0,25,3.342449
1.0,32,3.348787
1.0,1,3.349014
1.0,12,3.351402
0.0,10,3.353393
0.0,12,3.355787
1.0,1,3.356015
1.0,13,3.35861
1.0,29,3.364363
1.0,23,3.368928
1.0,1,3.369154
0.0,11,3.371427
0.0,6,3.372642
1.0,29,3.378378
1.0,2,3.378799
1.0,13,3.381383
1.0,23,3.386051
1.0,23,3.39079
1.0,1,3.391017
1.0,14,3.393806
1.0,27,3.399377
0.0,14,3.402419
1.0,1,3.402643
0.0,10,3.404657
1.0,27,3.410415
1.0,25,3.415436
1.0,1,3.415662
1.0,11,3.417866
1.0,27,3.423288
1.0,25,3.428345
1.0,1,3.428571
1.0,16,3.431736
1.0,25,3.43671
1.0,25,3.441653
1.0,1,3.441879
1.0,12,3.44452
1.0,25,3.449672
1.0,23,3.454259
1.0,1,3.454484
1.0,12,3.456876
1.0,27,3.462241
1.0,25,3.467218
1.0,1,3.467444
1.0,12,3.469825
1.0,25,3.474763
1.0,42,3.483053
1.0,1,3.483281
1.0,11,3.485484
1.0,25,3.490432
1.0,25,3.49537
1.0,1,3.495595
1.0,11,3.497799
1.0,26,3.502932
0.0,6,3.504143
1.0,1,3.504373
1.0,11,3.506571
1.0,27,3.511892
1.0,27,3.517229
1.0,1,3.517456
1.0,11,3.519652
1.0,32,3.52602
1.0,24,3.530763
1.0,1,3.530987
0.0,4,3.531802
1.0,32,3.53812
1.0,23,3.542669
1.0,1,3.542893
0.0,4,3.543713
1.0,29,3.549438
1.0,24,3.554173
1.0,3,3.554791
1.0,12,3.557185
1.0,23,3.561767
0.0,8,3.563369
1.0,1,3.563592
1.0,11,3.565792
1.0,25,3.570732
1.0,23,3.575291
1.0,1,3.575522
1.0,11,3.577723
1.0,28,3.583249
0.0,4,3.584096
1.0,1,3.584321
1.0,11,3.586516
1.0,25,3.591506
1.0,26,3.597012
1.0,3,3.597635
1.0,11,3.599828
1.0,26,3.604961
1.0,174,3.640175
1.0,1,3.640405
1.0,13,3.642989
1.0,24,3.647724
1.0,23,3.652376
1.0,1,3.652602
1.0,13,3.655191
1.0,28,3.66089
1.0,41,3.669132
1.0,1,3.669356
1.0,11,3.671548
1.0,25,3.676589
1.0,28,3.682125
1.0,1,3.68235
1.0,13,3.684941
1.0,25,3.689983
0.0,20,3.693947
1.0,1,3.694171
1.0,12,3.69655
1.0,23,3.701097
1.0,24,3.705838
1.0,1,3.706063
1.0,11,3.708258
1.0,25,3.713249
0.0,12,3.715631
1.0,1,3.715854
1.0,14,3.718625
1.0,27,3.723976
1.0,29,3.729713
1.0,1,3.729942
1.0,11,3.732143
1.0,23,3.736695
1.0,24,3.741457
1.0,1,3.741683
0.0,7,3.743097
1.0,26,3.748304
0.0,19,3.752051
1.0,1,3.752274
0.0,7,3.753696
1.0,25,3.758653
0.0,20,3.762604
1.0,2,3.763022
1.0,16,3.766173
1.0,29,3.771905
1.0,25,3.776854
1.0,1,3.77708
0.0,6,3.778298
0.0,8,3.779899
1.0,23,3.784465
1.0,1,3.784691
1.0,11,3.786923
0.0,19,3.790699
1.0,23,3.795249
1.0,1,3.795685
1.0,15,3.798687
1.0,23,3.803251
1.0,120,3.827691
1.0,1,3.827915
1.0,13,3.83051
1.0,27,3.835979
1.0,25,3.840951
1.0,3,3.841571
1.0,11,3.843765
1.0,23,3.848619
0.0,4,3.84943
1.0,1,3.849652
1.0,13,3.852279
0.0,4,3.853093
1.0,25,3.858013
1.0,1,3.858238
1.0,16,3.861459
1.0,24,3.866224
0.0,4,3.867075
1.0,3,3.867693
1.0,11,3.869899
1.0,23,3.874448
1.0,23,3.87901
1.0,1,3.879234
1.0,13,3.881828
1.0,25,3.887078
1.0,30,3.893018
1.0,1,3.893244
1.0,11,3.895452
0.0,22,3.899855
1.0,25,3.905149
1.0,1,3.905412
1.0,11,3.907607
1.0,23,3.912173
1.0,25,3.917106
1.0,1,3.917333
1.0,11,3.919531
1.0,23,3.924084
1.0,26,3.929226
1.0,1,3.929452
1.0,13,3.932047
1.0,33,3.938583
1.0,25,3.943515
1.0,1,3.94374
0.0,2,3.944171
1.0,32,3.950477
0.0,4,3.951295
1.0,1,3.951524
1.0,11,3.953732
1.0,23,3.95829
1.0,23,3.962835
1.0,1,3.963061
1.0,11,3.965266
1.0,26,3.970409
1.0,26,3.975724
1.0,1,3.975955
1.0,11,3.978157
1.0,25,3.983107
1.0,23,3.987655
1.0,1,3.987882
1.0,11,3.990085
1.0,25,3.995044
1.0,33,4.001887
1.0,1,4.002117
1.0,11,4.004327
0.0,4,4.005143
1.0,25,4.010472
1.0,1,4.010697
0.0,2,4.011123
1.0,27,4.016562
1.0,25,4.021522
1.0,3,4.022143
1.0,11,4.024487
1.0,27,4.030142
1.0,23,4.034753
1.0,1,4.034978
1.0,11,4.037255
1.0,24,4.042063
1.0,23,4.046652
1.0,1,4.04688
1.0,11,4.049113
0.0,4,4.049964
1.0,24,4.054847
1.0,1,4.055075
1.0,11,4.057285
1.0,26,4.062449
1.0,31,4.068564
1.0,1,4.068792
1.0,12,4.071187
1.0,23,4.075733
1.0,25,4.080687
1.0,1,4.080914
1.0,15,4.083885
1.0,27,4.089274
1.0,27,4.094603
1.0,1,4.09483
0.0,8,4.096443
0.0,8,4.098037
0.0,8,4.099631
1.0,1,4.099854
1.0,13,4.102483
1.0,25,4.107433
0.0,5,4.108448
1.0,1,4.108671
1.0,11,4.110866
1.0,31,4.116982
1.0,27,4.122976
1.0,2,4.123397
1.0,15,4.126415
1.0,30,4.132417
1.0,25,4.137359
1.0,1,4.137585
1.0,12,4.139988
0.0,4,4.14079
0.0,8,4.142391
1.0,1,4.142611
1.0,11,4.144804
1.0,25,4.149745
1.0,23,4.154376
1.0,1,4.154599
1.0,13,4.157201
1.0,26,4.162354
1.0,29,4.168193
1.0,1,4.168422
1.0,12,4.170805
0.0,11,4.173686
0.0,16,4.176873
1.0,1,4.177101
1.0,13,4.179701
0.0,6,4.180913
1.0,25,4.185861
1.0,1,4.186088
1.0,15,4.189073
1.0,25,4.194045
1.0,23,4.198617
1.0,1,4.198844
1.0,11,4.201411
1.0,26,4.20659
1.0,28,4.212099
1.0,1,4.212324
1.0,11,4.214523
1.0,23,4.219089
1.0,25,4.224115
1.0,1,4.224341
0.0,7,4.225883
1.0,25,4.231073
1.0,24,4.235853
1.0,1,4.236081
1.0,13,4.238728
0.0,9,4.240523
1.0,27,4.24588
1.0,3,4.246502
1.0,11,4.248707
1.0,24,4.253486
0.0,8,4.255085
1.0,1,4.255307
1.0,11,4.257506
1.0,25,4.262454
0.0,16,4.265626
1.0,1,4.265848
1.0,15,4.268827
1.0,32,4.275138
1.0,25,4.280119
1.0,1,4.280345
1.0,13,4.282933
1.0,23,4.287505
1.0,25,4.292456
1.0,1,4.292683
1.0,11,4.294888
1.0,23,4.299438
1.0,25,4.304399
1.0,1,4.304625
1.0,11,4.306828
1.0,25,4.311781
1.0,23,4.316404
1.0,1,4.316631
1.0,13,4.319223
1.0,26,4.324375
1.0,23,4.328937
1.0,1,4.329162
0.0,6,4.330379
1.0,23,4.334956
0.0,15,4.337943
1.0,1,4.338168
1.0,14,4.340963
1.0,24,4.345722
1.0,23,4.350284
1.0,1,4.35051
1.0,11,4.352766
1.0,25,4.35772
0.0,20,4.361687
1.0,1,4.361912
1.0,11,4.364113
1.0,23,4.368678
1.0,25,4.373627
1.0,1,4.373853
0.0,8,4.375464
1.0,29,4.381201
1.0,26,4.386585
1.0,1,4.386827
1.0,15,4.389917
0.0,16,4.39309
1.0,23,4.397643
1.0,1,4.397869
1.0,11,4.400333
1.0,28,4.406182
1.0,23,4.410885
1.0,1,4.411112
1.0,11,4.413321
1.0,27,4.418698
1.0,30,4.424633
1.0,1,4.424859
1.0,11,4.427059
1.0,24,4.432079
1.0,28,4.437831
1.0,1,4.438057
1.0,11,4.440409
0.0,18,4.444029
1.0,25,4.449014
1.0,1,4.44924
1.0,12,4.451631
1.0,26,4.456775
1.0,23,4.461345
1.0,1,4.461572
1.0,11,4.463818
1.0,28,4.469417
1.0,25,4.474356
1.0,1,4.474583
1.0,17,4.477965
0.0,6,4.479177
1.0,23,4.483731
1.0,3,4.484356
1.0,13,4.486945
1.0,29,4.492672
1.0,28,4.498203
1.0,1,4.498429
1.0,11,4.500638
1.0,27,4.506019
1.0,27,4.511371
1.0,1,4.511599
0.0,6,4.512859
1.0,23,4.517431
0.0,6,4.518644
1.0,3,4.519262
1.0,11,4.521466
1.0,24,4.526231
1.0,27,4.531587
1.0,1,4.531815
1.0,11,4.534022
1.0,26,4.539184
0.0,8,4.540832
1.0,1,4.541059
1.0,11,4.543268
1.0,23,4.547837
1.0,28,4.553385
1.0,1,4.553612
1.0,14,4.556389
1.0,27,4.56174
1.0,27,4.567144
1.0,1,4.56737
1.0,11,4.569567
0.0,4,4.570382
1.0,23,4.574937
1.0,1,4.575166
1.0,13,4.577763
0.0,18,4.581382
0.0,24,4.58613
1.0,1,4.586357
1.0,13,4.588958
1.0,25,4.593923
1.0,24,4.598679
1.0,1,4.598903
1.0,11,4.601356
1.0,26,4.606522
1.0,30,4.612754
1.0,2,4.613252
1.0,11,4.615447
0.0,6,4.616713
0.0,12,4.619144
1.0,1,4.619368
1.0,13,4.62196
1.0,27,4.627334
1.0,25,4.632413
1.0,1,4.632639
1.0,12,4.635038
1.0,25,4.639995
1.0,31,4.646153
1.0,1,4.64638
1.0,11,4.648577
0.0,17,4.652255
1.0,28,4.657902
1.0,1,4.658129
1.0,11,4.660334
0.0,8,4.661927
1.0,23,4.666488
1.0,1,4.666716
1.0,11,4.668921
1.0,25,4.673896
1.0,29,4.679675
1.0,1,4.6799
1.0,11,4.682108
1.0,24,4.686862
1.0,29,4.692704
1.0,1,4.692935
1.0,13,4.695529
1.0,26,4.700679
1.0,101,4.720627
1.0,1,4.720854
0.0,7,4.72227
1.0,27,4.727603
0.0,4,4.728418
1.0,1,4.728643
1.0,15,4.731681
1.0,26,4.736837
1.0,28,4.742387
1.0,2,4.742809
1.0,11,4.74501
1.0,27,4.750379
1.0,25,4.755636
1.0,1,4.755862
1.0,11,4.75807
1.0,26,4.763209
1.0,29,4.769016
1.0,1,4.769241
1.0,13,4.772215
1.0,23,4.776767
0.0,24,4.781521
1.0,1,4.781748
0.0,2,4.782173
0.0,6,4.783381
1.0,31,4.789507
1.0,3,4.790128
1.0,11,4.792331
1.0,27,4.797671
1.0,29,4.803642
1.0,1,4.803871
1.0,17,4.807336
1.0,24,4.812097
1.0,25,4.81704
1.0,3,4.817662
0.0,8,4.819275
0.0,6,4.820488
1.0,27,4.825948
1.0,1,4.82621
1.0,13,4.829096
1.0,25,4.834081
1.0,27,4.839414
1.0,1,4.839639
1.0,11,4.841839
1.0,29,4.847629
1.0,27,4.85301
1.0,1,4.853236
1.0,11,4.855433
1.0,23,4.859991
1.0,29,4.865705
1.0,3,4.866326
1.0,12,4.868715
1.0,23,4.873277
1.0,24,4.878014
1.0,1,4.87824
1.0,14,4.881063
1.0,25,4.886066
1.0,33,4.892897
1.0,1,4.893122
0.0,9,4.894925
1.0,27,4.900254
1.0,24,4.905299
1.0,1,4.905525
1.0,11,4.907757
1.0,27,4.913103
1.0,34,4.919871
1.0,1,4.920102
1.0,13,4.922692
1.0,25,4.927624
1.0,29,4.933349
1.0,3,4.933969
1.0,11,4.936178
1.0,23,4.940736
0.0,18,4.944295
1.0,1,4.94452
1.0,15,4.947487
1.0,24,4.952241
1.0,26,4.957418
1.0,1,4.957646
1.0,11,4.959849
0.0,14,4.962618
0.0,91,4.981829
1.0,1,4.98207
1.0,11,4.984349
1.0,25,4.98948
1.0,27,4.995018
1.0,1,4.995248
0.0,14,4.998103
1.0,25,5.003179
1.0,25,5.008484
1.0,3,5.009109
1.0,11,5.011348
1.0,27,5.016843
1.0,27,5.022387
1.0,1,5.022614
1.0,11,5.024958
1.0,24,5.029794
1.0,30,5.035824
1.0,1,5.036055
1.0,14,5.038842
0.0,10,5.040831
0.0,9,5.042624
1.0,1,5.042847
1.0,11,5.045271
1.0,26,5.05056
1.0,27,5.056025
1.0,1,5.056251
1.0,11,5.058452
0.0,17,5.061807
1.0,29,5.067582
1.0,1,5.067808
1.0,12,5.070256
0.0,17,5.073632
1.0,25,5.078616
1.0,1,5.078845
1.0,11,5.081051
1.0,25,5.086
0.0,4,5.086813
1.0,1,5.087034
1.0,11,5.089233
1.0,25,5.094175
0.0,20,5.098146
1.0,1,5.098373
1.0,15,5.101351
1.0,25,5.106302
1.0,29,5.112083
1.0,1,5.112312
1.0,11,5.114511
1.0,28,5.120027
1.0,25,5.124974
1.0,1,5.125196
1.0,11,5.127398
1.0,25,5.132354
1.0,25,5.137309
1.0,1,5.137541
0.0,7,5.138954
1.0,31,5.145154
1.0,32,5.15148
1.0,1,5.151707
1.0,13,5.154305
1.0,23,5.158861
1.0,23,5.163416
1.0,1,5.163642
1.0,11,5.165838
1.0,30,5.171763
0.0,8,5.17337
1.0,1,5.173595
1.0,11,5.1758
1.0,27,5.181137
1.0,25,5.186131
1.0,1,5.186359
1.0,11,5.188574
1.0,29,5.194383
1.0,27,5.199723
1.0,1,5.199956
1.0,11,5.202157
1.0,26,5.207544
1.0,30,5.213429
1.0,3,5.214051
1.0,11,5.21649
1.0,31,5.222862
1.0,30,5.228776
1.0,1,5.229002
1.0,11,5.231236
1.0,25,5.236292
1.0,25,5.241426
1.0,1,5.241652
0.0,2,5.242075
0.0,21,5.246299
1.0,27,5.251647
1.0,1,5.251873
1.0,11,5.254083
1.0,27,5.259513
1.0,31,5.265662
1.0,1,5.265888
1.0,15,5.268883
1.0,25,5.27382
1.0,23,5.278367
1.0,1,5.278593
1.0,14,5.281382
0.0,12,5.283765
1.0,25,5.288705
1.0,3,5.289328
1.0,11,5.291527
1.0,23,5.29613
1.0,27,5.301447
1.0,1,5.301674
1.0,11,5.303867
1.0,25,5.308813
1.0,34,5.315505
1.0,1,5.315735
1.0,12,5.318153
1.0,24,5.322898
1.0,29,5.328639
1.0,1,5.328865
0.0,7,5.330274
0.0,21,5.334514
0.0,16,5.337682
1.0,2,5.338095
1.0,11,5.340286
1.0,29,5.345993
1.0,27,5.351322
1.0,1,5.351547
1.0,11,5.353748
0.0,10,5.355728
1.0,23,5.360279
1.0,1,5.360506
1.0,13,5.363089
1.0,25,5.368038
1.0,31,5.374207
1.0,1,5.374433
0.0,8,5.376044
0.0,17,5.379417
1.0,26,5.384566
1.0,1,5.384793
1.0,11,5.38732
0.0,8,5.388965
1.0,25,5.3939
1.0,1,5.394125
1.0,12,5.396511
1.0,25,5.40143
1.0,25,5.40694
1.0,1,5.407169
1.0,11,5.409451
0.0,6,5.410655
1.0,27,5.415984
1.0,1,5.416211
1.0,11,5.418407
1.0,29,5.424162
0.0,18,5.428042
1.0,1,5.428279
1.0,11,5.430585
1.0,23,5.435161
1.0,27,5.440503
1.0,1,5.440729
1.0,11,5.442928
1.0,25,5.447983
1.0,23,5.452538
1.0,1,5.452764
1.0,11,5.454961
1.0,36,5.46208
1.0,27,5.467417
1.0,1,5.467645
1.0,11,5.469849
1.0,23,5.474389
1.0,27,5.479818
1.0,1,5.480047
1.0,11,5.482244
0.0,18,5.485888
1.0,23,5.490439
1.0,1,5.490665
0.0,7,5.492081
1.0,23,5.496626
1.0,30,5.502559
1.0,1,5.502786
1.0,12,5.505175
1.0,33,5.51167
0.0,17,5.515029
1.0,1,5.515254
1.0,11,5.517455
1.0,25,5.522388
1.0,23,5.526966
1.0,1,5.527191
1.0,12,5.529576
0.0,17,5.532961
1.0,28,5.53847
1.0,1,5.538696
1.0,11,5.540897
1.0,26,5.546014
0.0,16,5.549185
1.0,1,5.549407
1.0,11,5.551603
1.0,23,5.556263
1.0,25,5.561269
1.0,1,5.561496
1.0,13,5.564084
1.0,25,5.569026
1.0,23,5.573585
1.0,1,5.573812
0.0,4,5.57463
1.0,25,5.579569
1.0,29,5.585288
1.0,1,5.585514
1.0,11,5.587708
1.0,26,5.592842
1.0,30,5.598844
1.0,1,5.59907
1.0,13,5.601663
1.0,30,5.607816
1.0,25,5.612797
1.0,2,5.613217
1.0,13,5.615962
0.0,19,5.619854
1.0,24,5.624638
1.0,1,5.624864
1.0,12,5.627253
1.0,30,5.633363
1.0,23,5.638401
1.0,1,5.638683
1.0,11,5.64094
1.0,23,5.645539
1.0,25,5.650479
1.0,1,5.650706
1.0,11,5.652903
1.0,27,5.658243
1.0,24,5.662981
1.0,1,5.663206
1.0,15,5.666183
0.0,21,5.6704
1.0,30,5.676378
1.0,1,5.676603
0.0,4,5.677421
1.0,27,5.682749
0.0,6,5.683954
1.0,4,5.684768
1.0,11,5.686961
1.0,25,5.69189
1.0,23,5.696453
1.0,1,5.69668
1.0,11,5.69888
1.0,25,5.703811
1.0,27,5.709141
1.0,1,5.709367
1.0,13,5.712025
1.0,33,5.718531
0.0,20,5.722491
1.0,1,5.722715
1.0,11,5.724911
1.0,36,5.732012
1.0,30,5.737927
1.0,1,5.738153
1.0,12,5.740544
1.0,28,5.746062
1.0,25,5.751021
1.0,1,5.751248
1.0,11,5.753445
0.0,12,5.755831
1.0,23,5.760382
1.0,1,5.760608
1.0,15,5.763578
1.0,25,5.76851
1.0,23,5.77305
1.0,2,5.77347
1.0,11,5.775661
1.0,23,5.780195
1.0,25,5.785195
1.0,1,5.78542
1.0,14,5.788264
1.0,29,5.793985
1.0,27,5.799321
1.0,1,5.799547
1.0,13,5.80213
1.0,25,5.80727
1.0,27,5.812608
1.0,1,5.812837
1.0,11,5.815037
1.0,30,5.821268
1.0,29,5.827097
1.0,1,5.827323
0.0,4,5.828146
1.0,25,5.833222
1.0,28,5.839007
1.0,1,5.839233
1.0,11,5.841532
1.0,23,5.846156
0.0,14,5.848939
1.0,1,5.84916
1.0,12,5.851537
1.0,23,5.856121
1.0,30,5.862017
1.0,1,5.862242
1.0,14,5.865116
1.0,25,5.870053
1.0,25,5.874992
1.0,1,5.875219
1.0,11,5.877417
1.0,25,5.882364
1.0,23,5.887298
1.0,1,5.887526
1.0,11,5.889731
1.0,31,5.895842
1.0,29,5.901595
1.0,1,5.901823
1.0,13,5.904747
1.0,23,5.909323
1.0,23,5.913884
1.0,1,5.914109
1.0,12,5.916506
1.0,25,5.921446
1.0,23,5.926008
1.0,1,5.926235
1.0,11,5.928442
1.0,28,5.933964
1.0,25,5.938948
1.0,1,5.939176
0.0,2,5.939602
0.0,12,5.941983
1.0,25,5.946946
1.0,1,5.94717
1.0,15,5.95015
1.0,25,5.955089
0.0,8,5.956701
1.0,1,5.956926
1.0,12,5.959314
1.0,25,5.964283
1.0,35,5.971156
1.0,3,5.971776
1.0,12,5.974174
1.0,24,5.979017
1.0,23,5.983571
1.0,1,5.983797
1.0,15,5.986773
1.0,25,5.991715
0.0,14,5.99449
1.0,1,5.994712
1.0,11,5.996911
1.0,23,6.001457
1.0,25,6.006606
1.0,1,6.006835
1.0,11,6.00904
0.0,12,6.011419
1.0,25,6.01648
1.0,1,6.016707
0.0,8,6.018312
1.0,23,6.022856
1.0,25,6.028114
1.0,2,6.028546
1.0,11,6.030834
1.0,27,6.036202
1.0,26,6.041334
1.0,1,6.041561
1.0,13,6.044155
1.0,23,6.048749
0.0,4,6.049559
1.0,1,6.04978
1.0,12,6.052321
1.0,26,6.057653
1.0,26,6.062836
1.0,1,6.06306
1.0,14,6.06584
0.0,6,6.067044
1.0,26,6.072175
1.0,1,6.072401
1.0,11,6.074586
0.0,21,6.078727
1.0,30,6.084636
1.0,1,6.084865
0.0,4,6.085681
0.0,19,6.089445
1.0,29,6.095269
1.0,1,6.095497
1.0,11,6.097699
1.0,26,6.102824
1.0,28,6.108348
1.0,3,6.108964
1.0,11,6.111155
1.0,23,6.115707
1.0,23,6.120397
1.0,1,6.120623
1.0,11,6.12283
1.0,23,6.127388
1.0,23,6.132085
1.0,3,6.132706
0.0,4,6.133522
1.0,29,6.139302
0.0,7,6.140753
1.0,1,6.140977
1.0,18,6.144584
1.0,24,6.149392
1.0,23,6.153981
1.0,1,6.154208
1.0,11,6.15641
0.0,14,6.159194
1.0,25,6.164134
1.0,1,6.164361
1.0,11,6.166665
1.0,23,6.171216
0.0,14,6.17404
1.0,1,6.174264
1.0,16,6.177439
1.0,25,6.182438
1.0,25,6.187394
1.0,2,6.187813
1.0,11,6.190006
1.0,25,6.194938
0.0,9,6.19674
1.0,1,6.196965
1.0,13,6.199559
0.0,4,6.200374
1.0,25,6.205447
1.0,1,6.205673
0.0,9,6.207684
1.0,23,6.212263
1.0,23,6.216817
1.0,1,6.217147
1.0,11,6.219519
1.0,27,6.224942
0.0,12,6.227342
1.0,1,6.227568
1.0,11,6.229772
1.0,27,6.235197
1.0,27,6.240807
1.0,1,6.241033
0.0,2,6.241581
1.0,25,6.246664
1.0,29,6.252424
1.0,1,6.25265
1.0,11,6.254854
1.0,25,6.259846
1.0,23,6.26441
1.0,1,6.264639
1.0,11,6.266846
1.0,27,6.272229
1.0,32,6.278544
1.0,3,6.279253
1.0,11,6.281451
1.0,25,6.286409
1.0,26,6.291543
1.0,1,6.29177
1.0,11,6.293961
1.0,25,6.298914
1.0,27,6.304256
1.0,1,6.304481
1.0,13,6.307066
1.0,23,6.311646
1.0,25,6.316603
1.0,1,6.316906
0.0,4,6.317721
1.0,23,6.322286
1.0,24,6.327038
1.0,1,6.327265
1.0,13,6.329853
1.0,23,6.334474
1.0,25,6.339421
1.0,1,6.339648
1.0,14,6.342425
1.0,25,6.347356
1.0,25,6.352307
1.0,1,6.352531
1.0,11,6.354774
1.0,23,6.359322
0.0,16,6.362495
1.0,1,6.362722
1.0,13,6.365314
1.0,27,6.370641
0.0,12,6.373064
1.0,1,6.373292
1.0,11,6.375487
1.0,23,6.380036
1.0,23,6.384604
1.0,1,6.38483
1.0,13,6.387773
1.0,27,6.393168
1.0,25,6.398114
1.0,1,6.398342
0.0,7,6.399755
1.0,25,6.405057
1.0,23,6.409887
1.0,1,6.410116
1.0,11,6.412322
1.0,25,6.417271
0.0,6,6.418584
1.0,1,6.418877
1.0,12,6.421418
1.0,23,6.426014
1.0,23,6.430614
1.0,1,6.430843
1.0,13,6.433437
1.0,33,6.44027
1.0,28,6.44585
1.0,1,6.446076
1.0,11,6.448313
1.0,27,6.453686
1.0,23,6.458233
1.0,1,6.458458
1.0,11,6.460658
1.0,31,6.466788
1.0,26,6.472043
1.0,1,6.472269
1.0,11,6.474468
1.0,24,6.479237
1.0,23,6.483783
1.0,1,6.484017
1.0,11,6.486213
1.0,23,6.490763
1.0,27,6.49609
1.0,1,6.496318
0.0,10,6.498319
0.0,6,6.499531
1.0,28,6.505054
1.0,4,6.505976
1.0,11,6.508216
1.0,28,6.51373
1.0,23,6.518277
1.0,1,6.518504
1.0,12,6.520903
0.0,16,6.524067
1.0,31,6.530156
1.0,1,6.530382
0.0,2,6.530805
1.0,27,6.536121
1.0,30,6.542044
1.0,1,6.542271
0.0,9,6.544144
1.0,23,6.548711
1.0,27,6.554029
1.0,1,6.554255
1.0,13,6.556847
1.0,24,6.561594
0.0,14,6.564384
1.0,1,6.564609
1.0,18,6.568289
1.0,24,6.573041
1.0,28,6.578574
1.0,1,6.578801
1.0,13,6.581398
0.0,21,6.58563
0.0,18,6.589202
1.0,1,6.58943
1.0,11,6.591632
0.0,10,6.59363
1.0,23,6.598188
1.0,1,6.598416
0.0,6,6.599633
1.0,24,6.60441
1.0,24,6.609396
1.0,1,6.609625
1.0,13,6.612216
0.0,4,6.613029
1.0,24,6.617767
1.0,1,6.617995
0.0,9,6.619838
1.0,23,6.624403
1.0,24,6.629445
1.0,1,6.629673
1.0,14,6.632541
1.0,25,6.637514
1.0,25,6.642444
1.0,2,6.642867
1.0,13,6.645456
1.0,27,6.6508
1.0,23,6.655411
1.0,1,6.655638
1.0,11,6.65789
0.0,9,6.659678
1.0,23,6.664348
1.0,1,6.664575
1.0,11,6.666767
1.0,26,6.671883
0.0,14,6.674674
1.0,1,6.674899
1.0,11,6.677101
1.0,29,6.682843
1.0,27,6.688179
1.0,1,6.688407
1.0,11,6.690599
1.0,25,6.695797
0.0,25,6.700732
1.0,1,6.700959
1.0,13,6.703542
1.0,25,6.708488
1.0,26,6.713614
1.0,1,6.71384
1.0,11,6.716036
1.0,23,6.720596
1.0,23,6.725142
1.0,1,6.725368
1.0,11,6.727573
0.0,6,6.72878
1.0,29,6.734583
1.0,1,6.734806
1.0,12,6.737202
0.0,6,6.738406
1.0,23,6.742947
1.0,1,6.743173
1.0,11,6.745369
1.0,31,6.751491
0.0,13,6.754183
1.0,1,6.75441
1.0,13,6.757005
0.0,8,6.758612
1.0,23,6.763169
1.0,1,6.763396
0.0,6,6.764623
1.0,25,6.769579
1.0,23,6.774245
1.0,1,6.774475
1.0,13,6.77707
0.0,19,6.780843
1.0,24,6.785601
1.0,2,6.786021
1.0,13,6.7886
1.0,29,6.794342
1.0,26,6.799486
1.0,1,6.799714
1.0,11,6.801909
1.0,26,6.807049
1.0,30,6.813155
1.0,1,6.813386
1.0,11,6.815596
0.0,22,6.820246
1.0,28,6.825876
1.0,1,6.826102
1.0,17,6.829516
1.0,23,6.834069
1.0,24,6.838985
1.0,1,6.839213
1.0,11,6.841587
1.0,27,6.84715
1.0,27,6.852561
1.0,1,6.852788
1.0,11,6.854987
1.0,23,6.85954
1.0,25,6.864489
1.0,1,6.864715
0.0,6,6.865933
1.0,25,6.870884
1.0,29,6.876626
1.0,1,6.876853
1.0,11,6.879083
1.0,23,6.883627
1.0,25,6.888965
1.0,1,6.88919
1.0,11,6.891381
1.0,24,6.896127
1.0,23,6.900667
1.0,1,6.900893
1.0,11,6.903323
1.0,37,6.910651
1.0,29,6.916419
1.0,1,6.916645
1.0,12,6.919041
1.0,25,6.924058
1.0,23,6.928625
1.0,1,6.92885
1.0,14,6.931636
1.0,27,6.936958
0.0,23,6.941514
1.0,1,6.94174
1.0,13,6.944337
1.0,31,6.950436
1.0,23,6.954985
1.0,1,6.95521
1.0,11,6.957407
1.0,27,6.962902
1.0,23,6.967458
1.0,1,6.967683
1.0,13,6.970275
1.0,23,6.974833
1.0,28,6.98052
1.0,1,6.980746
1.0,13,6.983331
1.0,24,6.988083
1.0,32,6.994384
1.0,1,6.994612
1.0,11,6.996814
1.0,26,7.002057
1.0,23,7.006603
1.0,1,7.006828
1.0,13,7.009613
1.0,23,7.014183
1.0,25,7.019125
1.0,1,7.019361
1.0,15,7.022659
0.0,14,7.02544
1.0,29,7.031195
1.0,1,7.031422
1.0,11,7.033623
1.0,34,7.040505
1.0,25,7.045694
1.0,1,7.045921
1.0,13,7.04863
0.0,16,7.051807
1.0,23,7.056568
1.0,1,7.056792
1.0,12,7.059179
1.0,23,7.063765
0.0,4,7.064584
1.0,1,7.064809
1.0,11,7.067009
1.0,24,7.071765
1.0,23,7.076436
1.0,1,7.076662
1.0,12,7.07904
1.0,25,7.083977
1.0,23,7.088527
1.0,1,7.088752
1.0,14,7.091526
1.0,29,7.097239
1.0,26,7.102385
1.0,1,7.102612
1.0,11,7.104817
1.0,23,7.109377
1.0,23,7.113973
1.0,1,7.1142
1.0,13,7.116784
1.0,24,7.12154
1.0,25,7.126488
1.0,1,7.126715
1.0,11,7.12891
1.0,26,7.134038
1.0,28,7.139578
1.0,1,7.139804
0.0,8,7.141416
1.0,27,7.146732
1.0,25,7.151756
1.0,1,7.151989
1.0,11,7.154193
1.0,26,7.159327
1.0,27,7.164656
1.0,1,7.164882
1.0,13,7.167467
1.0,25,7.172434
1.0,23,7.176993
1.0,1,7.177218
0.0,4,7.178038
1.0,29,7.183766
1.0,23,7.188385
1.0,2,7.188805
0.0,6,7.190012
1.0,30,7.195952
1.0,25,7.200909
1.0,1,7.201135
0.0,8,7.202746
1.0,23,7.207303
1.0,25,7.212471
1.0,1,7.2127
1.0,13,7.215292
1.0,23,7.219858
0.0,6,7.221066
1.0,1,7.221291
1.0,12,7.223674
1.0,23,7.228488
1.0,25,7.233634
1.0,1,7.23386
0.0,4,7.234679
1.0,25,7.239662
1.0,25,7.24462
1.0,1,7.244921
1.0,11,7.24712
0.0,14,7.249894
1.0,25,7.25484
1.0,1,7.255066
1.0,15,7.25806
1.0,25,7.263104
1.0,27,7.268461
1.0,1,7.268688
1.0,11,7.270879
1.0,28,7.276408
1.0,26,7.281547
1.0,1,7.281773
1.0,14,7.284552
1.0,25,7.289508
0.0,15,7.292482
1.0,1,7.292705
1.0,11,7.295005
1.0,28,7.300623
1.0,23,7.305185
1.0,1,7.305413
1.0,11,7.307613
0.0,6,7.308817
1.0,26,7.313952
1.0,1,7.314178
0.0,4,7.314996
1.0,24,7.319751
0.0,4,7.320579
1.0,1,7.320805
1.0,13,7.323419
1.0,25,7.328382
1.0,24,7.333135
1.0,3,7.333756
1.0,13,7.336346
1.0,29,7.342148
1.0,24,7.346909
1.0,1,7.347131
1.0,15,7.350119
1.0,24,7.354878
0.0,4,7.355693
1.0,1,7.355917
1.0,11,7.358122
1.0,25,7.363078
0.0,19,7.366849
1.0,1,7.367076
1.0,11,7.369284
1.0,25,7.374238
1.0,25,7.379237
1.0,1,7.379467
1.0,12,7.381864
1.0,25,7.386893
1.0,23,7.391726
1.0,1,7.391958
1.0,11,7.39417
1.0,23,7.398798
1.0,23,7.403643
1.0,1,7.403869
1.0,11,7.406104
1.0,27,7.411691
0.0,16,7.414969
1.0,1,7.415194
1.0,14,7.417985
1.0,25,7.423229
1.0,25,7.428298
1.0,1,7.428524
1.0,14,7.431307
0.0,12,7.433696
1.0,28,7.439369
1.0,1,7.439597
1.0,14,7.442485
0.0,14,7.445479
1.0,28,7.451119
1.0,1,7.451346
1.0,12,7.453765
1.0,23,7.458336
1.0,26,7.463557
1.0,3,7.46418
0.0,6,7.465397
1.0,29,7.471123
1.0,30,7.477064
1.0,3,7.477684
1.0,11,7.479879
1.0,25,7.484818
1.0,23,7.48942
1.0,1,7.489647
1.0,13,7.49225
0.0,19,7.496024
0.0,6,7.49724
1.0,1,7.497463
1.0,13,7.500044
1.0,27,7.505378
1.0,27,7.510692
1.0,1,7.51092
1.0,13,7.513515
1.0,27,7.518842
1.0,27,7.524186
1.0,1,7.524411
1.0,11,7.526649
0.0,14,7.529426
1.0,27,7.534761
1.0,1,7.534987
1.0,13,7.537585
1.0,25,7.542536
1.0,23,7.547093
1.0,1,7.547319
1.0,15,7.550306
0.0,4,7.551121
1.0,27,7.556444
1.0,1,7.556671
1.0,11,7.558866
0.0,23,7.563403
1.0,28,7.568996
1.0,1,7.569229
1.0,12,7.571619
1.0,26,7.576764
1.0,25,7.581712
1.0,1,7.581938
1.0,12,7.584332
1.0,29,7.59008
1.0,31,7.5962
1.0,1,7.596427
1.0,11,7.598628
1.0,26,7.603816
1.0,27,7.609163
1.0,1,7.609386
1.0,11,7.611786
0.0,23,7.616347
1.0,23,7.620907
1.0,1,7.621155
1.0,16,7.62462
0.0,10,7.626615
1.0,23,7.631244
1.0,1,7.631469
1.0,13,7.634061
1.0,26,7.639303
1.0,27,7.644926
1.0,1,7.645154
1.0,12,7.647543
1.0,34,7.654444
1.0,25,7.659442
1.0,1,7.659668
0.0,9,7.661536
1.0,23,7.666162
1.0,30,7.672192
1.0,4,7.673002
1.0,16,7.676174
1.0,23,7.680812
1.0,28,7.686478
1.0,1,7.686706
1.0,11,7.688909
1.0,23,7.693465
1.0,27,7.698789
1.0,1,7.699017
1.0,14,7.701803
1.0,25,7.706754
1.0,23,7.71131
1.0,1,7.711536
1.0,12,7.713934
0.0,19,7.717777
1.0,23,7.722345
1.0,1,7.722571
1.0,11,7.724768
0.0,16,7.727942
1.0,27,7.73328
1.0,1,7.733506
1.0,11,7.735704
1.0,28,7.741204
1.0,25,7.746144
1.0,1,7.74637
1.0,13,7.748966
1.0,23,7.753565
1.0,23,7.758126
1.0,1,7.758354
1.0,14,7.76114
1.0,23,7.765695
1.0,29,7.771417
1.0,1,7.771643
1.0,15,7.774623
0.0,8,7.776229
0.0,23,7.780819
1.0,1,7.781045
1.0,18,7.784723
1.0,25,7.789669
1.0,34,7.796442
1.0,1,7.796671
1.0,12,7.799062
1.0,23,7.803628
1.0,23,7.80818
1.0,1,7.808444
1.0,15,7.811692
1.0,23,7.816262
1.0,23,7.820819
1.0,1,7.821045
1.0,15,7.824025
1.0,29,7.830133
1.0,32,7.83661
1.0,1,7.836836
1.0,15,7.839816
0.0,12,7.842208
1.0,23,7.846764
1.0,1,7.84699
1.0,11,7.849197
1.0,23,7.853752
1.0,25,7.858746
1.0,1,7.858973
1.0,16,7.86215
1.0,23,7.866757
1.0,23,7.871317
1.0,1,7.871543
1.0,11,7.873749
1.0,26,7.878878
1.0,27,7.884228
1.0,1,7.884457
1.0,11,7.886726
1.0,23,7.891791
1.0,25,7.896727
1.0,1,7.896953
1.0,11,7.899155
0.0,25,7.904435
1.0,25,7.909729
1.0,1,7.909954
1.0,11,7.912155
1.0,24,7.916892
1.0,32,7.92319
1.0,1,7.923415
1.0,11,7.925624
0.0,6,7.926836
0.0,20,7.930797
1.0,1,7.931023
0.0,2,7.931448
1.0,23,7.935997
0.0,13,7.938585
1.0,1,7.938809
1.0,11,7.941016
1.0,27,7.946406
1.0,23,7.950974
1.0,1,7.951202
1.0,11,7.953406
1.0,25,7.958354
1.0,27,7.963679
1.0,1,7.963907
1.0,11,7.966102
0.0,14,7.968878
1.0,25,7.973824
1.0,1,7.974049
1.0,11,7.976254
1.0,25,7.981267
1.0,28,7.986809
1.0,1,7.987036
1.0,11,7.989239
1.0,27,7.994585
1.0,29,8.000326
1.0,1,8.000554
1.0,11,8.002746
1.0,27,8.00808
1.0,23,8.012898
1.0,1,8.013128
1.0,13,8.015723
0.0,6,8.016972
1.0,26,8.022156
1.0,1,8.022382
1.0,11,8.024853
0.0,6,8.02613
1.0,27,8.0315
1.0,1,8.031727
1.0,12,8.034124
1.0,27,8.039497
1.0,25,8.044725
1.0,1,8.044951
1.0,11,8.047216
1.0,27,8.052595
1.0,25,8.057705
1.0,1,8.057932
1.0,13,8.06052
1.0,27,8.065878
1.0,25,8.070836
1.0,1,8.071063
1.0,12,8.073457
1.0,31,8.079572
1.0,27,8.084997
1.0,1,8.085225
1.0,12,8.08762
1.0,25,8.09258
1.0,23,8.097178
1.0,1,8.097405
1.0,11,8.099609
0.0,8,8.101217
1.0,25,8.106178
1.0,1,8.106404
1.0,13,8.10912
1.0,23,8.114144
0.0,19,8.117931
1.0,1,8.118156
1.0,11,8.120363
1.0,25,8.1253
0.0,4,8.12612
1.0,1,8.126342
1.0,11,8.128544
1.0,25,8.133655
1.0,25,8.138607
1.0,1,8.138832
1.0,12,8.141234
1.0,25,8.146262
1.0,28,8.151789
1.0,1,8.152018
1.0,11,8.154221
1.0,24,8.158982
1.0,27,8.164355
1.0,1,8.164584
1.0,11,8.166784
1.0,25,8.171754
0.0,23,8.176321
1.0,1,8.176547
1.0,13,8.179142
1.0,23,8.18371
1.0,23,8.188258
1.0,1,8.188483
0.0,11,8.190679
1.0,27,8.196186
1.0,28,8.201719
1.0,1,8.201945
1.0,14,8.204731
1.0,25,8.209759
1.0,23,8.214564
1.0,1,8.214793
1.0,11,8.216998
1.0,29,8.222751
1.0,25,8.228001
1.0,1,8.228228
1.0,11,8.230426
1.0,28,8.236005
1.0,25,8.240996
1.0,1,8.241222
1.0,11,8.243487
1.0,26,8.248907
1.0,27,8.254319
1.0,1,8.254545
1.0,11,8.256788
1.0,26,8.261912
1.0,25,8.266889
1.0,1,8.267116
1.0,13,8.269699
1.0,32,8.276049
1.0,27,8.281373
1.0,1,8.281654
1.0,11,8.283862
1.0,25,8.28882
1.0,26,8.293944
1.0,1,8.29417
1.0,13,8.296759
0.0,12,8.299145
1.0,25,8.304089
1.0,1,8.304314
1.0,11,8.306514
0.0,8,8.308119
1.0,28,8.313639
1.0,1,8.313863
1.0,18,8.317418
1.0,29,8.323202
1.0,23,8.327756
1.0,1,8.327988
1.0,11,8.330192
0.0,8,8.331884
0.0,7,8.333303
1.0,1,8.33353
1.0,13,8.336126
0.0,4,8.33694
1.0,23,8.341494
1.0,1,8.341726
0.0,6,8.342944
1.0,23,8.347501
0.0,6,8.348713
1.0,1,8.348937
1.0,11,8.35114
1.0,23,8.355704
0.0,18,8.359327
1.0,1,8.359553
1.0,15,8.362522
1.0,24,8.36729
1.0,23,8.371848
1.0,1,8.372079
1.0,13,8.374677
0.0,21,8.378834
1.0,28,8.384377
1.0,1,8.384604
1.0,11,8.386913
1.0,24,8.391897
1.0,28,8.397491
1.0,1,8.397719
0.0,2,8.39814
1.0,25,8.403277
0.0,6,8.404545
1.0,1,8.404771
0.0,8,8.406382
1.0,27,8.411731
1.0,33,8.418851
1.0,1,8.41908
1.0,13,8.421781
1.0,25,8.42682
1.0,28,8.432358
1.0,1,8.432629
1.0,12,8.435178
1.0,23,8.439808
1.0,24,8.444749
1.0,1,8.444976
1.0,11,8.447178
1.0,27,8.452732
0.0,6,8.453942
1.0,1,8.454163
1.0,17,8.457572
1.0,26,8.462925
1.0,28,8.468556
1.0,1,8.468782
1.0,11,8.471057
1.0,29,8.476792
1.0,23,8.481449
1.0,1,8.481674
1.0,11,8.483869
0.0,8,8.485465
1.0,25,8.490394
1.0,1,8.490619
1.0,11,8.49282
1.0,25,8.497755
1.0,25,8.502785
1.0,1,8.503012
1.0,13,8.505604
0.0,14,8.508446
1.0,26,8.513574
1.0,1,8.513801
1.0,11,8.516
1.0,23,8.520561
1.0,25,8.525489
1.0,1,8.525714
0.0,13,8.528308
1.0,31,8.534426
1.0,29,8.540178
1.0,1,8.540403
1.0,12,8.542786
1.0,25,8.547761
1.0,25,8.552727
1.0,1,8.552953
1.0,12,8.55534
1.0,25,8.560376
1.0,26,8.565519
1.0,1,8.565745
0.0,9,8.567557
1.0,28,8.573095
1.0,25,8.578041
1.0,1,8.578267
1.0,16,8.581439
1.0,23,8.586045
1.0,25,8.590974
1.0,1,8.591201
1.0,11,8.593399
1.0,28,8.598976
0.0,23,8.603517
1.0,1,8.603744
1.0,12,8.606131
1.0,24,8.610887
1.0,31,8.617263
1.0,1,8.617491
1.0,11,8.619698
1.0,23,8.624292
1.0,27,8.630002
1.0,1,8.630228
1.0,11,8.63243
1.0,23,8.637025
0.0,22,8.641372
1.0,1,8.641598
1.0,15,8.644718
1.0,25,8.649927
1.0,25,8.655036
1.0,1,8.655264
0.0,7,8.656682
1.0,23,8.661336
1.0,23,8.665893
1.0,1,8.666119
1.0,13,8.66875
1.0,29,8.674474
1.0,31,8.680671
1.0,1,8.680898
1.0,11,8.683097
1.0,25,8.688048
1.0,27,8.693373
1.0,1,8.693599
1.0,13,8.696189
1.0,29,8.701954
1.0,27,8.707283
1.0,1,8.70751
1.0,11,8.709713
1.0,23,8.714262
1.0,27,8.719597
1.0,1,8.719823
1.0,11,8.722024
0.0,12,8.724426
1.0,25,8.729376
1.0,1,8.729601
0.0,4,8.730418
0.0,6,8.73162
1.0,27,8.737009
1.0,1,8.737235
1.0,15,8.740211
1.0,24,8.744974
0.0,8,8.746576
1.0,1,8.746799
1.0,11,8.748996
0.0,18,8.752575
1.0,25,8.75753
1.0,1,8.757756
1.0,11,8.759959
1.0,23,8.764513
1.0,28,8.770046
1.0,1,8.770271
1.0,11,8.772521
1.0,23,8.77708
1.0,34,8.783786
1.0,1,8.784016
1.0,11,8.786214
1.0,25,8.791155
1.0,31,8.797291
1.0,1,8.797516
1.0,11,8.799724
1.0,27,8.80507
1.0,24,8.809814
1.0,1,8.810039
1.0,11,8.812301
1.0,25,8.817517
1.0,25,8.822468
1.0,1,8.822694
0.0,4,8.823512
0.0,19,8.827477
1.0,25,8.832616
1.0,1,8.832841
1.0,13,8.835464
1.0,25,8.840493
1.0,37,8.848124
1.0,1,8.848407
0.0,2,8.848833
1.0,29,8.854669
1.0,25,8.859684
1.0,2,8.860107
1.0,12,8.862524
1.0,27,8.867848
1.0,29,8.873613
1.0,1,8.873839
0.0,13,8.876438
1.0,27,8.881744
1.0,27,8.887162
1.0,1,8.887424
1.0,11,8.889826
1.0,26,8.894991
1.0,23,8.899548
1.0,1,8.899773
1.0,15,8.902831
1.0,32,8.909537
1.0,25,8.914485
1.0,1,8.914712
1.0,11,8.916914
1.0,25,8.921849
1.0,27,8.927227
1.0,1,8.927455
1.0,11,8.929663
1.0,23,8.934245
1.0,23,8.938794
1.0,1,8.93902
1.0,12,8.941417
1.0,29,8.947141
1.0,25,8.952079
1.0,1,8.952306
1.0,11,8.954499
1.0,29,8.960233
1.0,25,8.965215
1.0,1,8.965441
1.0,13,8.968031
0.0,6,8.969239
1.0,27,8.974583
1.0,1,8.974809
0.0,10,8.976813
1.0,26,8.981961
1.0,25,8.986909
1.0,1,8.987134
1.0,11,8.989337
1.0,24,8.994087
1.0,31,9.000281
1.0,1,9.00051
1.0,13,9.003101
0.0,16,9.006289
0.0,18,9.009893
1.0,1,9.01012
0.0,9,9.011927
1.0,25,9.017172
0.0,6,9.018629
1.0,1,9.018855
1.0,16,9.022105
1.0,23,9.026673
1.0,25,9.031761
1.0,1,9.032026
1.0,11,9.034227
1.0,35,9.041458
1.0,28,9.047237
1.0,1,9.047462
1.0,14,9.050289
1.0,28,9.055989
1.0,30,9.062196
1.0,1,9.062424
1.0,11,9.064626
1.0,24,9.069443
1.0,23,9.07399
1.0,1,9.074217
1.0,12,9.076666
1.0,25,9.081625
1.0,23,9.086175
1.0,4,9.086987
0.0,4,9.087804
0.0,20,9.091782
1.0,25,9.096766
1.0,1,9.096987
1.0,11,9.099183
1.0,27,9.104536
0.0,4,9.105351
1.0,1,9.105575
0.0,6,9.106789
1.0,24,9.111529
1.0,30,9.117524
1.0,1,9.117752
1.0,14,9.120535
1.0,27,9.125866
1.0,23,9.130421
1.0,1,9.130649
1.0,11,9.132849
1.0,26,9.137994
0.0,8,9.139591
1.0,3,9.140215
1.0,11,9.142412
1.0,25,9.147434
1.0,23,9.152052
1.0,1,9.15228
0.0,4,9.153102
1.0,23,9.157648
0.0,14,9.160427
1.0,1,9.16065
1.0,13,9.163242
1.0,23,9.167806
1.0,25,9.172779
1.0,1,9.173006
1.0,11,9.175212
1.0,28,9.180794
0.0,16,9.183974
1.0,1,9.184197
1.0,13,9.186784
1.0,24,9.191587
1.0,23,9.196151
1.0,1,9.196376
1.0,11,9.198574
1.0,29,9.204304
1.0,23,9.208906
1.0,1,9.209132
1.0,13,9.211723
0.0,6,9.212931
1.0,30,9.219052
1.0,1,9.21928
1.0,14,9.222109
1.0,26,9.227303
1.0,26,9.232772
1.0,1,9.233
1.0,11,9.235193
1.0,30,9.241156
1.0,25,9.246138
1.0,1,9.246364
1.0,13,9.249039
1.0,27,9.25459
1.0,30,9.26063
1.0,1,9.260857
1.0,11,9.263049
1.0,24,9.26784
1.0,23,9.272398
1.0,1,9.272623
1.0,11,9.274828
1.0,26,9.279974
1.0,23,9.284528
1.0,1,9.284755
1.0,14,9.287568
1.0,25,9.292515
1.0,23,9.297062
1.0,1,9.297287
1.0,13,9.299879
1.0,23,9.304487
0.0,10,9.306479
1.0,1,9.306702
0.0,7,9.308118
1.0,31,9.31424
1.0,31,9.320611
1.0,1,9.320836
1.0,12,9.323306
1.0,27,9.328697
1.0,27,9.334033
1.0,3,9.334658
1.0,11,9.336864
0.0,12,9.339299
1.0,25,9.344255
1.0,1,9.344482
1.0,12,9.34687
1.0,24,9.351625
1.0,27,9.356966
1.0,1,9.357193
1.0,14,9.359981
1.0,28,9.365501
1.0,23,9.370044
1.0,1,9.37027
1.0,15,9.373258
1.0,24,9.378048
1.0,25,9.383044
1.0,1,9.383271
1.0,11,9.385476
1.0,30,9.391669
1.0,29,9.397418
1.0,1,9.397646
1.0,13,9.400244
0.0,4,9.401051
0.0,23,9.405903
1.0,1,9.40613
1.0,11,9.408329
1.0,26,9.413476
1.0,26,9.418671
1.0,1,9.418899
1.0,11,9.421378
0.0,5,9.422382
1.0,27,9.427706
1.0,3,9.428331
1.0,13,9.43113
0.0,6,9.432438
1.0,25,9.437447
1.0,1,9.437673
1.0,11,9.439873
1.0,23,9.444429
1.0,26,9.449705
1.0,5,9.450711
1.0,11,9.453157
1.0,23,9.457851
1.0,27,9.463231
1.0,1,9.463457
1.0,14,9.466243
1.0,23,9.470819
0.0,20,9.474773
1.0,1,9.474999
0.0,8,9.476608
1.0,27,9.481987
0.0,17,9.485376
1.0,1,9.4856
1.0,11,9.487797
1.0,23,9.492402
0.0,16,9.495571
1.0,1,9.495791
1.0,11,9.497989
1.0,24,9.502738
0.0,25,9.507658
1.0,1,9.507885
1.0,11,9.51012
1.0,23,9.514716
1.0,31,9.520828
1.0,1,9.521055
1.0,11,9.523246
1.0,23,9.527832
1.0,23,9.532377
1.0,1,9.532603
1.0,13,9.535176
1.0,26,9.540318
1.0,25,9.545256
1.0,1,9.545485
1.0,11,9.547678
0.0,12,9.550067
1.0,23,9.554621
1.0,1,9.554848
1.0,11,9.557048
1.0,25,9.561993
0.0,14,9.564775
1.0,1,9.565
1.0,11,9.56723
1.0,29,9.572969
1.0,25,9.577909
1.0,1,9.578135
1.0,11,9.580345
0.0,10,9.582332
1.0,29,9.588052
1.0,1,9.588281
1.0,13,9.590867
1.0,25,9.595795
1.0,23,9.600346
1.0,1,9.600573
1.0,13,9.603202
1.0,27,9.60853
1.0,23,9.613084
1.0,3,9.613806
1.0,12,9.616405
1.0,25,9.621651
1.0,25,9.626641
1.0,1,9.626867
1.0,11,9.629076
1.0,31,9.635473
1.0,27,9.641043
1.0,1,9.641272
0.0,2,9.641699
0.0,20,9.645729
0.0,16,9.649001
1.0,1,9.649226
1.0,14,9.652013
1.0,25,9.657094
1.0,26,9.66233
1.0,1,9.662556
1.0,14,9.665334
1.0,23,9.669946
0.0,8,9.671544
1.0,1,9.671767
1.0,11,9.673966
1.0,23,9.67856
1.0,23,9.683162
1.0,1,9.683391
1.0,14,9.686166
1.0,29,9.69192
1.0,23,9.696586
1.0,1,9.696808
1.0,15,9.699789
0.0,12,9.702179
1.0,26,9.707307
1.0,1,9.707534
1.0,11,9.709733
0.0,14,9.712516
1.0,27,9.717889
1.0,1,9.718115
0.0,2,9.718541
0.0,13,9.721125
1.0,23,9.725677
1.0,1,9.725903
1.0,11,9.728099
1.0,25,9.733168
1.0,26,9.738297
1.0,1,9.738523
1.0,11,9.740723
1.0,27,9.746074
0.0,6,9.747275
1.0,1,9.747497
1.0,11,9.749693
0.0,9,9.751487
1.0,25,9.756641
1.0,1,9.756867
1.0,11,9.759062
0.0,8,9.760665
1.0,23,9.765213
1.0,1,9.765439
0.0,4,9.766261
1.0,26,9.771629
1.0,28,9.777152
1.0,1,9.777379
1.0,11,9.779578
1.0,27,9.784912
1.0,29,9.790638
1.0,1,9.790866
1.0,13,9.793535
1.0,25,9.798469
0.0,4,9.799283
1.0,1,9.799506
1.0,11,9.801708
0.0,14,9.804479
1.0,23,9.809019
1.0,1,9.809245
1.0,11,9.811442
1.0,25,9.816388
1.0,25,9.821577
1.0,1,9.821807
1.0,13,9.8244
1.0,25,9.829362
1.0,28,9.835241
1.0,1,9.835469
1.0,12,9.837861
1.0,25,9.842835
1.0,25,9.847815
1.0,1,9.848077
1.0,12,9.850543
1.0,23,9.855227
1.0,27,9.860704
1.0,1,9.860929
1.0,13,9.863553
0.0,4,9.864362
1.0,23,9.869034
1.0,1,9.869258
1.0,14,9.872082
1.0,27,9.877412
1.0,25,9.882357
1.0,1,9.882581
0.0,9,9.884422
0.0,20,9.888696
1.0,23,9.893307
1.0,1,9.893534
1.0,11,9.895735
1.0,29,9.90144
1.0,25,9.906691
1.0,1,9.906915
1.0,13,9.909506
1.0,23,9.914084
1.0,25,9.919032
1.0,1,9.919258
0.0,9,9.921066
1.0,23,9.925629
1.0,25,9.93057
1.0,1,9.930796
1.0,11,9.932993
1.0,28,9.938526
1.0,26,9.943736
1.0,1,9.943965
1.0,11,9.946167
1.0,23,9.950709
0.0,16,9.95388
1.0,1,9.954104
1.0,11,9.956352
0.0,21,9.960499
1.0,27,9.965825
1.0,1,9.966053
1.0,12,9.96844
1.0,25,9.973379
1.0,27,9.978706
1.0,1,9.978931
1.0,11,9.981255
1.0,25,9.986225
1.0,25,9.991174
1.0,1,9.991399
1.0,11,9.993597
1.0,27,9.998919
1.0,29,10.004644
1.0,3,10.005264
0.0,2,10.005693
0.0,27,10.011025
1.0,25,10.015972
1.0,1,10.016199
1.0,11,10.018407
0.0,23,10.023243
1.0,24,10.028014
1.0,1,10.02824
1.0,11,10.030435
1.0,25,10.035616
1.0,25,10.040623
1.0,1,10.040848
1.0,13,10.043437
1.0,29,10.049212
1.0,27,10.054864
1.0,1,10.055106
1.0,11,10.057479
0.0,12,10.05987
1.0,28,10.065497
1.0,1,10.065722
1.0,11,10.067914
1.0,27,10.073225
1.0,27,10.078546
1.0,1,10.078775
1.0,15,10.081745
1.0,23,10.086303
1.0,24,10.091034
1.0,1,10.091262
1.0,11,10.093496
1.0,25,10.098524
1.0,23,10.10308
1.0,1,10.103306
0.0,11,10.105506
1.0,25,10.110444
1.0,29,10.116162
1.0,1,10.116388
1.0,11,10.118589
0.0,19,10.122342
0.0,21,10.126488
1.0,1,10.126714
0.0,4,10.127536
1.0,25,10.132543
1.0,31,10.138663
1.0,1,10.13889
0.0,6,10.140105
1.0,25,10.145153
1.0,27,10.15057
1.0,1,10.150798
1.0,13,10.153386
1.0,31,10.159537
1.0,25,10.164479
1.0,1,10.164705
1.0,11,10.166898
1.0,29,10.173492
1.0,23,10.178056
1.0,1,10.178283
1.0,12,10.180696
1.0,29,10.186421
0.0,12,10.188818
1.0,1,10.189045
1.0,13,10.191637
1.0,23,10.196193
1.0,25,10.201145
1.0,1,10.201371
1.0,11,10.203574
1.0,23,10.208186
1.0,25,10.213127
1.0,1,10.213354
1.0,12,10.216029
1.0,25,10.221056
1.0,23,10.225897
1.0,1,10.226125
1.0,14,10.228916
1.0,26,10.23414
1.0,28,10.239841
1.0,2,10.240302
1.0,12,10.242801
1.0,25,10.247834
1.0,27,10.253389
1.0,1,10.253617
1.0,11,10.255822
1.0,23,10.260458
1.0,25,10.26565
1.0,1,10.265876
1.0,11,10.268122
1.0,27,10.273535
1.0,25,10.278485
1.0,1,10.278712
1.0,11,10.280922
1.0,26,10.28615
1.0,30,10.292083
1.0,1,10.29231
1.0,13,10.294891
1.0,27,10.300281
0.0,6,10.301488
1.0,1,10.301711
1.0,14,10.304498
1.0,30,10.31042
1.0,25,10.31537
1.0,3,10.315993
1.0,13,10.318588
1.0,25,10.323592
1.0,29,10.329347
1.0,1,10.329574
1.0,11,10.331774
0.0,8,10.333414
1.0,27,10.338748
1.0,1,10.338976
1.0,14,10.341888
0.0,18,10.345469
1.0,25,10.35042
1.0,1,10.350646
1.0,11,10.352843
1.0,26,10.357997
1.0,24,10.36283
1.0,1,10.363056
1.0,12,10.365452
1.0,24,10.370187
1.0,23,10.374749
1.0,1,10.374975
1.0,12,10.377373
1.0,28,10.382886
0.0,21,10.387142
1.0,1,10.387384
1.0,11,10.389803
1.0,28,10.395328
0.0,14,10.398151
1.0,1,10.398377
1.0,11,10.400575
1.0,24,10.405553
1.0,26,10.410729
1.0,1,10.410957
1.0,11,10.413164
1.0,27,10.418512
1.0,25,10.423469
1.0,1,10.423697
1.0,13,10.426503
1.0,28,10.432093
1.0,23,10.436997
1.0,1,10.437292
1.0,13,10.439884
1.0,27,10.445302
1.0,27,10.450685
1.0,1,10.45091
1.0,12,10.453417
1.0,26,10.458792
1.0,25,10.463784
1.0,1,10.464013
0.0,4,10.464835
1.0,25,10.469857
1.0,25,10.474859
1.0,1,10.475085
1.0,11,10.477288
1.0,29,10.483005
1.0,23,10.487549
1.0,1,10.487775
1.0,11,10.489973
0.0,12,10.492414
1.0,27,10.497745
1.0,3,10.498367
1.0,11,10.500567
1.0,27,10.505901
0.0,14,10.508683
1.0,1,10.508906
1.0,11,10.511143
0.0,6,10.512352
0.0,8,10.513959
1.0,1,10.514182
1.0,12,10.51658
1.0,23,10.521133
1.0,32,10.527466
1.0,1,10.527694
1.0,14,10.530482
1.0,23,10.535019
1.0,27,10.540346
1.0,1,10.540572
1.0,15,10.543537
1.0,28,10.549154
1.0,27,10.554491
1.0,1,10.554717
1.0,11,10.556912
1.0,23,10.561461
1.0,23,10.566013
1.0,2,10.566432
1.0,11,10.568625
0.0,6,10.569827
1.0,23,10.574376
1.0,1,10.574602
0.0,8,10.576212
0.0,16,10.579367
0.0,12,10.581755
1.0,1,10.58198
1.0,14,10.58476
1.0,25,10.589771
1.0,27,10.595156
1.0,1,10.595383
0.0,4,10.59621
1.0,29,10.601907
1.0,27,10.607252
1.0,1,10.60748
1.0,11,10.609688
1.0,23,10.614247
1.0,25,10.619201
1.0,5,10.620218
1.0,11,10.622415
0.0,17,10.626113
1.0,23,10.630677
1.0,1,10.630905
1.0,15,10.633878
0.0,19,10.637959
0.0,20,10.641922
1.0,1,10.642148
0.0,13,10.644775
1.0,31,10.650929
1.0,25,10.655987
1.0,1,10.656212
1.0,12,10.658807
1.0,25,10.663912
1.0,23,10.668504
1.0,1,10.66873
1.0,16,10.671903
1.0,25,10.676897
1.0,23,10.681458
1.0,1,10.681683
0.0,9,10.683491
1.0,23,10.688133
1.0,23,10.692676
1.0,1,10.692902
1.0,11,10.695099
1.0,25,10.70013
1.0,29,10.705862
1.0,1,10.706088
1.0,11,10.708288
0.0,20,10.712269
1.0,25,10.717199
1.0,1,10.717424
1.0,11,10.71962
0.0,8,10.721214
1.0,24,10.725973
1.0,1,10.726201
1.0,13,10.7288
1.0,28,10.734345
1.0,25,10.739315
1.0,1,10.739541
1.0,12,10.741946
0.0,16,10.745121
1.0,25,10.750076
1.0,1,10.750302
1.0,11,10.75251
1.0,26,10.757873
0.0,18,10.761449
1.0,1,10.761675
1.0,11,10.76388
0.0,21,10.768033
1.0,24,10.77277
1.0,1,10.772996
1.0,11,10.775249
1.0,23,10.779803
0.0,24,10.78454
1.0,1,10.784764
1.0,13,10.787349
1.0,30,10.793276
1.0,30,10.799209
1.0,1,10.799436
1.0,15,10.802425
1.0,24,10.807178
1.0,27,10.812596
1.0,1,10.812822
0.0,4,10.813639
1.0,25,10.81893
1.0,24,10.823747
1.0,1,10.823977
1.0,11,10.826344
1.0,25,10.831379
1.0,27,10.836815
1.0,1,10.837049
1.0,11,10.839263
1.0,32,10.845588
1.0,23,10.850275
1.0,1,10.850503
1.0,11,10.852721
1.0,27,10.858457
1.0,23,10.863123
1.0,1,10.863351
1.0,13,10.866015
1.0,26,10.871295
1.0,25,10.876362
1.0,1,10.876589
1.0,12,10.878972
1.0,24,10.883719
1.0,29,10.889869
1.0,1,10.890097
0.0,4,10.89092
1.0,26,10.896116
0.0,12,10.898505
1.0,1,10.898729
1.0,15,10.901714
1.0,24,10.906887
1.0,25,10.911895
1.0,1,10.912127
1.0,14,10.914922
1.0,24,10.919669
1.0,25,10.924631
1.0,1,10.924858
1.0,11,10.927127
1.0,27,10.932486
1.0,25,10.937459
1.0,1,10.937686
1.0,13,10.940279
1.0,29,10.946028
1.0,25,10.950998
1.0,1,10.951226
1.0,11,10.953423
1.0,25,10.958383
1.0,23,10.962963
1.0,1,10.963189
1.0,13,10.965868
1.0,24,10.970632
1.0,23,10.975195
1.0,1,10.975423
1.0,19,10.979195
0.0,6,10.980412
1.0,25,10.985367
1.0,1,10.985594
1.0,11,10.987788
1.0,32,10.994121
1.0,25,10.999099
1.0,1,10.999327
1.0,11,11.001606
1.0,24,11.00638
1.0,25,11.011352
1.0,1,11.011578
0.0,4,11.012401
1.0,25,11.01737
1.0,23,11.021956
1.0,1,11.022197
1.0,13,11.024786
0.0,21,11.029144
1.0,25,11.034127
1.0,1,11.034355
1.0,13,11.036956
1.0,31,11.043524
1.0,28,11.049181
1.0,1,11.04941
1.0,13,11.052039
1.0,23,11.056828
0.0,19,11.060785
1.0,2,11.061207
1.0,11,11.063469
1.0,28,11.069154
1.0,27,11.074648
1.0,1,11.074875
1.0,11,11.077158
1.0,24,11.081962
1.0,23,11.08653
1.0,1,11.086757
0.0,2,11.087182
1.0,26,11.092389
1.0,24,11.097163
1.0,1,11.097392
1.0,13,11.099983
1.0,24,11.104726
1.0,25,11.109687
1.0,1,11.109917
1.0,11,11.112121
0.0,6,11.113328
0.0,18,11.116978
1.0,1,11.117207
1.0,14,11.119996
0.0,16,11.123182
1.0,23,11.127744
1.0,1,11.127975
1.0,13,11.130568
1.0,27,11.13594
1.0,23,11.140497
1.0,1,11.140724
1.0,11,11.14292
1.0,25,11.147875
1.0,25,11.15286
1.0,1,11.153087
1.0,12,11.155484
1.0,27,11.160819
0.0,16,11.164338
1.0,1,11.164564
1.0,13,11.167155
1.0,25,11.172115
1.0,23,11.176673
1.0,1,11.176899
0.0,4,11.17772
1.0,25,11.18304
1.0,25,11.187998
1.0,1,11.188227
1.0,13,11.190844
1.0,23,11.195413
1.0,25,11.200513
1.0,1,11.200739
1.0,13,11.203335
1.0,23,11.207904
1.0,25,11.212856
1.0,1,11.213083
1.0,13,11.215665
1.0,25,11.220625
1.0,24,11.225365
1.0,1,11.225591
1.0,11,11.227792
1.0,27,11.233491
1.0,25,11.23843
1.0,1,11.238655
1.0,11,11.241068
1.0,23,11.245775
1.0,25,11.250756
1.0,1,11.250981
1.0,11,11.253189
0.0,16,11.256443
1.0,24,11.261369
1.0,1,11.261685
0.0,4,11.262519
1.0,23,11.267248
1.0,31,11.273432
1.0,1,11.273658
1.0,11,11.275856
0.0,8,11.277445
1.0,29,11.283188
1.0,1,11.283412
1.0,11,11.285614
1.0,27,11.29094
1.0,23,11.295533
1.0,1,11.295759
1.0,11,11.297995
1.0,26,11.303133
1.0,23,11.307752
1.0,3,11.308379
1.0,11,11.310578
1.0,27,11.315943
1.0,25,11.320881
1.0,1,11.321107
1.0,16,11.32427
1.0,23,11.328839
1.0,28,11.334409
1.0,1,11.334636
1.0,11,11.336845
1.0,29,11.342601
0.0,6,11.343813
1.0,1,11.344042
1.0,12,11.346436
1.0,23,11.350993
1.0,25,11.355932
1.0,1,11.356163
1.0,13,11.358742
1.0,23,11.363285
1.0,29,11.369069
1.0,1,11.369296
1.0,11,11.371496
1.0,33,11.378017
1.0,23,11.382646
1.0,1,11.382872
1.0,11,11.385068
0.0,16,11.388474
1.0,27,11.39383
1.0,1,11.394056
1.0,12,11.396464
1.0,28,11.402006
0.0,15,11.405283
1.0,1,11.405507
1.0,17,11.408886
1.0,27,11.414219
1.0,23,11.418801
1.0,1,11.419027
1.0,11,11.421226
1.0,25,11.426167
1.0,29,11.432187
1.0,1,11.432415
1.0,11,11.43462
1.0,25,11.439637
0.0,7,11.441045
1.0,1,11.441271
1.0,11,11.443465
1.0,27,11.448819
1.0,33,11.455665
1.0,1,11.455893
1.0,13,11.458597
1.0,23,11.463192
1.0,23,11.467753
1.0,1,11.467987
1.0,14,11.470775
1.0,31,11.476904
0.0,6,11.478115
1.0,1,11.478337
1.0,12,11.480731
1.0,25,11.485795
1.0,26,11.490956
1.0,1,11.491184
0.0,4,11.492007
1.0,23,11.496586
1.0,23,11.501145
1.0,2,11.501568
1.0,13,11.504156
1.0,28,11.509702
1.0,27,11.515056
1.0,1,11.515283
1.0,13,11.517878
1.0,25,11.522817
1.0,25,11.527766
1.0,1,11.527997
0.0,9,11.529916
1.0,25,11.534939
0.0,21,11.5391
1.0,1,11.539326
0.0,7,11.540742
1.0,24,11.545496
1.0,29,11.55122
1.0,1,11.551447
1.0,11,11.553645
0.0,2,11.554057
1.0,29,11.559827
1.0,1,11.560057
1.0,12,11.56244
1.0,26,11.567569
1.0,23,11.572173
1.0,1,11.572399
1.0,11,11.574597
1.0,28,11.580149
0.0,4,11.580967
1.0,1,11.58119
1.0,13,11.583777
1.0,23,11.588347
1.0,29,11.594082
1.0,1,11.59431
1.0,13,11.596943
0.0,14,11.599723
1.0,33,11.606299
1.0,1,11.606527
1.0,11,11.608736
1.0,23,11.613298
1.0,24,11.618055
1.0,1,11.61828
0.0,6,11.619499
0.0,6,11.620712
1.0,23,11.62527
1.0,1,11.625497
1.0,13,11.628084
1.0,27,11.633721
1.0,25,11.638685
1.0,1,11.638914
1.0,11,11.641215
1.0,27,11.646934
1.0,24,11.651714
1.0,1,11.651974
1.0,11,11.654219
1.0,24,11.65912
1.0,25,11.664502
1.0,1,11.66474
1.0,12,11.667133
1.0,27,11.672689
1.0,27,11.678044
1.0,1,11.678272
1.0,17,11.681741
1.0,23,11.6863
1.0,23,11.690865
1.0,1,11.691092
1.0,11,11.693305
1.0,27,11.698688
0.0,19,11.702475
1.0,1,11.702703
1.0,11,11.70491
1.0,27,11.710242
1.0,28,11.715768
1.0,1,11.716001
0.0,2,11.71643
1.0,27,11.721815
1.0,23,11.726382
1.0,1,11.726609
1.0,15,11.729603
1.0,24,11.734372
1.0,25,11.739326
1.0,1,11.739551
1.0,11,11.741755
0.0,6,11.742954
1.0,25,11.747912
1.0,1,11.748149
1.0,11,11.750362
1.0,26,11.755661
1.0,23,11.760294
1.0,1,11.760523
1.0,11,11.762731
1.0,27,11.768076
1.0,23,11.772644
1.0,1,11.772871
0.0,15,11.77585
1.0,27,11.781422
1.0,27,11.786768
1.0,1,11.786997
1.0,11,11.789204
1.0,25,11.794173
1.0,27,11.799573
1.0,1,11.799801
0.0,12,11.802204
1.0,23,11.80677
1.0,23,11.81133
1.0,1,11.811556
1.0,11,11.81376
1.0,30,11.819698
0.0,6,11.820922
1.0,1,11.821148
1.0,12,11.823529
1.0,24,11.828285
1.0,23,11.833156
1.0,1,11.833384
1.0,14,11.83618
1.0,23,11.840748
1.0,26,11.846207
1.0,1,11.846437
0.0,2,11.846862
1.0,27,11.852241
1.0,26,11.857395
1.0,1,11.857621
0.0,10,11.859727
1.0,28,11.865489
1.0,23,11.870117
1.0,1,11.870345
1.0,12,11.872819
1.0,23,11.877384
1.0,29,11.883163
1.0,1,11.883386
1.0,15,11.886378
1.0,33,11.89327
1.0,25,11.898231
1.0,1,11.898457
1.0,11,11.900665
0.0,22,11.90528
1.0,25,11.910274
1.0,2,11.910697
1.0,13,11.913327
1.0,28,11.918878
1.0,23,11.923439
1.0,1,11.923667
1.0,13,11.926268
1.0,25,11.931226
1.0,23,11.935789
1.0,1,11.936019
1.0,16,11.939205
0.0,24,11.943954
1.0,25,11.94895
1.0,1,11.949178
1.0,11,11.95138
1.0,23,11.95594
0.0,8,11.957542
1.0,1,11.957766
1.0,18,11.961294
1.0,25,11.966244
1.0,30,11.972177
1.0,1,11.972406
1.0,11,11.974611
1.0,23,11.979169
1.0,27,11.984565
1.0,1,11.984793
1.0,12,11.987179
1.0,29,11.992908
1.0,29,11.998641
1.0,1,11.998867
1.0,11,12.001071
1.0,29,12.006814
1.0,29,12.012541
1.0,1,12.012768
1.0,13,12.015348
1.0,29,12.021074
1.0,23,12.025684
1.0,1,12.025913
0.0,9,12.027724
1.0,30,12.033859
0.0,23,12.038458
1.0,1,12.038685
1.0,11,12.040889
1.0,23,12.045449
0.0,8,12.047051
1.0,1,12.047275
1.0,11,12.049472
0.0,4,12.050286
1.0,29,12.056419
1.0,1,12.056657
1.0,12,12.059097
0.0,12,12.061574
1.0,23,12.066161
1.0,1,12.066386
1.0,11,12.068586
1.0,23,12.073152
1.0,28,12.078678
1.0,1,12.078905
1.0,12,12.081298
1.0,23,12.085891
1.0,25,12.090837
1.0,1,12.091063
1.0,13,12.093652
0.0,16,12.096832
1.0,25,12.101831
1.0,1,12.102057
1.0,16,12.105219
0.0,12,12.107611
0.0,12,12.110003
1.0,1,12.110228
1.0,11,12.112423
0.0,16,12.115601
1.0,24,12.120349
1.0,1,12.120577
1.0,12,12.12296
1.0,24,12.127701
1.0,29,12.133472
1.0,3,12.134093
1.0,14,12.13695
1.0,27,12.142297
1.0,28,12.147829
1.0,1,12.148082
1.0,14,12.150925
1.0,28,12.156472
1.0,27,12.161844
1.0,1,12.16209
1.0,11,12.164329
1.0,28,12.169852
0.0,19,12.17366
1.0,1,12.173885
1.0,12,12.17631
0.0,8,12.177907
1.0,23,12.18246
1.0,1,12.182685
1.0,13,12.185315
1.0,27,12.19063
1.0,24,12.195386
1.0,1,12.195613
1.0,11,12.197842
1.0,26,12.20298
1.0,25,12.207938
1.0,1,12.208164
1.0,13,12.210826
0.0,19,12.214576
1.0,24,12.219322
1.0,1,12.219549
1.0,15,12.222527
1.0,25,12.227482
1.0,25,12.232416
1.0,1,12.232641
1.0,13,12.235492
1.0,25,12.240444
1.0,27,12.24623
1.0,1,12.246451
1.0,15,12.249503
0.0,4,12.250319
1.0,23,12.254896
1.0,1,12.255124
1.0,15,12.258099
0.0,6,12.259338
1.0,23,12.264043
1.0,1,12.264282
1.0,13,12.267004
1.0,26,12.272323
0.0,16,12.275526
1.0,1,12.27575
1.0,11,12.277986
1.0,23,12.282534
1.0,25,12.287559
1.0,1,12.287784
1.0,12,12.290181
1.0,25,12.295146
1.0,23,12.299695
1.0,1,12.299922
1.0,14,12.302703
1.0,23,12.30724
1.0,25,12.31219
1.0,1,12.312418
1.0,15,12.315397
1.0,25,12.320334
1.0,25,12.325341
1.0,1,12.325567
0.0,2,12.325989
1.0,25,12.330916
0.0,10,12.332916
1.0,1,12.333141
1.0,11,12.335333
1.0,29,12.341042
1.0,25,12.345986
1.0,1,12.346215
1.0,11,12.34841
1.0,27,12.353738
1.0,25,12.358673
1.0,1,12.3589
1.0,11,12.361108
1.0,27,12.366517
1.0,23,12.371071
1.0,1,12.371297
1.0,16,12.374473
1.0,23,12.379019
1.0,23,12.383568
1.0,1,12.383794
1.0,11,12.385991
0.0,12,12.388695
0.0,4,12.389524
1.0,1,12.389745
1.0,15,12.39276
1.0,27,12.39808
0.0,8,12.399722
1.0,1,12.399949
1.0,11,12.402149
1.0,23,12.406979
0.0,18,12.410553
1.0,1,12.410776
1.0,12,12.413176
1.0,25,12.418121
1.0,25,12.423079
1.0,1,12.423306
1.0,11,12.42551
1.0,24,12.430281
1.0,23,12.435091
1.0,1,12.435319
1.0,11,12.43756
1.0,26,12.442697
1.0,25,12.447923
1.0,1,12.448154
0.0,6,12.449368
1.0,23,12.453963
1.0,23,12.459223
1.0,1,12.459451
1.0,11,12.461756
1.0,31,12.468152
1.0,23,12.472703
1.0,1,12.47293
1.0,11,12.475178
1.0,25,12.480171
0.0,9,12.481973
1.0,1,12.482196
1.0,12,12.484584
0.0,4,12.485393
1.0,23,12.489924
1.0,1,12.49015
1.0,13,12.492737
0.0,14,12.495513
1.0,23,12.500106
1.0,1,12.500333
1.0,11,12.50253
0.0,19,12.506324
1.0,31,12.51243
1.0,1,12.512656
1.0,15,12.515711
1.0,26,12.520852
1.0,25,12.525793
1.0,1,12.526015
1.0,11,12.528211
1.0,25,12.533169
0.0,4,12.533987
1.0,1,12.534209
1.0,11,12.53641
1.0,25,12.541355
0.0,23,12.545897
1.0,1,12.546125
1.0,11,12.548331
1.0,23,12.552924
1.0,30,12.55883
1.0,1,12.559055
1.0,14,12.561823
1.0,23,12.566375
1.0,23,12.570921
1.0,1,12.571145
0.0,9,12.572948
0.0,12,12.575336
1.0,27,12.580655
1.0,1,12.580884
1.0,11,12.583081
0.0,20,12.587043
1.0,31,12.593257
1.0,1,12.593484
1.0,12,12.595855
1.0,27,12.601192
1.0,30,12.607125
1.0,1,12.607353
1.0,13,12.609945
1.0,35,12.616872
1.0,25,12.621828
1.0,1,12.622053
1.0,13,12.624642
0.0,14,12.627472
1.0,27,12.632805
1.0,1,12.633032
0.0,2,12.633455
1.0,29,12.639522
1.0,23,12.644092
1.0,1,12.644319
1.0,11,12.64652
0.0,6,12.64772
0.0,12,12.650114
1.0,2,12.650534
1.0,11,12.65273
0.0,6,12.653967
1.0,23,12.658886
1.0,1,12.659114
1.0,15,12.662088
0.0,14,12.664949
1.0,26,12.670102
1.0,1,12.670329
1.0,11,12.672537
1.0,26,12.677716
1.0,26,12.682874
1.0,1,12.683101
1.0,13,12.685694
1.0,29,12.6914
1.0,23,12.69596
1.0,3,12.69658
0.0,9,12.698432
0.0,12,12.700879
1.0,31,12.70701
1.0,1,12.707237
1.0,11,12.709437
0.0,14,12.712224
1.0,29,12.717936
1.0,1,12.718162
1.0,12,12.720551
1.0,30,12.726456
1.0,27,12.731792
1.0,1,12.732022
1.0,11,12.734219
1.0,27,12.739519
0.0,14,12.742333
1.0,1,12.74256
1.0,11,12.744765
1.0,25,12.749702
1.0,25,12.754642
1.0,1,12.754864
1.0,11,12.757075
1.0,23,12.76161
1.0,28,12.767118
1.0,1,12.767343
1.0,12,12.769736
1.0,27,12.775094
0.0,19,12.778898
1.0,1,12.779126
0.0,6,12.780337
1.0,23,12.784895
1.0,25,12.789834
1.0,1,12.790059
1.0,11,12.792258
1.0,23,12.796798
1.0,24,12.801544
1.0,2,12.801966
1.0,11,12.80415
0.0,4,12.80496
1.0,25,12.809883
1.0,1,12.810108
1.0,13,12.812702
1.0,25,12.817693
1.0,31,12.823758
1.0,1,12.823992
1.0,11,12.826191
0.0,8,12.827818
1.0,32,12.83411
1.0,1,12.834603
1.0,15,12.83763
1.0,25,12.842578
0.0,6,12.843785
1.0,1,12.844011
1.0,11,12.846471
1.0,31,12.852735
1.0,25,12.857723
1.0,1,12.857949
0.0,7,12.859357
0.0,8,12.860991
1.0,25,12.866088
1.0,1,12.866422
1.0,11,12.868779
1.0,25,12.873752
1.0,25,12.878685
1.0,1,12.87891
1.0,11,12.88114
1.0,27,12.88646
1.0,23,12.891597
1.0,1,12.891824
0.0,6,12.893046
1.0,25,12.897973
1.0,26,12.903108
1.0,1,12.903336
1.0,13,12.90617
1.0,26,12.911551
1.0,25,12.91652
1.0,1,12.916745
1.0,11,12.918939
1.0,26,12.924043
1.0,25,12.929047
1.0,1,12.929274
1.0,17,12.932677
1.0,27,12.938006
0.0,21,12.942135
1.0,1,12.942358
1.0,11,12.944569
0.0,12,12.946953
1.0,25,12.951889
1.0,1,12.952119
1.0,11,12.954315
1.0,25,12.959235
1.0,25,12.964169
1.0,1,12.964393
1.0,14,12.967225
1.0,24,12.97196
1.0,29,12.977679
1.0,1,12.977905
0.0,7,12.979314
0.0,8,12.980917
1.0,25,12.985953
1.0,1,12.986179
1.0,11,12.988372
0.0,19,12.992133
1.0,25,12.997077
1.0,1,12.997301
1.0,13,12.99988
1.0,31,13.006098
1.0,25,13.011041
1.0,1,13.011267
1.0,14,13.014041
0.0,14,13.016835
0.0,19,13.020592
1.0,1,13.020817
1.0,13,13.023405
0.0,12,13.025801
1.0,25,13.030737
1.0,1,13.030962
1.0,11,13.033167
1.0,27,13.038751
0.0,4,13.039564
1.0,1,13.039787
1.0,14,13.042618
1.0,25,13.047774
1.0,24,13.05261
1.0,1,13.052836
1.0,13,13.055557
1.0,26,13.060788
1.0,25,13.065854
1.0,1,13.066081
1.0,11,13.068416
1.0,24,13.073238
1.0,29,13.078998
1.0,1,13.079224
1.0,14,13.082108
1.0,25,13.087022
1.0,30,13.092974
1.0,1,13.093203
1.0,13,13.095779
1.0,29,13.101525
0.0,6,13.102731
1.0,1,13.102953
0.0,11,13.105146
0.0,17,13.108512
0.0,8,13.110108
1.0,5,13.111104
1.0,11,13.113305
1.0,25,13.118273
1.0,24,13.123002
1.0,1,13.123226
1.0,11,13.125421
0.0,16,13.128585
1.0,35,13.135463
1.0,1,13.135688
1.0,11,13.137883
1.0,29,13.143592
1.0,25,13.148526
1.0,1,13.148753
1.0,14,13.151524
1.0,28,13.157167
1.0,25,13.162211
1.0,1,13.162439
1.0,13,13.165033
1.0,27,13.170365
1.0,26,13.175501
1.0,1,13.175727
1.0,11,13.177932
1.0,23,13.182478
1.0,24,13.187216
1.0,1,13.187442
1.0,11,13.189643
1.0,25,13.194628
1.0,25,13.199574
1.0,1,13.1998
1.0,11,13.202
1.0,29,13.207731
1.0,27,13.213069
1.0,1,13.213294
0.0,6,13.214504
1.0,23,13.219053
1.0,24,13.223793
1.0,3,13.224417
1.0,13,13.227002
1.0,26,13.232208
1.0,23,13.237014
1.0,1,13.237244
1.0,11,13.239443
0.0,14,13.242222
1.0,25,13.247165
1.0,1,13.247391
1.0,11,13.249588
1.0,25,13.25459
1.0,23,13.259441
1.0,1,13.259667
1.0,13,13.262269
1.0,23,13.26689
1.0,23,13.271474
1.0,3,13.272097
1.0,11,13.274287
1.0,23,13.278843
1.0,33,13.285344
1.0,3,13.285967
1.0,15,13.288941
1.0,23,13.293527
0.0,4,13.294338
1.0,1,13.294559
0.0,2,13.29498
1.0,28,13.30051
1.0,25,13.305466
1.0,1,13.305692
1.0,13,13.308352
1.0,25,13.31329
0.0,18,13.316902
1.0,1,13.317128
1.0,13,13.319713
1.0,32,13.326029
0.0,20,13.329988
1.0,1,13.330215
1.0,11,13.332419
1.0,26,13.337554
1.0,28,13.34307
1.0,1,13.343297
1.0,11,13.345528
0.0,12,13.347915
1.0,27,13.353259
1.0,1,13.353485
1.0,13,13.356071
0.0,23,13.36063
1.0,29,13.366342
1.0,1,13.366568
1.0,15,13.369544
1.0,26,13.374694
1.0,28,13.380236
1.0,1,13.380464
1.0,11,13.382743
1.0,25,13.387671
1.0,23,13.392544
1.0,2,13.392964
1.0,11,13.395153
1.0,23,13.399711
0.0,4,13.400527
1.0,1,13.400749
0.0,2,13.401173
1.0,27,13.40674
1.0,23,13.411289
1.0,1,13.411515
1.0,11,13.413897
1.0,25,13.418837
1.0,25,13.423841
1.0,1,13.42407
1.0,13,13.426666
1.0,27,13.432005
1.0,31,13.43839
1.0,1,13.438619
0.0,7,13.440038
0.0,13,13.442625
0.0,6,13.44383
1.0,1,13.444055
0.0,6,13.445271
1.0,25,13.45056
0.0,12,13.452993
1.0,1,13.453217
1.0,11,13.455445
1.0,25,13.460463
1.0,28,13.466123
1.0,1,13.466349
0.0,2,13.466773
1.0,25,13.471865
1.0,23,13.476596
1.0,4,13.477411
1.0,11,13.479633
0.0,12,13.48204
1.0,23,13.486605
1.0,1,13.486845
1.0,15,13.489819
1.0,28,13.495326
1.0,27,13.50072
1.0,1,13.500946
1.0,13,13.503532
1.0,23,13.50808
1.0,27,13.513406
1.0,1,13.513631
1.0,11,13.515826
0.0,15,13.518792
0.0,22,13.523127
1.0,1,13.523352
1.0,12,13.525735
1.0,30,13.531623
0.0,14,13.534478
1.0,1,13.534701
0.0,6,13.535908
0.0,14,13.538677
1.0,27,13.544009
1.0,1,13.544235
1.0,11,13.546438
1.0,23,13.550987
1.0,25,13.555906
1.0,1,13.556135
1.0,11,13.558328
1.0,27,13.563653
1.0,24,13.568389
1.0,1,13.568614
1.0,13,13.571212
1.0,25,13.576177
1.0,23,13.580721
1.0,1,13.580944
0.0,7,13.582361
1.0,28,13.587887
1.0,23,13.592435
1.0,1,13.592659
1.0,11,13.59486
1.0,26,13.600004
1.0,23,13.604556
1.0,1,13.604779
1.0,11,13.606969
1.0,27,13.612387
0.0,21,13.616539
1.0,3,13.617154
1.0,13,13.619727
0.0,17,13.623088
1.0,27,13.628424
1.0,1,13.62865
1.0,11,13.630849
1.0,26,13.636201
1.0,23,13.640755
1.0,1,13.640981
1.0,11,13.643175
1.0,30,13.649401
1.0,27,13.654801
1.0,1,13.655027
1.0,12,13.657419
1.0,25,13.66241
1.0,24,13.667271
1.0,1,13.667495
1.0,15,13.670473
0.0,8,13.672072
1.0,25,13.677051
1.0,1,13.677276
1.0,13,13.679857
1.0,27,13.685437
1.0,23,13.690124
1.0,1,13.690349
1.0,11,13.692623
1.0,24,13.697357
1.0,25,13.702295
1.0,1,13.70252
1.0,13,13.705112
0.0,4,13.705923
1.0,24,13.710699
1.0,1,13.710925
1.0,11,13.713128
1.0,25,13.718066
1.0,23,13.722654
1.0,3,13.723275
0.0,9,13.72508
1.0,23,13.729635
1.0,25,13.734573
1.0,1,13.734799
1.0,11,13.736994
1.0,26,13.742121
1.0,27,13.74746
1.0,1,13.747685
1.0,11,13.749878
0.0,23,13.754429
1.0,27,13.759758
1.0,1,13.759989
0.0,7,13.761468
0.0,8,13.763062
1.0,25,13.768003
1.0,1,13.768229
1.0,11,13.770418
1.0,23,13.774962
1.0,29,13.780687
1.0,1,13.780912
1.0,11,13.783104
1.0,25,13.788048
0.0,18,13.7916
1.0,1,13.791822
1.0,14,13.7946
1.0,27,13.800007
1.0,24,13.804744
1.0,1,13.80497
1.0,11,13.807204
1.0,23,13.811748
1.0,23,13.816307
1.0,3,13.816926
1.0,12,13.81931
1.0,23,13.823854
1.0,24,13.828647
1.0,1,13.828871
1.0,11,13.831059
0.0,20,13.835006
1.0,25,13.840309
1.0,1,13.840536
1.0,11,13.842729
1.0,26,13.847868
0.0,4,13.848688
1.0,1,13.848911
1.0,13,13.85163
1.0,23,13.856281
1.0,27,13.86192
1.0,1,13.862146
1.0,13,13.864779
1.0,25,13.86972
0.0,4,13.870536
1.0,1,13.870759
1.0,16,13.873964
1.0,27,13.879286
1.0,24,13.884025
1.0,1,13.88425
1.0,11,13.88648
0.0,12,13.889177
1.0,24,13.8939
1.0,1,13.894124
1.0,11,13.89632
1.0,23,13.900888
1.0,25,13.906222
1.0,1,13.906449
1.0,11,13.908684
1.0,25,13.913757
1.0,24,13.918531
1.0,1,13.918758
1.0,11,13.92095
0.0,12,13.923339
1.0,27,13.928675
1.0,3,13.929295
1.0,11,13.931483
1.0,25,13.936423
0.0,13,13.939003
1.0,1,13.939225
1.0,11,13.941421
1.0,25,13.946357
1.0,25,13.951352
1.0,1,13.951579
1.0,11,13.953773
0.0,19,13.957551
1.0,24,13.962285
1.0,1,13.962512
1.0,13,13.965099
1.0,29,13.970809
0.0,22,13.975137
1.0,1,13.975362
1.0,11,13.977552
1.0,25,13.982492
0.0,8,13.98409
1.0,1,13.984314
1.0,15,13.987354
1.0,25,13.992268
1.0,33,13.998749
1.0,3,13.999369
1.0,13,14.001946
1.0,29,14.007646
1.0,25,14.012584
1.0,1,14.01281
1.0,14,14.01557
1.0,24,14.02034
1.0,27,14.025747
1.0,1,14.025974
1.0,13,14.028562
1.0,28,14.03408
1.0,28,14.039849
1.0,1,14.040082
0.0,4,14.040897
1.0,23,14.045443
1.0,25,14.050662
1.0,1,14.050887
1.0,12,14.053279
1.0,26,14.058553
1.0,23,14.063214
1.0,1,14.063443
1.0,11,14.065713
1.0,28,14.071366
1.0,23,14.075908
1.0,1,14.076138
1.0,11,14.078369
1.0,23,14.082913
1.0,25,14.088163
1.0,1,14.088389
0.0,4,14.089201
1.0,24,14.093998
1.0,23,14.098538
1.0,1,14.098765
1.0,11,14.101043
0.0,8,14.102633
1.0,23,14.107187
1.0,1,14.107411
1.0,11,14.10964
1.0,27,14.114977
1.0,27,14.120312
1.0,1,14.120538
0.0,8,14.122146
1.0,25,14.127077
1.0,27,14.13241
1.0,1,14.132637
1.0,12,14.13502
1.0,27,14.140423
1.0,26,14.145544
1.0,1,14.145771
1.0,11,14.147997
1.0,27,14.153452
1.0,27,14.158802
1.0,1,14.15903
0.0,4,14.159852
1.0,23,14.164475
1.0,27,14.169806
1.0,1,14.170032
1.0,11,14.172234
0.0,6,14.173433
0.0,16,14.176674
1.0,1,14.176899
0.0,8,14.1785
1.0,25,14.183493
1.0,23,14.188037
1.0,1,14.188263
1.0,11,14.19046
1.0,28,14.195994
0.0,14,14.198783
1.0,1,14.199005
1.0,11,14.201313
0.0,16,14.204482
1.0,23,14.209017
1.0,1,14.209241
1.0,13,14.211828
0.0,18,14.21549
1.0,25,14.220432
1.0,1,14.220659
1.0,11,14.222853
1.0,27,14.228202
1.0,25,14.233125
1.0,1,14.233352
1.0,11,14.235547
1.0,27,14.241184
1.0,27,14.246505
1.0,1,14.24673
1.0,11,14.249109
1.0,23,14.253805
1.0,25,14.25879
1.0,1,14.259016
1.0,13,14.261613
1.0,25,14.266648
1.0,27,14.272302
1.0,1,14.272527
1.0,11,14.274723
1.0,26,14.27988
1.0,27,14.285196
1.0,1,14.285422
1.0,12,14.287807
1.0,25,14.292775
1.0,24,14.297507
1.0,1,14.297732
1.0,13,14.300322
1.0,23,14.304971
1.0,30,14.311404
1.0,3,14.312078
1.0,11,14.314276
0.0,6,14.315479
1.0,28,14.32103
1.0,1,14.321254
1.0,13,14.323838
0.0,19,14.327674
1.0,29,14.333381
1.0,1,14.333607
1.0,13,14.336234
1.0,25,14.341166
0.0,22,14.345506
1.0,1,14.34573
0.0,4,14.346548
1.0,28,14.352061
1.0,25,14.356997
1.0,1,14.357223
1.0,12,14.359607
1.0,23,14.364149
0.0,14,14.366956
1.0,1,14.36718
1.0,13,14.369767
1.0,24,14.374518
1.0,23,14.379061
1.0,1,14.379287
1.0,12,14.38167
1.0,23,14.386218
1.0,28,14.392048
1.0,1,14.392277
1.0,14,14.39506
0.0,6,14.396257
1.0,27,14.40158
1.0,1,14.401806
1.0,17,14.405456
1.0,24,14.410236
1.0,25,14.41519
1.0,1,14.415415
0.0,12,14.417812
0.0,4,14.418621
1.0,25,14.423554
1.0,1,14.42378
1.0,11,14.425981
1.0,28,14.431508
1.0,32,14.437809
1.0,1,14.438303
1.0,11,14.440595
0.0,24,14.445338
1.0,27,14.450671
1.0,1,14.450898
1.0,12,14.453286
1.0,23,14.45808
1.0,23,14.462772
1.0,1,14.462997
1.0,11,14.465192
0.0,6,14.466428
0.0,13,14.469011
1.0,1,14.469234
1.0,11,14.471426
0.0,17,14.474798
1.0,25,14.479761
1.0,1,14.479991
1.0,11,14.482185
0.0,8,14.483772
1.0,26,14.489045
1.0,1,14.489271
1.0,12,14.49166
1.0,23,14.496248
0.0,6,14.497455
1.0,1,14.497677
0.0,9,14.499474
1.0,27,14.504803
1.0,26,14.509938
1.0,1,14.510164
1.0,13,14.512787
1.0,30,14.518807
1.0,27,14.524131
1.0,1,14.524356
1.0,11,14.52655
1.0,27,14.531856
0.0,16,14.535038
1.0,1,14.535264
1.0,13,14.537849
1.0,25,14.542778
0.0,14,14.545568
1.0,3,14.546185
1.0,11,14.548424
1.0,29,14.554205
1.0,23,14.558758
1.0,1,14.558983
0.0,9,14.560833
1.0,29,14.5666
1.0,25,14.57159
1.0,1,14.571815
1.0,12,14.574196
1.0,27,14.579509
1.0,30,14.585416
1.0,1,14.585643
1.0,11,14.587843
0.0,5,14.588848
1.0,27,14.594249
1.0,1,14.594475
1.0,11,14.596667
1.0,23,14.601215
1.0,24,14.605946
1.0,1,14.606171
1.0,11,14.608367
1.0,29,14.614085
1.0,33,14.620597
1.0,1,14.620824
1.0,13,14.623405
1.0,24,14.62815
1.0,25,14.633117
1.0,1,14.633343
1.0,13,14.635923
1.0,26,14.641304
1.0,27,14.646629
1.0,1,14.646855
0.0,2,14.647279
1.0,33,14.654095
1.0,25,14.659064
1.0,1,14.659288
1.0,12,14.661676
1.0,23,14.666318
1.0,29,14.672411
1.0,1,14.672636
1.0,11,14.674832
1.0,32,14.681216
1.0,27,14.686536
1.0,1,14.686764
1.0,13,14.689352
0.0,6,14.690561
1.0,27,14.695883
1.0,1,14.696113
1.0,11,14.698312
1.0,23,14.702858
1.0,27,14.708295
1.0,1,14.708523
1.0,11,14.710721
1.0,28,14.71625
1.0,30,14.722213
1.0,1,14.72244
1.0,11,14.724684
1.0,25,14.729658
1.0,29,14.735409
1.0,2,14.73583
1.0,12,14.738257
1.0,25,14.743382
0.0,23,14.748007
1.0,1,14.748234
1.0,11,14.750436
1.0,24,14.755556
0.0,4,14.756412
1.0,1,14.756635
1.0,13,14.759219
0.0,16,14.762446
1.0,31,14.768647
1.0,1,14.768872
1.0,13,14.771805
1.0,25,14.776863
0.0,16,14.780073
1.0,1,14.780299
0.0,2,14.780793
1.0,26,14.785977
0.0,18,14.789544
1.0,1,14.789767
1.0,11,14.791968
1.0,27,14.797311
1.0,29,14.803042
1.0,1,14.803267
0.0,6,14.804487
1.0,27,14.809808
1.0,23,14.814363
1.0,1,14.814588
1.0,11,14.816794
1.0,29,14.82263
1.0,25,14.827591
1.0,1,14.827818
1.0,11,14.830023
0.0,15,14.833005
1.0,23,14.837564
1.0,1,14.837793
1.0,11,14.840201
1.0,25,14.845153
1.0,26,14.850415
1.0,1,14.850725
1.0,17,14.854347
0.0,20,14.85843
1.0,24,14.86317
1.0,1,14.863398
1.0,11,14.865592
1.0,25,14.870647
1.0,24,14.87571
1.0,1,14.875938
1.0,11,14.878137
1.0,23,14.882732
1.0,25,14.887723
1.0,5,14.888835
1.0,13,14.891747
1.0,29,14.897595
1.0,24,14.90238
1.0,1,14.902606
1.0,11,14.90511
0.0,6,14.90632
1.0,25,14.911279
1.0,1,14.911507
1.0,12,14.913908
0.0,15,14.916932
1.0,29,14.922653
1.0,1,14.922878
1.0,11,14.925076
1.0,24,14.929887
1.0,25,14.934947
1.0,1,14.935174
0.0,10,14.937209
1.0,25,14.942183
1.0,25,14.947143
1.0,1,14.94737
1.0,11,14.949659
1.0,23,14.954213
1.0,27,14.959539
1.0,1,14.959765
0.0,10,14.961764
1.0,24,14.966511
1.0,23,14.971171
1.0,1,14.971398
1.0,13,14.973983
1.0,29,14.97972
1.0,32,14.986031
1.0,1,14.986257
1.0,13,14.988846
1.0,25,14.993788
1.0,25,14.998727
1.0,1,14.998953
1.0,12,15.00134
1.0,28,15.006979
0.0,13,15.009667
1.0,1,15.009893
1.0,11,15.012092
1.0,26,15.017222
1.0,27,15.022566
1.0,1,15.022791
1.0,15,15.025777
1.0,23,15.030338
0.0,19,15.034096
1.0,1,15.034322
1.0,11,15.036521
0.0,16,15.039682
0.0,9,15.041939
1.0,1,15.042166
1.0,11,15.044437
1.0,25,15.049558
1.0,30,15.05569
1.0,1,15.055916
1.0,15,15.058908
1.0,23,15.063723
1.0,26,15.069078
1.0,1,15.069304
1.0,11,15.071509
0.0,7,15.072944
0.0,17,15.076542
1.0,1,15.076767
1.0,11,15.078974
1.0,25,15.08402
1.0,27,15.089612
1.0,1,15.089838
1.0,12,15.092229
0.0,15,15.095244
1.0,27,15.100616
1.0,1,15.100842
1.0,13,15.103436
1.0,28,15.108997
1.0,26,15.114128
1.0,1,15.114353
1.0,11,15.116662
1.0,26,15.121951
1.0,28,15.12752
1.0,1,15.127746
1.0,18,15.131319
1.0,28,15.136858
1.0,27,15.142195
1.0,1,15.142418
1.0,12,15.144813
1.0,24,15.149563
1.0,25,15.154516
1.0,1,15.154743
1.0,11,15.156945
1.0,26,15.162232
1.0,25,15.167163
1.0,1,15.167391
1.0,13,15.169982
1.0,25,15.174951
1.0,27,15.180301
1.0,1,15.180527
1.0,16,15.183704
1.0,29,15.189406
0.0,6,15.190619
1.0,1,15.190841
1.0,14,15.193632
1.0,23,15.198299
1.0,29,15.204027
1.0,1,15.204253
1.0,12,15.20665
0.0,16,15.209819
1.0,26,15.214944
1.0,1,15.21517
1.0,11,15.217378
1.0,26,15.222524
1.0,27,15.227859
1.0,1,15.228088
1.0,11,15.230282
1.0,23,15.234944
1.0,25,15.239885
1.0,1,15.240116
1.0,13,15.242888
0.0,18,15.246488
1.0,26,15.251637
1.0,1,15.251863
1.0,11,15.254277
0.0,19,15.258115
1.0,23,15.262748
1.0,1,15.262975
1.0,14,15.265753
1.0,24,15.270563
1.0,27,15.276232
1.0,1,15.276459
1.0,11,15.278728
1.0,28,15.284288
0.0,20,15.288256
1.0,1,15.28848
1.0,13,15.2911
1.0,26,15.296322
0.0,6,15.297538
1.0,1,15.297793
1.0,11,15.300077
1.0,25,15.305569
1.0,23,15.310287
1.0,1,15.310513
1.0,13,15.313112
1.0,31,15.319224
1.0,25,15.324188
1.0,1,15.324416
1.0,11,15.326618
1.0,24,15.331379
1.0,27,15.336763
1.0,1,15.33699
1.0,11,15.339189
1.0,25,15.344154
1.0,23,15.348802
1.0,1,15.349029
1.0,13,15.351619
1.0,28,15.357152
1.0,28,15.362686
1.0,1,15.362913
1.0,11,15.365113
1.0,27,15.370453
1.0,25,15.375403
1.0,1,15.375631
1.0,13,15.378228
1.0,25,15.383182
1.0,27,15.388688
1.0,1,15.388947
1.0,11,15.391378
1.0,29,15.39713
1.0,27,15.402462
1.0,1,15.402691
1.0,11,15.405191
1.0,31,15.41134
1.0,29,15.417074
1.0,1,15.417302
1.0,13,15.419891
1.0,28,15.425489
1.0,27,15.430813
1.0,1,15.431039
1.0,11,15.433247
1.0,27,15.438567
0.0,20,15.442522
1.0,1,15.442746
1.0,13,15.445658
1.0,31,15.451805
1.0,25,15.457067
1.0,1,15.457295
1.0,11,15.459497
0.0,14,15.462395
1.0,29,15.46813
1.0,1,15.468357
1.0,12,15.470752
1.0,27,15.476223
1.0,25,15.481329
1.0,1,15.481555
1.0,12,15.484015
1.0,29,15.489719
1.0,32,15.496028
1.0,1,15.496256
1.0,13,15.498856
1.0,23,15.50352
1.0,26,15.508666
1.0,1,15.508892
1.0,13,15.511487
1.0,23,15.516038
0.0,6,15.517245
1.0,1,15.517468
1.0,13,15.520059
1.0,23,15.524629
1.0,28,15.53016
1.0,1,15.530388
1.0,11,15.532597
0.0,8,15.534204
0.0,4,15.535019
1.0,1,15.535243
1.0,12,15.537668
0.0,4,15.538481
1.0,23,15.543031
1.0,1,15.543256
1.0,11,15.545458
1.0,28,15.550999
1.0,25,15.555956
1.0,1,15.556224
1.0,13,15.558814
1.0,27,15.564166
1.0,27,15.569518
1.0,1,15.569744
0.0,4,15.570566
0.0,25,15.57559
0.0,6,15.576804
1.0,1,15.57703
1.0,12,15.579423
1.0,23,15.583964
1.0,25,15.588934
1.0,3,15.589559
1.0,11,15.591757
1.0,24,15.596532
1.0,25,15.601482
1.0,1,15.601706
1.0,13,15.604288
1.0,23,15.608856
1.0,23,15.61349
1.0,1,15.613716
1.0,13,15.616315
0.0,19,15.620083
1.0,28,15.625618
1.0,3,15.62624
1.0,13,15.628828
1.0,31,15.634938
1.0,27,15.640292
1.0,1,15.640518
1.0,11,15.642923
1.0,25,15.648381
1.0,26,15.653684
1.0,1,15.65391
1.0,11,15.656297
0.0,4,15.657109
1.0,25,15.662143
1.0,3,15.662799
1.0,11,15.665245
1.0,29,15.671096
1.0,25,15.676197
1.0,1,15.676424
1.0,11,15.678627
1.0,25,15.683563
1.0,23,15.688415
1.0,1,15.688641
0.0,13,15.691232
1.0,25,15.696298
1.0,27,15.701638
1.0,1,15.701864
1.0,12,15.70437
0.0,17,15.707741
1.0,24,15.712501
1.0,1,15.712728
0.0,6,15.713945
1.0,23,15.718502
1.0,25,15.723481
1.0,1,15.723708
0.0,6,15.724965
1.0,23,15.729581
1.0,25,15.73453
1.0,1,15.734756
1.0,21,15.738909
1.0,30,15.74485
1.0,23,15.749392
1.0,1,15.749619
1.0,13,15.752211
1.0,27,15.757536
1.0,23,15.762091
1.0,1,15.762319
1.0,15,15.765369
1.0,27,15.770716
0.0,18,15.774285
1.0,1,15.774511
1.0,11,15.77671
1.0,23,15.781302
1.0,28,15.786839
1.0,1,15.787066
1.0,11,15.789268
1.0,23,15.793816
1.0,23,15.798369
1.0,1,15.798594
1.0,13,15.801185
1.0,23,15.805827
0.0,8,15.807436
1.0,1,15.807659
1.0,16,15.810838
0.0,17,15.814269
1.0,23,15.818828
1.0,1,15.819056
1.0,12,15.821443
1.0,23,15.825999
0.0,10,15.827993
1.0,1,15.828219
1.0,11,15.830418
0.0,8,15.832024
1.0,25,15.836987
1.0,1,15.837214
1.0,13,15.83984
1.0,25,15.844799
1.0,25,15.84995
1.0,1,15.850177
1.0,13,15.852778
1.0,26,15.858168
1.0,27,15.863689
1.0,1,15.863916
0.0,7,15.865329
0.0,17,15.868702
1.0,23,15.873401
1.0,1,15.873629
0.0,6,15.87484
1.0,27,15.88063
1.0,23,15.885338
1.0,1,15.885564
0.0,2,15.885986
1.0,26,15.891448
1.0,29,15.897192
1.0,1,15.897418
1.0,11,15.899618
1.0,24,15.904377
0.0,14,15.907474
1.0,1,15.907697
1.0,13,15.910289
1.0,29,15.916123
1.0,25,15.921084
1.0,2,15.921504
1.0,13,15.924096
0.0,14,15.926879
1.0,23,15.931436
1.0,1,15.931662
1.0,13,15.934255
1.0,23,15.938812
1.0,24,15.943572
1.0,1,15.943799
1.0,16,15.946975
1.0,29,15.952816
1.0,23,15.957371
1.0,1,15.957596
1.0,13,15.960187
1.0,27,15.965533
1.0,27,15.970883
1.0,1,15.97111
0.0,6,15.97233
1.0,29,15.978076
1.0,28,15.98359
1.0,1,15.983816
1.0,12,15.986217
1.0,24,15.991109
0.0,19,15.994889
1.0,3,15.995509
1.0,11,15.997711
1.0,24,16.002457
0.0,14,16.005245
1.0,1,16.005471
0.0,2,16.005894
1.0,25,16.010855
1.0,23,16.015417
1.0,1,16.015643
1.0,13,16.018231
1.0,28,16.023754
1.0,24,16.02862
1.0,2,16.029042
1.0,11,16.031228
1.0,27,16.036576
1.0,29,16.042296
1.0,1,16.042522
0.0,2,16.042945
1.0,26,16.048249
1.0,25,16.053194
1.0,1,16.053421
1.0,11,16.055691
1.0,25,16.061026
1.0,27,16.066521
1.0,1,16.066747
1.0,13,16.069335
1.0,23,16.073925
1.0,25,16.078984
1.0,1,16.079277
1.0,11,16.081652
0.0,17,16.085113
0.0,18,16.088714
1.0,1,16.088935
1.0,11,16.091132
1.0,25,16.096147
0.0,21,16.100299
1.0,1,16.100526
1.0,12,16.102912
1.0,24,16.107813
1.0,29,16.11357
1.0,1,16.113797
1.0,11,16.116037
1.0,25,16.121069
1.0,26,16.126204
1.0,1,16.12643
1.0,18,16.129988
1.0,30,16.135933
1.0,27,16.141281
1.0,1,16.141604
1.0,11,16.143816
1.0,23,16.148375
1.0,23,16.152937
1.0,1,16.153162
1.0,11,16.155359
1.0,23,16.159928
1.0,27,16.165328
1.0,1,16.165554
1.0,11,16.167746
1.0,29,16.173827
1.0,29,16.179679
1.0,1,16.179906
0.0,6,16.181131
1.0,23,16.185698
1.0,27,16.191054
1.0,1,16.191281
1.0,11,16.193483
1.0,23,16.198035
1.0,27,16.203381
1.0,1,16.203607
1.0,13,16.206198
1.0,25,16.211149
1.0,25,16.216098
1.0,1,16.216324
1.0,11,16.218577
0.0,12,16.220963
0.0,19,16.22473
1.0,1,16.224956
1.0,12,16.227345
1.0,31,16.233501
1.0,27,16.238822
1.0,1,16.239047
1.0,11,16.241245
0.0,17,16.244932
1.0,25,16.25018
1.0,1,16.250407
1.0,13,16.253004
1.0,29,16.258811
1.0,30,16.265183
1.0,3,16.265807
1.0,12,16.268199
0.0,8,16.269799
1.0,25,16.274805
1.0,1,16.275066
1.0,11,16.277366
1.0,27,16.282734
1.0,27,16.288321
1.0,1,16.288547
1.0,13,16.29124
1.0,25,16.296216
1.0,25,16.301208
1.0,1,16.301433
1.0,11,16.303669
1.0,24,16.308426
0.0,17,16.311768
1.0,1,16.311993
1.0,11,16.314189
0.0,8,16.315786
1.0,25,16.320818
1.0,1,16.321047
1.0,11,16.323247
1.0,28,16.32878
1.0,24,16.333632
1.0,1,16.333858
0.0,4,16.334677
0.0,18,16.338257
1.0,23,16.342817
1.0,1,16.343044
1.0,13,16.345643
1.0,30,16.351563
1.0,27,16.356901
1.0,1,16.357127
1.0,11,16.359326
1.0,29,16.365049
1.0,23,16.369639
1.0,1,16.369865
1.0,11,16.37206
1.0,25,16.377004
1.0,27,16.382352
1.0,1,16.382578
1.0,14,16.38535
1.0,26,16.390884
1.0,29,16.396622
1.0,1,16.396847
1.0,11,16.39904
1.0,24,16.403793
1.0,27,16.40948
1.0,1,16.409707
1.0,13,16.412308
1.0,23,16.416865
1.0,23,16.421427
1.0,1,16.421654
0.0,7,16.423065
1.0,26,16.428208
1.0,25,16.433152
1.0,1,16.43338
0.0,4,16.434202
1.0,23,16.438771
0.0,14,16.441557
1.0,1,16.441781
0.0,10,16.443792
1.0,26,16.448977
1.0,37,16.456501
1.0,1,16.45673
1.0,11,16.458935
1.0,25,16.464258
1.0,25,16.469234
1.0,1,16.46946
1.0,13,16.472052
1.0,27,16.477537
1.0,23,16.482263
1.0,1,16.482491
0.0,2,16.482916
1.0,29,16.488814
1.0,26,16.493993
1.0,1,16.494219
1.0,11,16.496424
1.0,24,16.501224
1.0,35,16.508109
1.0,1,16.508335
1.0,11,16.510572
1.0,27,16.515909
1.0,25,16.520894
1.0,1,16.521119
0.0,7,16.52253
1.0,23,16.527096
1.0,25,16.532045
1.0,1,16.532271
0.0,4,16.533089
1.0,26,16.538239
1.0,26,16.54339
1.0,1,16.543617
1.0,11,16.545822
1.0,27,16.55116
1.0,25,16.556104
1.0,1,16.55633
1.0,11,16.558598
1.0,27,16.563954
1.0,23,16.568606
1.0,1,16.568832
1.0,13,16.571423
0.0,6,16.572633
0.0,4,16.573447
1.0,1,16.573668
1.0,12,16.57605
1.0,27,16.581408
1.0,25,16.58636
1.0,1,16.586587
0.0,2,16.587011
1.0,25,16.591981
1.0,27,16.59737
1.0,1,16.597599
1.0,12,16.599982
1.0,27,16.605322
0.0,20,16.609279
1.0,2,16.609697
1.0,14,16.612458
0.0,19,16.616228
1.0,24,16.620978
1.0,1,16.621203
1.0,11,16.6234
0.0,14,16.626179
1.0,25,16.631117
1.0,1,16.631343
1.0,13,16.634012
0.0,8,16.635614
0.0,9,16.637415
1.0,1,16.637641
1.0,11,16.63984
1.0,25,16.644782
1.0,23,16.649346
1.0,1,16.64957
1.0,11,16.652016
1.0,25,16.65698
1.0,25,16.662184
1.0,1,16.66241
1.0,11,16.66468
1.0,30,16.670672
1.0,28,16.676348
1.0,1,16.676576
0.0,7,16.678059
0.0,19,16.681872
1.0,26,16.687227
1.0,3,16.687847
0.0,7,16.689264
1.0,24,16.694021
1.0,27,16.699358
1.0,1,16.699584
1.0,11,16.701824
1.0,27,16.707157
0.0,16,16.710386
1.0,1,16.710608
1.0,14,16.71339
1.0,27,16.718725
1.0,26,16.723874
1.0,1,16.724104
1.0,13,16.726693
1.0,25,16.731655
1.0,29,16.737393
1.0,1,16.73762
1.0,14,16.740408
1.0,27,16.745762
0.0,19,16.749568
1.0,1,16.749793
0.0,4,16.750613
1.0,25,16.755625
0.0,6,16.756833
1.0,1,16.757057
1.0,11,16.759264
1.0,29,16.765003
1.0,24,16.769751
1.0,1,16.769978
0.0,2,16.770402
1.0,27,16.775736
1.0,25,16.780687
1.0,2,16.78111
1.0,11,16.783307
0.0,18,16.786937
1.0,25,16.791884
1.0,1,16.792115
1.0,11,16.794312
1.0,26,16.799464
0.0,18,16.803039
1.0,1,16.803264
1.0,11,16.80547
1.0,25,16.810414
1.0,27,16.81574
1.0,1,16.815969
0.0,4,16.816794
0.0,19,16.820546
1.0,29,16.826315
1.0,1,16.826541
1.0,11,16.828742
1.0,25,16.833705
1.0,26,16.838851
1.0,1,16.839077
0.0,9,16.840894
0.0,21,16.845442
1.0,25,16.850385
1.0,1,16.850612
1.0,13,16.853502
0.0,6,16.854712
1.0,33,16.861288
1.0,1,16.861615
1.0,11,16.863854
1.0,25,16.869013
1.0,25,16.87413
1.0,1,16.874359
1.0,15,16.877419
1.0,25,16.882481
1.0,29,16.88822
1.0,1,16.888446
1.0,12,16.891274
1.0,23,16.895908
1.0,29,16.901875
1.0,1,16.902103
1.0,13,16.904696
1.0,27,16.91031
1.0,27,16.91566
1.0,1,16.915884
0.0,4,16.916744
1.0,23,16.921314
1.0,27,16.926673
1.0,1,16.926899
1.0,13,16.929487
1.0,25,16.934434
1.0,27,16.939855
1.0,1,16.940085
1.0,13,16.942681
0.0,18,16.946241
1.0,28,16.951765
1.0,1,16.951995
1.0,11,16.954192
1.0,23,16.958746
1.0,25,16.963698
1.0,1,16.963926
1.0,12,16.966327
1.0,24,16.971098
1.0,32,16.977451
1.0,1,16.977677
1.0,11,16.979885
1.0,27,16.985237
1.0,25,16.990196
1.0,1,16.990422
1.0,12,16.992821
0.0,18,16.996398
1.0,23,17.000944
1.0,1,17.001169
1.0,11,17.003371
0.0,6,17.00458
1.0,28,17.010119
1.0,1,17.010345
1.0,11,17.012623
1.0,25,17.017588
1.0,25,17.022543
1.0,1,17.022768
1.0,11,17.024974
0.0,4,17.025789
1.0,23,17.030338
1.0,1,17.030564
1.0,11,17.032768
0.0,12,17.03516
1.0,23,17.039725
1.0,1,17.039956
1.0,15,17.042949
1.0,25,17.047882
1.0,25,17.053208
1.0,1,17.053436
1.0,12,17.0559
1.0,23,17.060584
1.0,27,17.066288
1.0,1,17.066514
1.0,12,17.068943
0.0,4,17.069753
1.0,28,17.075275
1.0,1,17.075501
0.0,6,17.076723
1.0,25,17.081787
1.0,27,17.08746
1.0,1,17.087685
1.0,11,17.089884
1.0,26,17.095045
0.0,6,17.096256
1.0,3,17.096877
1.0,11,17.099072
1.0,28,17.104622
1.0,25,17.109561
1.0,1,17.109786
1.0,13,17.112385
1.0,25,17.117419
1.0,25,17.122365
1.0,1,17.122593
0.0,2,17.123021
1.0,34,17.129815
1.0,27,17.135164
1.0,1,17.135391
1.0,14,17.138184
0.0,4,17.138996
1.0,29,17.144733
1.0,1,17.144961
1.0,11,17.147158
1.0,25,17.15215
1.0,27,17.157481
1.0,1,17.157703
0.0,6,17.158919
1.0,28,17.164547
1.0,28,17.17007
1.0,1,17.170299
1.0,11,17.172505
1.0,30,17.178457
1.0,24,17.183223
1.0,1,17.18345
1.0,11,17.185654
0.0,6,17.186863
1.0,25,17.191835
1.0,1,17.192067
1.0,13,17.194661
1.0,30,17.200634
0.0,23,17.205294
1.0,1,17.20552
1.0,14,17.208314
1.0,29,17.214065
1.0,30,17.22
1.0,1,17.220229
1.0,13,17.222831
1.0,23,17.227404
1.0,23,17.231976
1.0,1,17.232203
1.0,11,17.234405
1.0,23,17.239054
1.0,28,17.244591
1.0,3,17.24529
1.0,15,17.248262
0.0,16,17.251455
1.0,26,17.256931
1.0,1,17.25716
1.0,11,17.25938
0.0,14,17.262169
1.0,23,17.266985
1.0,3,17.267608
1.0,13,17.270194
0.0,4,17.271008
0.0,14,17.273798
1.0,1,17.274021
1.0,13,17.276657
0.0,12,17.279076
1.0,25,17.284169
1.0,1,17.284398
1.0,11,17.286796
1.0,25,17.291868
0.0,8,17.293513
1.0,1,17.293739
1.0,15,17.296733
1.0,31,17.302883
0.0,19,17.306672
1.0,3,17.307292
1.0,15,17.310274
0.0,12,17.312681
1.0,27,17.318139
1.0,1,17.318365
1.0,13,17.32096
1.0,27,17.326376
1.0,23,17.330943
1.0,1,17.331168
1.0,13,17.333765
1.0,23,17.338339
0.0,6,17.339556
1.0,1,17.339779
1.0,11,17.341984
1.0,27,17.347328
1.0,27,17.35277
1.0,1,17.352996
1.0,12,17.355392
1.0,29,17.361134
0.0,14,17.363925
1.0,1,17.364155
1.0,12,17.366545
0.0,19,17.370307
1.0,23,17.374862
1.0,1,17.375088
1.0,15,17.378083
1.0,25,17.383094
1.0,25,17.388097
1.0,3,17.388792
1.0,11,17.391262
0.0,19,17.395071
1.0,32,17.401425
1.0,1,17.401652
1.0,12,17.404088
1.0,29,17.410193
1.0,29,17.415997
1.0,1,17.416225
1.0,11,17.418429
1.0,23,17.42299
0.0,6,17.424207
1.0,1,17.424433
1.0,11,17.426705
1.0,25,17.431646
1.0,25,17.436629
1.0,1,17.436851
1.0,12,17.439241
1.0,29,17.445396
1.0,25,17.450414
1.0,1,17.45064
1.0,11,17.452837
0.0,4,17.453651
1.0,26,17.459159
1.0,1,17.459385
1.0,14,17.462249
1.0,28,17.467973
1.0,25,17.472935
1.0,1,17.473161
1.0,12,17.47555
1.0,23,17.480136
1.0,23,17.485022
1.0,1,17.485253
1.0,11,17.487498
0.0,17,17.491188
1.0,23,17.495779
1.0,1,17.49601
1.0,13,17.498602
1.0,23,17.503283
0.0,19,17.507064
1.0,1,17.50729
1.0,12,17.509722
1.0,33,17.516276
0.0,12,17.518678
1.0,1,17.518903
1.0,15,17.521902
1.0,28,17.527415
1.0,25,17.532357
1.0,1,17.532582
0.0,10,17.534587
1.0,29,17.54039
1.0,25,17.545344
1.0,1,17.54557
0.0,10,17.547573
1.0,25,17.552522
1.0,23,17.557086
1.0,1,17.557312
1.0,13,17.559905
1.0,29,17.565701
1.0,23,17.570258
1.0,1,17.570485
1.0,14,17.573278
1.0,23,17.577908
0.0,8,17.579518
1.0,1,17.579741
1.0,11,17.581948
0.0,12,17.584346
1.0,27,17.58974
1.0,1,17.589966
1.0,13,17.592558
1.0,23,17.59717
1.0,24,17.60192
1.0,1,17.602146
1.0,11,17.604429
0.0,4,17.605245
0.0,14,17.608035
1.0,1,17.60826
1.0,11,17.610464
0.0,17,17.613848
1.0,31,17.620042
1.0,1,17.620269
1.0,11,17.622472
0.0,6,17.62368
1.0,33,17.630184
1.0,1,17.630407
1.0,16,17.633592
1.0,31,17.63973
1.0,27,17.645093
1.0,1,17.64532
1.0,11,17.647526
1.0,26,17.652657
1.0,25,17.657886
1.0,1,17.658114
1.0,11,17.660322
1.0,29,17.666071
1.0,27,17.671803
1.0,1,17.672033
1.0,11,17.67423
0.0,14,17.677027
1.0,25,17.681983
1.0,1,17.682229
0.0,2,17.682667
1.0,25,17.687705
1.0,23,17.692608
1.0,1,17.692836
1.0,11,17.695036
1.0,25,17.700075
1.0,28,17.705596
1.0,1,17.705821
1.0,11,17.708059
1.0,28,17.713599
1.0,24,17.718362
1.0,1,17.718587
1.0,11,17.720787
1.0,29,17.726543
1.0,25,17.731497
1.0,1,17.731723
1.0,11,17.733935
1.0,28,17.739479
1.0,23,17.744038
1.0,1,17.744265
1.0,11,17.746461
0.0,6,17.747658
1.0,25,17.752615
1.0,1,17.752841
1.0,11,17.755036
0.0,18,17.758599
1.0,27,17.763933
1.0,1,17.764196
1.0,11,17.766404
0.0,6,17.767675
1.0,24,17.772421
1.0,1,17.772647
0.0,4,17.773469
0.0,21,17.77765
1.0,27,17.783001
1.0,1,17.783229
1.0,14,17.786025
1.0,26,17.791178
1.0,28,17.796736
1.0,1,17.796959
1.0,11,17.799163
1.0,23,17.803722
0.0,6,17.805017
1.0,1,17.805244
1.0,11,17.807449
1.0,30,17.813373
1.0,26,17.81851
1.0,1,17.818737
1.0,11,17.82094
0.0,9,17.822737
1.0,32,17.829136
1.0,1,17.829363
0.0,2,17.82979
1.0,23,17.834363
1.0,27,17.839701
1.0,1,17.839927
1.0,11,17.842139
0.0,22,17.846552
1.0,24,17.851309
1.0,1,17.851534
1.0,14,17.854322
1.0,25,17.859515
1.0,26,17.864697
1.0,1,17.864924
1.0,11,17.867126
1.0,29,17.873262
0.0,6,17.874473
1.0,1,17.874696
1.0,11,17.876931
1.0,31,17.883159
1.0,25,17.888226
1.0,1,17.888469
0.0,2,17.888972
1.0,25,17.894372
1.0,25,17.899337
1.0,3,17.899964
1.0,11,17.902164
1.0,25,17.907463
1.0,23,17.912263
1.0,1,17.912488
1.0,11,17.914686
1.0,23,17.919349
1.0,24,17.924103
1.0,1,17.92433
1.0,11,17.926528
1.0,28,17.932049
1.0,26,17.937184
1.0,1,17.937411
1.0,11,17.939607
1.0,27,17.944938
1.0,28,17.95045
1.0,3,17.951069
1.0,13,17.953667
1.0,25,17.95868
0.0,14,17.961471
1.0,1,17.961698
1.0,11,17.963897
0.0,18,17.967479
1.0,24,17.97223
1.0,1,17.972456
1.0,13,17.975038
1.0,25,17.979989
1.0,25,17.984942
1.0,1,17.985169
1.0,17,17.988537
1.0,23,17.993107
1.0,25,17.998112
1.0,1,17.998339
1.0,13,18.00093
1.0,23,18.005477
0.0,16,18.008662
1.0,1,18.008889
1.0,11,18.011088
1.0,27,18.016433
1.0,23,18.020992
1.0,1,18.021218
0.0,4,18.022029
1.0,41,18.030099
1.0,25,18.035083
1.0,1,18.035309
1.0,11,18.037508
1.0,27,18.04295
1.0,23,18.047739
1.0,1,18.047971
0.0,10,18.04998
1.0,24,18.054748
1.0,27,18.060373
1.0,1,18.060599
1.0,14,18.063395
1.0,25,18.068391
1.0,23,18.073058
1.0,1,18.073285
1.0,15,18.076272
0.0,6,18.077482
1.0,29,18.083479
1.0,1,18.083705
1.0,12,18.086209
1.0,27,18.091661
1.0,23,18.096222
1.0,1,18.096449
1.0,20,18.100421
1.0,23,18.10529
1.0,26,18.110587
1.0,1,18.110816
1.0,13,18.113461
0.0,18,18.117188
0.0,9,18.118988
1.0,1,18.119209
1.0,11,18.121456
1.0,23,18.126023
1.0,25,18.130968
1.0,1,18.131195
1.0,13,18.133773
1.0,23,18.138336
1.0,23,18.1429
1.0,1,18.143129
1.0,11,18.145514
1.0,30,18.151594
1.0,25,18.156569
1.0,1,18.156796
1.0,12,18.159185
0.0,10,18.161183
1.0,23,18.165742
1.0,1,18.165968
1.0,11,18.16817
0.0,6,18.169382
1.0,24,18.17413
1.0,1,18.174356
1.0,15,18.177346
0.0,18,18.180971
1.0,24,18.185836
1.0,1,18.186063
0.0,7,18.187479
1.0,29,18.193236
1.0,29,18.198975
1.0,1,18.199201
1.0,13,18.201797
1.0,25,18.206735
1.0,26,18.211874
1.0,1,18.212119
1.0,13,18.214721
1.0,25,18.219687
0.0,18,18.22332
1.0,1,18.223546
0.0,12,18.22595
1.0,28,18.231483
0.0,6,18.232702
1.0,1,18.232928
1.0,14,18.23571
1.0,23,18.240256
1.0,26,18.2454
1.0,1,18.245627
1.0,12,18.248026
0.0,18,18.251595
1.0,27,18.256919
1.0,1,18.257146
0.0,4,18.25797
1.0,23,18.262906
0.0,6,18.264126
1.0,1,18.264353
1.0,12,18.266748
1.0,25,18.271943
1.0,27,18.277517
1.0,1,18.277745
1.0,13,18.280375
1.0,29,18.286139
1.0,23,18.290837
1.0,1,18.291092
1.0,11,18.293543
1.0,29,18.299377
1.0,27,18.304718
1.0,1,18.304946
1.0,11,18.307153
0.0,16,18.310332
0.0,20,18.314301
1.0,1,18.31453
1.0,17,18.317909
1.0,31,18.324039
1.0,27,18.329405
1.0,1,18.329631
1.0,11,18.331882
1.0,26,18.337328
1.0,25,18.342283
1.0,1,18.342509
1.0,13,18.345104
1.0,30,18.351157
1.0,23,18.355765
1.0,1,18.356029
1.0,12,18.358459
0.0,12,18.360878
1.0,25,18.365966
1.0,1,18.366194
0.0,6,18.367418
1.0,23,18.372161
1.0,28,18.377781
1.0,1,18.37801
1.0,11,18.380299
1.0,23,18.384936
0.0,6,18.386149
1.0,2,18.386569
1.0,11,18.388878
0.0,16,18.392178
1.0,25,18.397239
1.0,1,18.397468
1.0,15,18.400527
1.0,23,18.405194
1.0,23,18.410017
1.0,1,18.410246
1.0,11,18.412586
0.0,8,18.414186
0.0,14,18.417011
1.0,1,18.417238
1.0,13,18.419857
1.0,27,18.425371
1.0,25,18.430451
1.0,1,18.430679
0.0,9,18.432531
1.0,23,18.437204
1.0,27,18.442569
1.0,1,18.442798
1.0,12,18.445316
0.0,14,18.448211
1.0,23,18.453125
1.0,1,18.453365
1.0,11,18.455588
1.0,28,18.461153
1.0,23,18.466041
1.0,1,18.466268
1.0,12,18.468669
1.0,26,18.47381
0.0,4,18.474826
1.0,1,18.475173
1.0,11,18.477484
1.0,23,18.482091
1.0,25,18.487079
1.0,1,18.487308
1.0,15,18.49034
0.0,4,18.49115
1.0,27,18.496727
1.0,1,18.496954
1.0,13,18.499672
1.0,31,18.505867
1.0,24,18.510626
1.0,1,18.510852
0.0,10,18.512864
0.0,17,18.516267
1.0,27,18.521655
1.0,1,18.521889
1.0,13,18.5246
1.0,27,18.529933
1.0,23,18.534491
1.0,1,18.534718
1.0,12,18.537116
0.0,6,18.538321
1.0,27,18.543661
1.0,1,18.543888
0.0,2,18.544316
1.0,25,18.549265
1.0,23,18.553825
1.0,1,18.554051
1.0,11,18.556253
1.0,29,18.562033
1.0,25,18.566979
1.0,1,18.567205
1.0,11,18.569405
0.0,23,18.573957
1.0,25,18.578907
1.0,1,18.579134
1.0,12,18.581559
1.0,25,18.586494
1.0,23,18.591054
1.0,1,18.59128
1.0,11,18.593482
1.0,27,18.598913
1.0,25,18.603867
1.0,1,18.604102
1.0,13,18.606696
1.0,25,18.611638
1.0,25,18.616583
1.0,1,18.616811
1.0,11,18.619015
1.0,25,18.623973
1.0,29,18.629711
1.0,1,18.629937
1.0,13,18.63253
1.0,29,18.638378
1.0,25,18.643373
1.0,3,18.644064
1.0,13,18.646654
1.0,23,18.651207
1.0,25,18.656469
1.0,1,18.656695
1.0,12,18.659081
1.0,25,18.664072
0.0,6,18.665479
1.0,1,18.665703
0.0,9,18.667512
1.0,31,18.673671
1.0,25,18.678803
1.0,1,18.679029
1.0,12,18.681422
1.0,27,18.686759
1.0,30,18.692914
1.0,1,18.69314
1.0,12,18.695608
1.0,26,18.700891
0.0,19,18.704727
1.0,1,18.704952
1.0,11,18.707255
1.0,25,18.712281
1.0,23,18.716881
1.0,1,18.717109
1.0,11,18.719311
0.0,6,18.720522
0.0,20,18.724526
1.0,1,18.724752
1.0,13,18.727339
1.0,23,18.731886
0.0,12,18.734272
1.0,1,18.734497
1.0,12,18.73689
1.0,29,18.74262
1.0,24,18.747371
1.0,1,18.747599
0.0,7,18.74905
1.0,31,18.755268
1.0,23,18.75982
1.0,1,18.760051
1.0,12,18.762436
1.0,28,18.76796
1.0,27,18.773308
1.0,1,18.773536
1.0,11,18.775739
0.0,18,18.779317
0.0,16,18.782494
1.0,1,18.78272
1.0,13,18.785315
1.0,23,18.789977
0.0,6,18.791185
1.0,1,18.791407
1.0,11,18.79361
1.0,25,18.798539
1.0,25,18.803487
1.0,1,18.803714
1.0,13,18.806347
0.0,6,18.807556
1.0,27,18.812883
1.0,1,18.81311
1.0,11,18.815306
1.0,28,18.82082
0.0,9,18.822612
1.0,1,18.822835
1.0,13,18.825536
1.0,32,18.831842
1.0,25,18.836784
1.0,1,18.837013
1.0,12,18.839408
0.0,6,18.840623
1.0,30,18.846547
1.0,1,18.846775
1.0,11,18.848976
0.0,12,18.851373
0.0,6,18.852584
1.0,1,18.852808
0.0,4,18.853631
0.0,4,18.854441
1.0,23,18.859097
1.0,1,18.859323
1.0,11,18.861561
1.0,23,18.866442
1.0,27,18.871878
1.0,1,18.872108
1.0,14,18.87489
1.0,23,18.87968
1.0,25,18.88465
1.0,1,18.884878
1.0,11,18.887078
1.0,27,18.892972
1.0,23,18.89765
1.0,1,18.897875
1.0,12,18.900479
1.0,27,18.906267
1.0,27,18.911606
1.0,1,18.911831
1.0,11,18.91403
1.0,29,18.919823
1.0,24,18.924606
1.0,1,18.92483
1.0,11,18.927027
1.0,25,18.931992
0.0,17,18.935351
1.0,1,18.935575
1.0,11,18.937781
1.0,25,18.942839
1.0,23,18.947383
1.0,3,18.948048
1.0,13,18.950631
0.0,21,18.954796
1.0,25,18.959737
1.0,1,18.959966
1.0,13,18.962556
1.0,23,18.967114
1.0,25,18.972073
1.0,1,18.9723
1.0,11,18.974499
1.0,27,18.97994
1.0,25,18.984882
1.0,1,18.985108
1.0,14,18.987881
0.0,18,18.991507
1.0,25,18.996521
1.0,1,18.99675
1.0,14,18.999529
1.0,28,19.005077
1.0,26,19.010216
1.0,1,19.010442
1.0,14,19.013219
1.0,25,19.018357
1.0,23,19.022912
1.0,1,19.023139
1.0,14,19.025915
1.0,25,19.030967
1.0,23,19.035522
1.0,1,19.035748
1.0,11,19.037988
1.0,28,19.043539
1.0,29,19.049241
1.0,1,19.049468
1.0,11,19.051669
1.0,27,19.057188
1.0,25,19.062147
1.0,1,19.062375
1.0,11,19.064577
1.0,25,19.069877
1.0,29,19.075608
1.0,1,19.075836
1.0,11,19.078235
1.0,23,19.082944
1.0,28,19.088507
1.0,3,19.089128
1.0,11,19.091434
1.0,29,19.097312
1.0,23,19.102179
1.0,1,19.102404
1.0,11,19.104604
0.0,12,19.106991
1.0,27,19.112334
1.0,1,19.112562
1.0,12,19.114962
0.0,6,19.116173
1.0,28,19.121715
1.0,1,19.121941
1.0,11,19.124145
1.0,25,19.129164
1.0,25,19.134108
1.0,3,19.134727
1.0,17,19.138099
1.0,25,19.143039
1.0,25,19.147996
1.0,1,19.148222
1.0,11,19.150416
1.0,25,19.155366
1.0,23,19.159933
1.0,1,19.16016
1.0,12,19.162555
1.0,27,19.168025
1.0,25,19.173003
1.0,1,19.17323
1.0,11,19.175431
0.0,8,19.177034
1.0,25,19.182015
1.0,3,19.182638
1.0,14,19.185419
1.0,27,19.190753
1.0,25,19.195703
1.0,1,19.195933
0.0,2,19.19636
1.0,26,19.201511
1.0,23,19.206167
1.0,1,19.206394
1.0,11,19.208605
1.0,26,19.213748
1.0,23,19.218302
1.0,1,19.218527
1.0,13,19.221116
1.0,29,19.226855
1.0,28,19.232395
1.0,1,19.232623
1.0,11,19.234825
1.0,25,19.239766
1.0,25,19.244921
1.0,1,19.245147
1.0,11,19.247346
1.0,25,19.252285
1.0,23,19.257117
1.0,1,19.257344
1.0,11,19.259542
1.0,25,19.264483
0.0,21,19.268886
1.0,3,19.269508
1.0,13,19.272098
1.0,23,19.276666
1.0,26,19.282016
1.0,1,19.282241
0.0,2,19.282665
0.0,12,19.285063
1.0,27,19.290402
1.0,1,19.290628
1.0,17,19.294323
1.0,25,19.299437
1.0,29,19.305226
1.0,1,19.305451
0.0,6,19.30667
1.0,23,19.31126
1.0,31,19.317796
1.0,1,19.318024
0.0,9,19.319839
1.0,33,19.32651
1.0,25,19.331468
1.0,1,19.331694
1.0,13,19.334339
1.0,24,19.339086
1.0,27,19.344426
1.0,1,19.344653
1.0,11,19.346854
1.0,29,19.352575
1.0,24,19.357436
1.0,1,19.357662
1.0,11,19.359855
1.0,25,19.364815
0.0,12,19.367204
1.0,1,19.367427
1.0,11,19.369627
0.0,17,19.372994
1.0,30,19.378919
1.0,1,19.379146
1.0,11,19.381351
1.0,26,19.386492
1.0,30,19.392758
1.0,1,19.392987
1.0,11,19.395193
1.0,30,19.401123
1.0,24,19.406073
1.0,1,19.406335
1.0,15,19.409326
1.0,26,19.414449
0.0,22,19.418805
1.0,1,19.419031
1.0,11,19.421274
1.0,26,19.426397
1.0,24,19.431249
1.0,1,19.431475
1.0,11,19.433679
0.0,8,19.435276
0.0,18,19.438837
1.0,1,19.43906
1.0,11,19.441261
1.0,23,19.445842
1.0,24,19.450576
1.0,1,19.450802
0.0,9,19.452613
1.0,25,19.457568
1.0,23,19.462142
1.0,1,19.462368
1.0,11,19.464572
1.0,25,19.469778
1.0,28,19.475358
1.0,1,19.475585
1.0,17,19.478961
1.0,28,19.484817
1.0,30,19.49073
1.0,1,19.490955
1.0,11,19.493158
1.0,29,19.49902
1.0,25,19.504356
1.0,1,19.504583
1.0,17,19.508049
1.0,23,19.51261
1.0,23,19.517203
1.0,1,19.51743
1.0,11,19.519635
1.0,25,19.524587
1.0,27,19.529931
1.0,1,19.530159
1.0,11,19.532363
1.0,28,19.537919
1.0,26,19.543038
1.0,1,19.543264
1.0,13,19.545922
1.0,26,19.551054
1.0,23,19.555611
1.0,1,19.555837
1.0,16,19.559023
1.0,25,19.563976
1.0,27,19.569311
1.0,1,19.569535
1.0,11,19.571739
0.0,17,19.575122
1.0,26,19.580264
1.0,1,19.580489
1.0,11,19.582764
0.0,10,19.584758
1.0,28,19.590281
1.0,1,19.590508
1.0,11,19.592716
1.0,25,19.597669
0.0,8,19.599272
1.0,1,19.599495
1.0,12,19.601892
1.0,25,19.606847
1.0,27,19.612229
1.0,1,19.612458
1.0,11,19.614662
1.0,26,19.619916
1.0,25,19.624875
1.0,1,19.625101
1.0,11,19.6273
1.0,29,19.63302
1.0,25,19.637973
1.0,1,19.638201
1.0,11,19.640399
1.0,25,19.645356
1.0,27,19.650701
1.0,1,19.650927
1.0,12,19.653394
1.0,23,19.658132
1.0,23,19.66273
1.0,1,19.662958
1.0,14,19.665774
1.0,27,19.671394
1.0,27,19.676877
1.0,1,19.677105
0.0,9,19.678911
1.0,23,19.683841
0.0,18,19.687398
1.0,1,19.687623
1.0,11,19.689829
1.0,25,19.694772
0.0,11,19.69718
1.0,1,19.697404
1.0,11,19.699602
0.0,13,19.70237
1.0,26,19.707716
1.0,1,19.707946
1.0,13,19.710535
0.0,8,19.71214
1.0,23,19.71669
1.0,1,19.716916
1.0,13,19.719504
1.0,25,19.724453
1.0,27,19.729803
1.0,1,19.730025
1.0,12,19.732416
1.0,24,19.737234
1.0,28,19.742745
1.0,1,19.742974
1.0,13,19.745565
1.0,31,19.751695
1.0,25,19.756925
1.0,1,19.757152
1.0,13,19.759743
1.0,23,19.764301
1.0,25,19.76923
1.0,2,19.76965
1.0,11,19.772191
0.0,17,19.775556
1.0,27,19.780912
1.0,1,19.78114
1.0,13,19.783731
1.0,25,19.788679
1.0,28,19.7942
1.0,1,19.794426
1.0,11,19.796625
1.0,26,19.801771
0.0,19,19.805547
1.0,1,19.805773
1.0,17,19.809243
1.0,23,19.813829
1.0,26,19.818981
1.0,1,19.81921
1.0,15,19.822188
1.0,23,19.826718
1.0,23,19.831274
1.0,1,19.831502
1.0,13,19.834096
0.0,18,19.837665
1.0,25,19.842605
1.0,1,19.842831
1.0,17,19.846268
1.0,25,19.851322
1.0,25,19.85628
1.0,1,19.856508
1.0,11,19.858923
1.0,28,19.864563
0.0,4,19.865384
1.0,1,19.865608
1.0,11,19.867805
1.0,23,19.872709
1.0,23,19.877321
1.0,1,19.877548
1.0,12,19.879941
0.0,8,19.881572
1.0,23,19.886284
1.0,1,19.88651
1.0,12,19.888917
1.0,29,19.895133
1.0,25,19.900353
1.0,1,19.900578
1.0,11,19.902847
0.0,6,19.904103
1.0,23,19.909022
1.0,1,19.909248
1.0,14,19.912036
0.0,23,19.916785
0.0,14,19.919671
1.0,1,19.919892
0.0,7,19.92135
0.0,8,19.923019
0.0,18,19.926582
1.0,1,19.926808
1.0,11,19.929014
0.0,28,19.934533
1.0,23,19.939081
1.0,1,19.939306
1.0,12,19.9417
0.0,21,19.945865
1.0,27,19.951192
1.0,1,19.951419
1.0,12,19.953821
1.0,25,19.958772
1.0,23,19.963464
1.0,1,19.963694
1.0,13,19.966295
0.0,21,19.97045
1.0,25,19.975386
1.0,2,19.975802
1.0,11,19.977995
1.0,25,19.982936
1.0,30,19.988853
1.0,1,19.989075
1.0,11,19.991275
1.0,23,19.995834
0.0,6,19.997051
1.0,2,19.997469
1.0,16,20.000699
1.0,26,20.005817
1.0,28,20.011345
1.0,1,20.011572
1.0,13,20.014174
1.0,24,20.018969
1.0,23,20.023511
1.0,1,20.023737
1.0,11,20.025933
1.0,25,20.030875
1.0,25,20.035939
1.0,1,20.036166
1.0,11,20.038362
1.0,32,20.044671
1.0,29,20.050389
1.0,3,20.05101
1.0,12,20.053406
1.0,25,20.058437
1.0,26,20.063587
1.0,1,20.063816
1.0,11,20.06601
1.0,25,20.070996
1.0,23,20.075901
