# {"t_start": 1643129666.0924237, "env_id": "Office-v0"} 
r,l,t
0.0,22,0.009163
0.0,40,0.025723
0.0,11,0.030103
0.0,30,0.041819
0.0,21,0.050194
0.0,10,0.054139
0.0,51,0.074377
0.0,25,0.084162
0.0,4,0.085861
0.0,56,0.107715
0.0,43,0.124814
0.0,85,0.158463
0.0,43,0.175258
0.0,177,0.244512
0.0,14,0.249991
0.0,43,0.267244
0.0,47,0.288458
0.0,194,0.369433
0.0,35,0.383215
0.0,10,0.387146
1.0,49,0.406394
0.0,51,0.426303
0.0,37,0.440906
0.0,78,0.472011
0.0,152,0.532331
0.0,151,0.591695
0.0,57,0.614237
0.0,66,0.640119
0.0,95,0.677821
0.0,51,0.697928
0.0,154,0.758321
0.0,27,0.768938
0.0,94,0.805902
0.0,212,0.890169
0.0,8,0.893314
0.0,14,0.898875
0.0,29,0.910199
1.0,194,0.98769
0.0,15,0.993757
0.0,139,1.048159
1.0,46,1.066182
0.0,13,1.071313
0.0,69,1.098457
0.0,363,1.241462
1.0,62,1.266562
0.0,123,1.315449
0.0,462,1.500305
0.0,25,1.510248
1.0,46,1.52848
1.0,243,1.625266
1.0,327,1.754991
0.0,401,1.915904
1.0,29,1.927461
0.0,11,1.931854
0.0,23,1.940948
0.0,29,1.952592
1.0,18,1.960099
0.0,22,1.968859
0.0,112,2.013877
0.0,317,2.13997
1.0,15,2.146104
0.0,36,2.160428
0.0,84,2.19426
0.0,99,2.234338
1.0,36,2.248651
0.0,23,2.257934
0.0,195,2.336218
0.0,430,2.508714
1.0,35,2.522737
0.0,83,2.555786
0.0,76,2.58617
0.0,53,2.607408
1.0,27,2.618149
0.0,28,2.629347
0.0,100,2.669226
0.0,24,2.678885
1.0,14,2.684471
0.0,14,2.690019
0.0,126,2.740247
0.0,160,2.804332
1.0,11,2.808746
1.0,161,2.873635
0.0,10,2.877659
0.0,97,2.916609
1.0,11,2.921026
1.0,138,2.976942
0.0,107,3.019718
0.0,647,3.279345
1.0,11,3.283782
0.0,100,3.323498
1.0,184,3.397667
0.0,31,3.409987
0.0,2,3.410797
1.0,125,3.460872
0.0,237,3.555822
0.0,251,3.656509
1.0,12,3.661367
1.0,82,3.694527
0.0,25,3.704465
0.0,607,3.947549
1.0,11,3.951944
1.0,120,4.000732
0.0,175,4.071059
0.0,119,4.118377
1.0,11,4.122778
1.0,78,4.153792
0.0,35,4.167719
0.0,125,4.217539
1.0,11,4.222008
1.0,103,4.263307
0.0,79,4.294785
0.0,21,4.30321
1.0,11,4.307682
0.0,20,4.315593
0.0,181,4.388865
0.0,72,4.417439
0.0,2,4.418256
0.0,33,4.431423
0.0,80,4.46358
0.0,1000,4.86271
1.0,15,4.868769
1.0,42,4.885463
1.0,96,4.923388
0.0,101,4.963851
1.0,11,4.968299
0.0,10,4.972326
0.0,20,4.980663
0.0,178,5.051391
1.0,11,5.055783
1.0,41,5.071995
0.0,55,5.093902
0.0,394,5.250277
1.0,11,5.254668
1.0,41,5.270957
0.0,33,5.284122
0.0,2,5.284934
1.0,11,5.289311
0.0,39,5.30472
1.0,46,5.323135
0.0,218,5.410642
1.0,11,5.415043
1.0,41,5.431411
0.0,117,5.478909
0.0,150,5.538321
1.0,11,5.54275
1.0,30,5.554697
1.0,60,5.578466
0.0,164,5.643826
1.0,13,5.649019
1.0,86,5.683346
1.0,33,5.696555
0.0,576,5.926348
1.0,11,5.930742
0.0,10,5.934732
1.0,39,5.950238
0.0,42,5.967365
1.0,12,5.972141
1.0,45,5.9903
1.0,68,6.017225
0.0,285,6.130861
1.0,11,6.135238
0.0,15,6.141139
1.0,28,6.152317
0.0,49,6.171757
1.0,18,6.178959
1.0,36,6.193309
0.0,16,6.199691
0.0,37,6.214419
1.0,11,6.218796
1.0,25,6.228836
1.0,45,6.246715
0.0,80,6.2786
1.0,13,6.283785
1.0,35,6.297701
0.0,110,6.341806
0.0,589,6.57713
0.0,4,6.578766
0.0,28,6.589926
1.0,25,6.599933
0.0,305,6.721882
1.0,11,6.726323
1.0,34,6.739832
1.0,35,6.753807
0.0,28,6.765083
1.0,13,6.770281
0.0,4,6.771879
1.0,44,6.789417
0.0,467,6.976922
1.0,11,6.981399
1.0,29,6.992989
1.0,38,7.008117
0.0,18,7.015339
1.0,15,7.021366
0.0,4,7.022971
1.0,39,7.03849
0.0,45,7.056474
1.0,11,7.060867
1.0,24,7.070457
1.0,24,7.080079
0.0,261,7.184441
1.0,11,7.188854
0.0,20,7.196831
1.0,33,7.210265
0.0,205,7.293271
1.0,11,7.297704
1.0,24,7.307316
1.0,26,7.317714
0.0,147,7.377066
1.0,13,7.382275
0.0,8,7.385494
1.0,25,7.395614
0.0,27,7.406649
1.0,11,7.41106
1.0,25,7.421033
1.0,23,7.430228
0.0,360,7.574445
1.0,11,7.578872
1.0,26,7.589341
1.0,24,7.598986
0.0,404,7.760625
1.0,11,7.765043
1.0,25,7.775069
1.0,27,7.785837
0.0,16,7.792323
1.0,12,7.797097
1.0,29,7.808654
0.0,19,7.816288
0.0,250,7.916966
0.0,7,7.919801
1.0,27,7.930634
1.0,23,7.939836
0.0,170,8.008324
1.0,15,8.01436
1.0,28,8.025855
1.0,25,8.035881
0.0,23,8.045361
1.0,11,8.049775
0.0,13,8.054969
1.0,25,8.064975
0.0,32,8.07788
1.0,11,8.082291
0.0,21,8.090707
1.0,23,8.099899
0.0,121,8.148173
1.0,11,8.152639
1.0,27,8.163473
0.0,16,8.169899
0.0,547,8.38844
1.0,11,8.392859
0.0,14,8.398472
1.0,23,8.407651
0.0,169,8.475209
0.0,6,8.477938
1.0,26,8.488303
1.0,29,8.499936
0.0,133,8.552972
1.0,11,8.557368
1.0,26,8.56785
1.0,23,8.577043
0.0,38,8.59236
1.0,12,8.597233
1.0,29,8.609158
0.0,18,8.616392
0.0,128,8.667516
1.0,13,8.672724
1.0,23,8.681973
0.0,17,8.688785
0.0,113,8.73369
1.0,12,8.738483
1.0,29,8.750075
1.0,25,8.760133
0.0,608,9.00416
1.0,11,9.008592
1.0,27,9.019485
1.0,23,9.02871
0.0,148,9.08754
1.0,13,9.092762
0.0,18,9.100289
0.0,8,9.103667
0.0,41,9.119986
1.0,15,9.126023
1.0,26,9.136475
1.0,25,9.1465
0.0,65,9.172479
1.0,11,9.176917
1.0,23,9.186168
1.0,27,9.196985
0.0,99,9.237043
1.0,13,9.242252
1.0,37,9.257075
1.0,29,9.26867
0.0,356,9.414193
0.0,2,9.415024
1.0,23,9.424234
1.0,25,9.434275
0.0,143,9.492428
0.0,9,9.496071
0.0,10,9.500091
0.0,8,9.503311
0.0,338,9.639446
1.0,11,9.643893
1.0,32,9.656717
1.0,25,9.666827
0.0,396,9.82638
1.0,14,9.831976
0.0,16,9.838605
1.0,27,9.849436
0.0,56,9.872137
1.0,11,9.876576
1.0,23,9.88578
1.0,23,9.895048
0.0,45,9.913108
1.0,11,9.917547
1.0,26,9.928031
1.0,27,9.93886
0.0,185,10.013582
1.0,13,10.018814
1.0,25,10.028841
1.0,25,10.038878
0.0,262,10.144077
1.0,13,10.149295
1.0,29,10.160902
1.0,28,10.172112
0.0,228,10.263172
1.0,13,10.268439
1.0,23,10.27763
1.0,29,10.289258
0.0,121,10.337992
1.0,12,10.342889
1.0,23,10.352375
1.0,29,10.363999
0.0,182,10.436899
0.0,11,10.441378
1.0,26,10.4518
1.0,26,10.462362
0.0,191,10.539412
1.0,14,10.54505
1.0,27,10.555846
1.0,25,10.565855
0.0,402,10.72576
0.0,2,10.726578
0.0,17,10.733377
1.0,28,10.744581
0.0,299,10.865136
1.0,11,10.869573
0.0,19,10.87724
1.0,24,10.88691
0.0,457,11.070586
1.0,12,11.075395
1.0,23,11.0848
1.0,23,11.093994
0.0,444,11.270756
1.0,11,11.275168
1.0,27,11.285948
1.0,23,11.295189
0.0,473,11.484787
0.0,9,11.488407
1.0,33,11.501676
0.0,17,11.508449
0.0,62,11.533093
1.0,11,11.537481
0.0,22,11.546279
0.0,6,11.548673
0.0,275,11.658715
1.0,11,11.663144
1.0,26,11.673639
1.0,32,11.686354
0.0,186,11.760757
1.0,15,11.766807
1.0,25,11.776845
1.0,27,11.787667
0.0,252,11.88903
1.0,11,11.893512
0.0,14,11.899106
1.0,23,11.908273
0.0,90,11.944137
1.0,13,11.949358
1.0,25,11.959264
1.0,24,11.969257
0.0,436,12.144725
0.0,8,12.147935
1.0,29,12.159612
1.0,25,12.169595
0.0,333,12.303797
1.0,13,12.30906
1.0,25,12.319026
1.0,25,12.32902
0.0,324,12.458146
1.0,11,12.462833
1.0,25,12.472909
0.0,23,12.482464
0.0,150,12.542554
0.0,13,12.547779
1.0,23,12.556997
1.0,25,12.567013
0.0,199,12.646921
1.0,13,12.6521
1.0,23,12.661275
1.0,25,12.671325
0.0,625,12.922655
1.0,11,12.927079
0.0,17,12.933854
1.0,23,12.942988
0.0,161,13.007792
1.0,13,13.013015
1.0,23,13.022252
1.0,24,13.031911
0.0,268,13.139118
1.0,11,13.143539
1.0,27,13.154343
0.0,24,13.16399
0.0,17,13.170811
1.0,11,13.175207
1.0,25,13.185244
1.0,23,13.194427
0.0,55,13.216488
0.0,7,13.219312
1.0,23,13.22861
1.0,23,13.237961
0.0,68,13.265679
1.0,11,13.270088
1.0,25,13.280101
1.0,25,13.29019
0.0,23,13.299356
1.0,13,13.304559
1.0,23,13.313717
0.0,14,13.319334
0.0,580,13.552366
1.0,12,13.557228
1.0,23,13.566457
1.0,26,13.5769
0.0,86,13.611148
1.0,15,13.617152
1.0,24,13.626764
1.0,27,13.637604
0.0,397,13.796827
1.0,13,13.802065
1.0,25,13.812024
1.0,29,13.823673
0.0,273,13.933544
1.0,14,13.939118
1.0,25,13.949137
0.0,8,13.952325
0.0,1000,14.353794
1.0,11,14.358223
0.0,17,14.365281
1.0,32,14.37824
0.0,244,14.475493
1.0,13,14.481004
1.0,26,14.491325
1.0,23,14.500565
0.0,78,14.531502
1.0,11,14.535906
1.0,27,14.54671
1.0,25,14.55669
0.0,28,14.567878
1.0,12,14.572655
1.0,29,14.584298
0.0,23,14.593467
0.0,67,14.620147
1.0,14,14.62595
1.0,25,14.635949
0.0,19,14.643556
0.0,75,14.673406
1.0,11,14.677824
1.0,27,14.688686
1.0,25,14.698673
0.0,38,14.713836
1.0,12,14.718646
1.0,29,14.730312
1.0,23,14.739501
0.0,36,14.753868
1.0,12,14.758666
1.0,23,14.767954
1.0,27,14.778739
0.0,343,14.916642
0.0,13,14.921828
1.0,25,14.931767
1.0,23,14.940921
0.0,583,15.173971
0.0,7,15.176784
1.0,27,15.187574
1.0,25,15.197474
0.0,95,15.235424
1.0,11,15.239858
1.0,24,15.249394
1.0,31,15.261773
0.0,31,15.274084
0.0,11,15.27844
1.0,25,15.288371
0.0,19,15.295988
0.0,303,15.416764
1.0,11,15.421176
0.0,22,15.429971
1.0,27,15.4407
0.0,747,15.739077
1.0,12,15.743869
1.0,24,15.753483
1.0,31,15.765857
0.0,728,16.057521
1.0,11,16.062015
1.0,26,16.072364
0.0,8,16.075564
0.0,29,16.087169
0.0,9,16.090778
1.0,27,16.101528
1.0,25,16.111556
0.0,120,16.159124
1.0,11,16.163606
1.0,26,16.174005
1.0,23,16.183221
0.0,1000,16.582488
1.0,15,16.588526
1.0,33,16.601813
0.0,16,16.608191
0.0,66,16.634375
1.0,13,16.639542
1.0,23,16.648649
1.0,27,16.659425
0.0,310,16.782631
1.0,12,16.787425
0.0,6,16.789813
1.0,27,16.800579
0.0,41,16.816991
1.0,11,16.821411
1.0,25,16.831373
1.0,25,16.841852
0.0,313,16.966931
1.0,12,16.971765
1.0,26,16.982374
0.0,16,16.988723
0.0,51,17.008982
1.0,17,17.015753
1.0,23,17.025001
1.0,29,17.036914
0.0,52,17.057677
0.0,7,17.060472
1.0,28,17.071688
0.0,4,17.073291
0.0,64,17.09866
0.0,4,17.100262
1.0,23,17.109485
0.0,21,17.117849
0.0,21,17.126226
0.0,4,17.127837
1.0,27,17.13859
1.0,25,17.148604
0.0,24,17.15813
1.0,12,17.162903
1.0,28,17.174066
1.0,27,17.184923
0.0,53,17.206586
1.0,11,17.210967
1.0,25,17.221172
1.0,25,17.231502
0.0,325,17.361931
1.0,11,17.366343
1.0,27,17.377212
1.0,23,17.386382
0.0,686,17.66128
1.0,11,17.665777
1.0,29,17.6774
1.0,23,17.686586
0.0,1000,18.086051
1.0,15,18.092104
1.0,26,18.10246
1.0,25,18.112487
0.0,78,18.143484
0.0,9,18.147067
1.0,29,18.158573
1.0,25,18.168598
0.0,55,18.19058
1.0,11,18.194966
1.0,29,18.206538
1.0,27,18.217299
0.0,233,18.310052
0.0,2,18.310862
1.0,23,18.320101
1.0,25,18.330065
0.0,46,18.348751
1.0,11,18.353135
1.0,27,18.364206
1.0,29,18.375813
0.0,119,18.423219
1.0,11,18.427606
1.0,25,18.437611
1.0,25,18.447573
0.0,411,18.611702
1.0,11,18.616122
1.0,29,18.627752
0.0,18,18.634932
0.0,35,18.648749
1.0,11,18.653137
1.0,23,18.662476
1.0,25,18.672434
0.0,458,18.856068
1.0,11,18.86047
1.0,29,18.872086
1.0,26,18.882494
0.0,24,18.892062
1.0,11,18.896466
1.0,32,18.90917
1.0,27,18.91994
0.0,34,18.933557
1.0,11,18.937962
0.0,6,18.940356
0.0,18,18.947542
0.0,511,19.151629
1.0,11,19.156052
0.0,4,19.157706
1.0,23,19.166881
0.0,190,19.242927
1.0,15,19.248917
0.0,17,19.255701
1.0,27,19.266544
0.0,179,19.338419
1.0,11,19.342864
1.0,25,19.352829
0.0,21,19.361651
0.0,45,19.3803
1.0,11,19.384749
1.0,25,19.394868
1.0,25,19.404909
0.0,221,19.493865
0.0,6,19.496282
1.0,24,19.505877
1.0,28,19.51704
0.0,182,19.589716
1.0,11,19.59412
0.0,21,19.602547
1.0,25,19.612595
0.0,244,19.709881
1.0,11,19.714324
1.0,23,19.723576
1.0,26,19.733999
0.0,7,19.736809
1.0,13,19.742073
0.0,14,19.747662
1.0,25,19.757699
0.0,348,19.897272
1.0,11,19.901675
1.0,27,19.912501
1.0,31,19.924855
0.0,66,19.951199
1.0,11,19.955597
0.0,12,19.960402
1.0,25,19.970762
0.0,284,20.08472
1.0,14,20.090298
1.0,24,20.099994
1.0,25,20.110026
0.0,175,20.179739
0.0,6,20.182148
1.0,23,20.19132
1.0,27,20.202214
0.0,178,20.274212
1.0,11,20.278696
0.0,20,20.28675
0.0,5,20.288759
0.0,157,20.35159
1.0,15,20.357876
1.0,25,20.367811
1.0,24,20.37739
0.0,120,20.425057
1.0,14,20.430644
1.0,29,20.442226
1.0,26,20.452596
0.0,186,20.527161
1.0,13,20.532346
1.0,23,20.541553
1.0,25,20.551529
0.0,180,20.623634
1.0,13,20.628849
1.0,27,20.639896
1.0,24,20.649508
0.0,103,20.690787
1.0,12,20.695591
1.0,25,20.705642
1.0,29,20.717191
0.0,689,20.993006
1.0,11,20.997455
1.0,27,21.008264
1.0,27,21.019004
0.0,99,21.058414
1.0,11,21.062816
1.0,26,21.073207
1.0,27,21.084041
0.0,79,21.115835
1.0,13,21.121069
0.0,22,21.129834
1.0,26,21.140183
0.0,440,21.315769
1.0,11,21.320207
1.0,24,21.329776
1.0,27,21.340803
0.0,8,21.344011
1.0,16,21.350397
1.0,32,21.363537
1.0,25,21.373552
0.0,273,21.483013
1.0,11,21.487417
0.0,4,21.489022
0.0,19,21.496618
0.0,166,21.562497
1.0,12,21.56736
1.0,25,21.577281
1.0,27,21.588127
0.0,49,21.607705
1.0,11,21.612094
1.0,25,21.62203
1.0,23,21.631167
0.0,415,21.796456
1.0,11,21.800868
1.0,27,21.811615
0.0,6,21.814007
0.0,98,21.853589
1.0,11,21.858198
1.0,23,21.867468
1.0,23,21.876736
0.0,10,21.88074
1.0,11,21.885127
1.0,28,21.896267
1.0,24,21.905913
0.0,7,21.908727
1.0,13,21.913915
1.0,25,21.923884
1.0,23,21.93306
0.0,344,22.070825
1.0,12,22.075624
1.0,25,22.085626
0.0,9,22.089214
0.0,51,22.109713
1.0,11,22.11411
1.0,23,22.123286
1.0,28,22.134495
0.0,972,22.522741
1.0,13,22.527961
1.0,25,22.537945
1.0,25,22.547932
0.0,293,22.664121
1.0,15,22.6701
1.0,27,22.680839
1.0,25,22.690785
0.0,231,22.782642
1.0,15,22.788614
1.0,26,22.798952
0.0,6,22.801354
0.0,1000,23.200908
0.0,7,23.203746
1.0,25,23.213822
1.0,23,23.222996
0.0,17,23.229821
0.0,9,23.233418
1.0,25,23.243371
0.0,15,23.249322
0.0,268,23.356451
1.0,11,23.360853
1.0,27,23.371646
1.0,25,23.381638
0.0,64,23.407147
1.0,13,23.412332
1.0,25,23.422374
1.0,26,23.432764
0.0,91,23.469241
1.0,11,23.473642
1.0,25,23.483905
1.0,25,23.49398
0.0,50,23.513874
1.0,11,23.518279
0.0,4,23.519872
1.0,27,23.530695
0.0,58,23.553738
1.0,11,23.558129
1.0,24,23.567712
1.0,25,23.577718
0.0,97,23.616317
1.0,11,23.620766
1.0,25,23.630864
1.0,27,23.641875
0.0,10,23.646
1.0,14,23.651589
1.0,27,23.662354
1.0,25,23.672366
0.0,188,23.747309
1.0,11,23.751775
1.0,25,23.761828
1.0,23,23.77109
0.0,23,23.7803
1.0,11,23.784767
0.0,13,23.789965
1.0,23,23.79919
0.0,66,23.82533
1.0,11,23.829766
0.0,19,23.837518
1.0,27,23.848559
0.0,130,23.900794
1.0,15,23.906805
1.0,25,23.916873
1.0,27,23.928328
0.0,204,24.010336
1.0,11,24.014753
1.0,26,24.025467
1.0,31,24.038179
0.0,22,24.047003
1.0,13,24.05226
1.0,23,24.061721
1.0,31,24.074117
0.0,338,24.208919
1.0,11,24.213381
1.0,25,24.223345
1.0,24,24.2329
0.0,217,24.3195
1.0,11,24.32396
1.0,26,24.334358
1.0,23,24.343851
0.0,38,24.359339
1.0,15,24.365747
1.0,27,24.37653
1.0,23,24.386079
0.0,286,24.500158
0.0,2,24.500979
1.0,25,24.511003
1.0,30,24.523037
0.0,331,24.655513
1.0,11,24.659933
1.0,25,24.669977
1.0,29,24.68159
0.0,30,24.693563
1.0,11,24.697971
1.0,31,24.710669
1.0,24,24.720271
0.0,44,24.737798
1.0,13,24.743053
1.0,23,24.752232
1.0,33,24.765362
0.0,447,24.943968
0.0,14,24.949562
1.0,27,24.960373
1.0,25,24.970479
0.0,70,24.998359
1.0,13,25.003561
1.0,26,25.013979
1.0,27,25.024737
0.0,43,25.042038
1.0,11,25.046436
1.0,25,25.056409
1.0,27,25.067197
0.0,105,25.109132
0.0,2,25.109948
1.0,25,25.119981
1.0,23,25.129174
0.0,23,25.138385
1.0,12,25.143178
1.0,28,25.154341
1.0,25,25.164383
0.0,174,25.233858
1.0,13,25.239523
1.0,28,25.250741
1.0,23,25.25998
0.0,337,25.395034
1.0,11,25.39945
1.0,27,25.410244
1.0,23,25.419422
0.0,70,25.447581
0.0,2,25.448393
0.0,12,25.453222
1.0,24,25.462864
0.0,151,25.522936
1.0,13,25.528119
1.0,25,25.538151
1.0,29,25.549739
0.0,70,25.577607
1.0,11,25.581993
0.0,17,25.588774
1.0,24,25.598357
0.0,24,25.607958
0.0,6,25.61042
1.0,25,25.620436
1.0,25,25.630404
0.0,168,25.697403
1.0,17,25.704204
1.0,27,25.714984
1.0,27,25.725819
0.0,775,26.035516
0.0,2,26.036336
1.0,23,26.045757
0.0,16,26.052192
0.0,217,26.138698
1.0,11,26.143109
1.0,32,26.155853
1.0,30,26.167782
0.0,134,26.221526
1.0,11,26.225918
0.0,12,26.230705
1.0,27,26.241437
0.0,44,26.258956
1.0,15,26.264933
1.0,23,26.274092
0.0,21,26.282444
0.0,173,26.351494
1.0,15,26.357483
1.0,23,26.366846
1.0,27,26.377587
0.0,185,26.451502
1.0,11,26.455902
1.0,25,26.465873
1.0,29,26.477375
0.0,8,26.480642
1.0,12,26.485433
1.0,25,26.495426
1.0,25,26.505403
0.0,124,26.554741
1.0,13,26.559936
1.0,27,26.570659
1.0,25,26.580609
0.0,40,26.596528
1.0,11,26.600959
1.0,29,26.612509
0.0,19,26.620101
0.0,164,26.68572
1.0,11,26.690126
1.0,29,26.70174
1.0,24,26.711359
0.0,767,27.017964
1.0,15,27.023977
1.0,23,27.033155
0.0,12,27.037961
0.0,169,27.105403
1.0,13,27.110655
1.0,31,27.123151
1.0,23,27.13236
0.0,890,27.488286
1.0,12,27.493081
0.0,13,27.498328
1.0,24,27.507963
0.0,9,27.511576
1.0,14,27.517151
0.0,8,27.520335
1.0,25,27.530271
0.0,382,27.682679
1.0,11,27.687095
0.0,8,27.690401
1.0,23,27.699566
0.0,104,27.74123
1.0,13,27.746403
1.0,23,27.755612
1.0,25,27.765626
0.0,111,27.809862
0.0,9,27.813485
1.0,23,27.822658
1.0,29,27.834297
0.0,109,27.87828
1.0,13,27.883493
1.0,28,27.894641
1.0,25,27.904602
0.0,63,27.92972
1.0,14,27.935292
1.0,27,27.946035
0.0,19,27.953714
0.0,39,27.969272
0.0,11,27.97367
0.0,6,27.976065
0.0,12,27.980873
0.0,41,27.997176
1.0,11,28.001572
0.0,19,28.009156
1.0,23,28.018315
0.0,76,28.049042
1.0,11,28.053554
1.0,25,28.063744
1.0,27,28.074565
0.0,2,28.075373
1.0,11,28.079755
1.0,24,28.089352
1.0,25,28.099305
0.0,10,28.103369
1.0,11,28.107906
1.0,26,28.118249
1.0,25,28.128198
0.0,285,28.241611
1.0,14,28.247185
1.0,25,28.257245
1.0,26,28.267595
0.0,628,28.517882
1.0,11,28.522404
0.0,18,28.529566
1.0,28,28.5407
0.0,382,28.69321
1.0,14,28.698831
0.0,16,28.705247
1.0,27,28.716134
0.0,273,28.825263
1.0,11,28.82969
1.0,23,28.838913
1.0,23,28.84824
0.0,135,28.902423
1.0,12,28.907231
1.0,23,28.916411
1.0,24,28.926038
0.0,191,29.002502
1.0,11,29.00689
1.0,26,29.017368
1.0,26,29.027739
0.0,106,29.070202
1.0,11,29.074599
1.0,23,29.083787
0.0,12,29.088706
0.0,677,29.359145
1.0,13,29.364631
1.0,26,29.375018
1.0,30,29.387191
0.0,219,29.474904
1.0,13,29.48009
1.0,28,29.491223
0.0,4,29.492834
0.0,615,29.73812
1.0,11,29.742544
1.0,25,29.752473
1.0,23,29.761615
0.0,148,29.820425
1.0,11,29.824809
1.0,26,29.835155
0.0,18,29.842383
0.0,273,29.950969
1.0,13,29.956158
1.0,27,29.967046
1.0,23,29.976202
0.0,309,30.098953
0.0,7,30.101776
1.0,23,30.111104
1.0,25,30.121073
0.0,349,30.260127
1.0,11,30.264578
1.0,23,30.273761
1.0,25,30.283754
0.0,23,30.292909
1.0,15,30.298897
1.0,28,30.310027
1.0,27,30.320772
0.0,6,30.323169
1.0,11,30.327557
1.0,27,30.338349
1.0,28,30.349553
0.0,100,30.389204
1.0,13,30.394409
0.0,8,30.397616
1.0,26,30.407991
0.0,183,30.480963
1.0,11,30.485368
1.0,29,30.497012
1.0,25,30.507012
0.0,48,30.526195
0.0,9,30.529806
1.0,29,30.541561
1.0,27,30.552311
0.0,60,30.576138
1.0,16,30.58252
1.0,26,30.592898
1.0,25,30.602905
0.0,272,30.711227
1.0,13,30.716676
1.0,28,30.727867
1.0,24,30.737438
0.0,927,31.106802
1.0,14,31.112408
1.0,23,31.121604
0.0,8,31.124784
0.0,13,31.130003
1.0,11,31.134376
1.0,26,31.144711
1.0,24,31.154224
0.0,40,31.17008
1.0,11,31.174497
1.0,30,31.186438
1.0,25,31.196382
0.0,456,31.377912
1.0,11,31.38232
0.0,12,31.387111
1.0,25,31.397078
0.0,175,31.466836
1.0,11,31.471273
1.0,27,31.481968
1.0,24,31.491519
0.0,70,31.519277
1.0,11,31.523657
1.0,27,31.534373
0.0,19,31.541943
0.0,593,31.777921
1.0,11,31.782349
0.0,12,31.787114
0.0,4,31.788719
0.0,16,31.795089
1.0,13,31.800275
1.0,25,31.810288
1.0,25,31.820205
0.0,161,31.884269
0.0,6,31.886708
1.0,24,31.896283
0.0,8,31.899487
0.0,44,31.916853
1.0,13,31.922031
1.0,31,31.93435
1.0,29,31.945856
0.0,584,32.179087
1.0,11,32.183491
0.0,12,32.188327
1.0,23,32.197497
0.0,91,32.234602
0.0,9,32.238252
1.0,27,32.249091
1.0,25,32.259746
0.0,130,32.311521
0.0,9,32.315115
1.0,29,32.326653
1.0,25,32.336639
0.0,133,32.389746
1.0,11,32.394145
1.0,25,32.404127
1.0,26,32.414526
0.0,100,32.454478
0.0,4,32.456093
1.0,23,32.465293
1.0,29,32.476874
0.0,358,32.619677
1.0,12,32.624598
1.0,23,32.633926
1.0,26,32.64432
0.0,4,32.645932
1.0,11,32.650333
0.0,19,32.657952
0.0,17,32.66477
0.0,341,32.800745
1.0,11,32.805141
1.0,25,32.815121
1.0,25,32.825078
0.0,187,32.89962
1.0,15,32.905612
1.0,23,32.914797
1.0,27,32.925544
0.0,18,32.932725
1.0,11,32.937149
1.0,24,32.946729
1.0,27,32.957476
0.0,349,33.096416
1.0,12,33.101606
1.0,26,33.11197
1.0,25,33.121944
0.0,1000,33.520664
1.0,11,33.525115
1.0,27,33.53585
1.0,23,33.54501
0.0,30,33.55703
1.0,11,33.561429
1.0,23,33.57061
1.0,23,33.579775
0.0,18,33.587006
1.0,11,33.591413
1.0,25,33.601353
1.0,31,33.613857
0.0,197,33.692168
1.0,13,33.697357
1.0,24,33.706947
1.0,29,33.718882
0.0,660,33.984493
1.0,12,33.98931
0.0,14,33.99493
0.0,10,33.998924
0.0,22,34.007743
1.0,13,34.012942
0.0,17,34.019746
1.0,23,34.028912
0.0,375,34.17835
1.0,11,34.182759
0.0,14,34.188345
1.0,32,34.201114
0.0,1000,34.60012
1.0,13,34.605363
0.0,10,34.609387
1.0,25,34.619367
0.0,49,34.638951
1.0,11,34.643337
1.0,25,34.653363
0.0,21,34.661751
0.0,345,34.799055
1.0,11,34.803472
1.0,29,34.815044
1.0,23,34.82421
0.0,65,34.850224
0.0,4,34.851834
1.0,27,34.862598
1.0,25,34.872632
0.0,79,34.904013
0.0,8,34.907215
1.0,27,34.918048
1.0,26,34.928421
0.0,18,34.935587
0.0,4,34.937186
1.0,23,34.946345
1.0,25,34.956384
0.0,77,34.986866
1.0,11,34.991256
1.0,31,35.003595
0.0,14,35.009152
0.0,370,35.156511
0.0,7,35.159305
1.0,28,35.170469
1.0,25,35.180455
0.0,159,35.245009
1.0,11,35.249576
1.0,29,35.261245
1.0,23,35.270592
0.0,28,35.281845
1.0,13,35.287082
0.0,8,35.29033
1.0,23,35.299518
0.0,308,35.42245
1.0,11,35.426858
1.0,26,35.437213
1.0,24,35.446829
0.0,501,35.64617
1.0,11,35.650583
1.0,29,35.662136
0.0,21,35.670562
0.0,5,35.672563
1.0,11,35.676975
1.0,27,35.687859
1.0,27,35.698597
0.0,864,36.043408
1.0,13,36.048754
1.0,25,36.0588
0.0,14,36.064379
0.0,48,36.08355
1.0,11,36.087928
1.0,28,36.099048
1.0,24,36.108593
0.0,84,36.141949
1.0,14,36.147517
1.0,26,36.157876
0.0,19,36.165448
0.0,101,36.205436
1.0,11,36.209823
1.0,30,36.221741
1.0,25,36.231896
0.0,303,36.352692
1.0,11,36.357078
1.0,25,36.367097
0.0,16,36.373473
0.0,24,36.383011
1.0,11,36.387443
0.0,17,36.394187
1.0,27,36.404923
0.0,415,36.569876
1.0,13,36.575083
1.0,27,36.58596
1.0,23,36.595246
0.0,136,36.649656
0.0,2,36.650467
1.0,29,36.66201
0.0,20,36.669979
0.0,46,36.688289
0.0,7,36.691081
1.0,31,36.703393
0.0,4,36.70499
0.0,68,36.73228
1.0,13,36.737448
1.0,27,36.748184
1.0,23,36.757377
0.0,150,36.817127
0.0,8,36.820341
1.0,26,36.830715
1.0,25,36.841001
0.0,2,36.841952
1.0,11,36.846348
1.0,25,36.8563
1.0,23,36.865573
0.0,323,36.993871
1.0,13,36.999084
1.0,25,37.009079
1.0,25,37.019066
0.0,41,37.035501
0.0,2,37.036313
0.0,19,37.044719
1.0,24,37.054383
0.0,170,37.122057
0.0,4,37.123653
1.0,25,37.133631
1.0,25,37.143659
0.0,50,37.16351
1.0,14,37.169074
0.0,17,37.175846
1.0,27,37.18662
0.0,158,37.251034
1.0,16,37.2575
1.0,26,37.267874
1.0,28,37.279035
0.0,293,37.396215
1.0,13,37.401404
1.0,25,37.411372
0.0,12,37.416165
0.0,143,37.473355
1.0,13,37.478551
1.0,25,37.488559
1.0,25,37.498526
0.0,91,37.534767
1.0,13,37.53995
1.0,29,37.55153
1.0,25,37.561499
0.0,132,37.613914
1.0,12,37.618778
1.0,28,37.629908
1.0,25,37.639924
0.0,8,37.643117
1.0,13,37.648305
1.0,25,37.658266
1.0,28,37.669504
0.0,131,37.721961
1.0,15,37.727926
1.0,26,37.738296
1.0,23,37.747558
0.0,145,37.805424
1.0,11,37.809844
1.0,25,37.81978
1.0,25,37.829899
0.0,289,37.945245
1.0,13,37.950432
0.0,16,37.956821
0.0,6,37.959223
0.0,1000,38.359504
1.0,11,38.363922
1.0,25,38.373886
0.0,19,38.381449
0.0,22,38.390304
1.0,11,38.394696
1.0,29,38.406243
1.0,25,38.416178
0.0,207,38.498637
1.0,11,38.503138
1.0,26,38.513472
1.0,25,38.523418
0.0,27,38.534192
1.0,11,38.538572
1.0,27,38.549442
1.0,25,38.559412
0.0,32,38.572234
1.0,14,38.577899
1.0,27,38.588652
1.0,29,38.600221
0.0,166,38.666482
1.0,15,38.672453
1.0,24,38.682051
1.0,26,38.692437
0.0,157,38.754928
1.0,17,38.761721
1.0,26,38.772114
1.0,26,38.782467
0.0,16,38.78887
1.0,13,38.794081
1.0,35,38.808036
0.0,19,38.815593
0.0,49,38.83503
1.0,11,38.839422
0.0,14,38.845204
1.0,23,38.854363
0.0,6,38.856762
1.0,11,38.861141
1.0,27,38.871905
1.0,23,38.881114
0.0,1000,39.278988
1.0,11,39.283428
1.0,23,39.292592
1.0,26,39.303044
0.0,236,39.398109
0.0,9,39.401715
1.0,32,39.414566
1.0,29,39.426108
0.0,47,39.444736
1.0,18,39.451993
1.0,27,39.462745
1.0,25,39.472783
0.0,71,39.500982
1.0,12,39.505787
1.0,23,39.514976
0.0,12,39.519784
0.0,630,39.771157
1.0,13,39.776362
0.0,14,39.781942
1.0,25,39.791991
0.0,415,39.957409
1.0,11,39.961793
1.0,27,39.972599
1.0,33,39.985763
0.0,28,39.996885
1.0,11,40.002024
0.0,12,40.006963
0.0,17,40.014175
0.0,471,40.201713
1.0,12,40.206582
1.0,25,40.216531
1.0,23,40.225802
0.0,28,40.236947
1.0,13,40.24222
1.0,23,40.251423
1.0,23,40.26059
0.0,14,40.266181
1.0,12,40.270961
1.0,23,40.280175
1.0,30,40.292142
0.0,144,40.349749
1.0,11,40.354184
1.0,25,40.364167
1.0,23,40.373313
0.0,67,40.399861
0.0,7,40.402674
1.0,28,40.413839
1.0,23,40.42301
0.0,25,40.433012
1.0,11,40.437411
1.0,29,40.449245
1.0,27,40.460059
0.0,133,40.513183
1.0,14,40.518783
1.0,25,40.528777
0.0,8,40.532025
0.0,13,40.53722
1.0,13,40.542496
1.0,28,40.553667
1.0,23,40.562836
0.0,6,40.565246
1.0,11,40.569647
1.0,27,40.580496
1.0,27,40.591446
0.0,105,40.634113
0.0,9,40.637774
1.0,28,40.64895
0.0,19,40.656615
0.0,36,40.670974
1.0,14,40.676606
1.0,26,40.686965
1.0,29,40.698668
0.0,518,40.905472
1.0,11,40.909888
1.0,25,40.919855
0.0,6,40.922325
0.0,280,41.034
1.0,12,41.038832
1.0,23,41.048308
1.0,27,41.059069
0.0,124,41.108481
1.0,11,41.112982
1.0,25,41.122996
1.0,23,41.132144
0.0,154,41.193493
1.0,11,41.197908
1.0,23,41.207093
1.0,23,41.21626
0.0,336,41.351324
1.0,11,41.355738
0.0,4,41.357334
1.0,23,41.366649
0.0,460,41.550202
1.0,15,41.556206
1.0,26,41.566708
1.0,25,41.576725
0.0,361,41.721624
1.0,11,41.726048
1.0,25,41.736042
1.0,33,41.749217
0.0,28,41.760464
1.0,15,41.766513
1.0,24,41.776119
1.0,27,41.786894
0.0,2,41.787704
0.0,9,41.791451
1.0,30,41.803422
1.0,23,41.812592
0.0,17,41.819366
1.0,12,41.824157
1.0,25,41.834221
1.0,25,41.844278
0.0,333,41.977364
1.0,11,41.981848
1.0,25,41.991855
1.0,30,42.003836
0.0,145,42.061767
1.0,11,42.066179
1.0,25,42.076192
1.0,23,42.085504
0.0,18,42.092714
1.0,11,42.097125
1.0,25,42.10714
1.0,26,42.117551
0.0,42,42.134439
1.0,11,42.13884
1.0,23,42.148039
1.0,23,42.157229
0.0,1000,42.556299
1.0,11,42.560754
1.0,23,42.569971
1.0,23,42.579132
0.0,77,42.609739
1.0,13,42.614926
1.0,27,42.625739
1.0,25,42.6357
0.0,596,42.874537
1.0,11,42.878985
1.0,23,42.888257
1.0,25,42.898228
0.0,150,42.957932
1.0,11,42.96244
1.0,28,42.973567
1.0,26,42.983882
0.0,47,43.002684
1.0,17,43.009433
1.0,23,43.018609
1.0,23,43.027776
0.0,103,43.068723
1.0,11,43.073121
0.0,14,43.07879
1.0,25,43.088782
0.0,174,43.158282
1.0,11,43.162686
1.0,26,43.173061
1.0,25,43.183048
0.0,443,43.359918
1.0,11,43.364319
0.0,20,43.372312
1.0,25,43.382408
0.0,604,43.623662
1.0,11,43.628073
1.0,27,43.63886
1.0,27,43.649747
0.0,59,43.673287
1.0,14,43.678892
1.0,27,43.689867
1.0,28,43.700998
0.0,242,43.797993
1.0,11,43.802409
0.0,18,43.809589
1.0,28,43.820792
0.0,210,43.905442
1.0,16,43.911912
1.0,23,43.921117
1.0,23,43.93031
0.0,319,44.058532
1.0,17,44.065341
1.0,28,44.076561
0.0,8,44.079782
0.0,29,44.091366
0.0,6,44.093784
1.0,27,44.104633
1.0,25,44.114658
0.0,44,44.132111
1.0,11,44.136587
1.0,23,44.145762
0.0,4,44.147372
0.0,33,44.160533
1.0,13,44.165752
1.0,25,44.175836
0.0,8,44.179024
0.0,565,44.409984
1.0,11,44.414431
0.0,6,44.416822
1.0,30,44.428746
0.0,60,44.452615
1.0,13,44.457813
1.0,25,44.467778
1.0,25,44.477785
0.0,33,44.490886
0.0,9,44.494479
1.0,25,44.504423
1.0,23,44.513673
0.0,226,44.603775
1.0,16,44.610146
1.0,25,44.620527
1.0,24,44.630122
0.0,165,44.695744
1.0,13,44.700982
1.0,25,44.710947
1.0,29,44.722465
0.0,37,44.737221
1.0,17,44.744064
1.0,26,44.75442
1.0,23,44.763583
0.0,12,44.768372
1.0,13,44.773558
1.0,25,44.783573
1.0,30,44.79554
0.0,42,44.812151
1.0,15,44.818169
1.0,24,44.827742
1.0,27,44.838504
0.0,99,44.878365
1.0,16,44.884732
0.0,4,44.886339
1.0,25,44.896364
0.0,91,44.932633
1.0,11,44.937033
1.0,23,44.946194
1.0,29,44.957742
0.0,135,45.011518
1.0,11,45.015918
1.0,24,45.025512
1.0,23,45.034725
0.0,479,45.226268
1.0,11,45.230702
1.0,35,45.244694
1.0,30,45.256661
0.0,96,45.295001
1.0,11,45.299398
1.0,25,45.309381
1.0,25,45.319344
0.0,548,45.537674
1.0,11,45.542108
1.0,23,45.551273
1.0,27,45.562011
0.0,526,45.77178
1.0,11,45.776183
1.0,23,45.785356
0.0,12,45.790152
0.0,58,45.813088
1.0,11,45.81787
1.0,23,45.827064
0.0,23,45.836285
0.0,41,45.8527
1.0,14,45.858287
1.0,29,45.869872
1.0,32,45.882626
0.0,265,45.987957
0.0,9,45.991552
1.0,25,46.00149
1.0,25,46.011497
0.0,425,46.180803
0.0,2,46.181618
1.0,25,46.1916
1.0,32,46.204345
0.0,69,46.231748
0.0,7,46.23456
1.0,25,46.244551
1.0,25,46.254612
0.0,27,46.265399
1.0,11,46.269795
1.0,30,46.281754
1.0,28,46.293062
0.0,745,46.591311
1.0,13,46.596526
1.0,23,46.605756
1.0,23,46.614926
0.0,262,46.719212
0.0,2,46.720025
1.0,23,46.72922
0.0,18,46.736402
0.0,61,46.760776
1.0,11,46.76518
1.0,27,46.775914
0.0,12,46.780819
0.0,226,46.870883
1.0,11,46.875276
1.0,25,46.885556
1.0,29,46.897521
0.0,46,46.915777
1.0,15,46.921751
1.0,25,46.931798
1.0,30,46.943714
0.0,145,47.001445
1.0,13,47.006704
1.0,23,47.015865
1.0,29,47.027886
0.0,85,47.061683
1.0,11,47.066072
1.0,25,47.076016
0.0,18,47.0833
0.0,46,47.101623
1.0,11,47.106025
1.0,27,47.11679
1.0,26,47.127247
0.0,144,47.184556
1.0,12,47.189355
1.0,25,47.199433
1.0,27,47.210493
0.0,787,47.525875
1.0,17,47.53266
1.0,24,47.54232
1.0,28,47.553527
0.0,718,47.839552
1.0,11,47.843949
1.0,23,47.85318
1.0,27,47.86396
0.0,183,47.936898
1.0,12,47.941686
1.0,27,47.952448
1.0,27,47.963191
0.0,374,48.113227
1.0,15,48.119214
1.0,28,48.130299
1.0,27,48.141101
0.0,146,48.199077
1.0,13,48.204277
1.0,24,48.213836
1.0,27,48.225012
0.0,443,48.401391
0.0,7,48.404219
1.0,23,48.41348
1.0,29,48.425076
0.0,227,48.515853
1.0,14,48.521492
1.0,27,48.532284
1.0,30,48.544256
0.0,107,48.587142
1.0,11,48.591632
1.0,25,48.601782
1.0,27,48.612536
0.0,50,48.632334
1.0,14,48.637963
1.0,28,48.649124
0.0,20,48.657093
0.0,41,48.673498
0.0,4,48.675115
1.0,30,48.687089
1.0,25,48.697073
0.0,1000,49.09857
1.0,11,49.103
1.0,23,49.112151
1.0,31,49.124543
0.0,38,49.139663
1.0,11,49.144065
1.0,25,49.154019
1.0,31,49.166385
0.0,215,49.252315
1.0,13,49.257557
1.0,23,49.266764
0.0,6,49.26918
0.0,60,49.293113
1.0,15,49.2991
0.0,8,49.302284
1.0,23,49.311446
0.0,77,49.342005
1.0,11,49.346575
1.0,29,49.358208
1.0,28,49.369713
0.0,130,49.42219
1.0,16,49.428915
1.0,27,49.439724
1.0,23,49.448889
0.0,143,49.505941
0.0,2,49.506752
1.0,25,49.516735
1.0,25,49.526736
0.0,272,49.635359
0.0,7,49.63818
0.0,19,49.645788
1.0,25,49.655793
0.0,1000,50.054341
1.0,11,50.058787
1.0,27,50.069587
1.0,25,50.079529
0.0,63,50.104612
0.0,8,50.107847
1.0,25,50.117787
1.0,27,50.128536
0.0,61,50.152841
0.0,4,50.154448
0.0,12,50.159251
1.0,33,50.17231
0.0,59,50.195821
1.0,11,50.20022
1.0,25,50.210199
1.0,28,50.221418
0.0,161,50.28598
1.0,13,50.291174
1.0,26,50.301575
1.0,25,50.311561
0.0,201,50.391467
1.0,11,50.395869
1.0,23,50.405043
0.0,14,50.410704
0.0,197,50.489327
1.0,13,50.494537
1.0,26,50.504933
1.0,26,50.515321
0.0,328,50.646284
1.0,11,50.650689
1.0,23,50.659874
1.0,25,50.669825
0.0,113,50.714798
1.0,14,50.720396
0.0,4,50.721995
1.0,26,50.732357
0.0,57,50.7551
1.0,11,50.759482
1.0,25,50.769576
1.0,25,50.77962
0.0,377,50.930326
1.0,14,50.935903
1.0,30,50.947855
0.0,12,50.952658
0.0,76,50.983009
1.0,22,50.991896
0.0,20,50.999933
0.0,10,51.003928
0.0,37,51.018716
1.0,13,51.023921
1.0,23,51.033108
1.0,23,51.042305
0.0,71,51.070525
1.0,13,51.075714
1.0,23,51.084935
1.0,24,51.094599
0.0,421,51.26322
0.0,7,51.266052
1.0,23,51.275275
1.0,23,51.2845
0.0,885,51.637386
0.0,2,51.638205
0.0,14,51.643768
0.0,14,51.64934
0.0,5,51.65133
1.0,13,51.656497
1.0,26,51.666865
1.0,30,51.678793
0.0,30,51.690717
1.0,12,51.695532
1.0,25,51.705462
1.0,23,51.714617
0.0,15,51.720596
1.0,11,51.724975
1.0,27,51.735937
1.0,27,51.746832
0.0,52,51.767401
1.0,14,51.77304
1.0,28,51.784241
0.0,4,51.785841
0.0,227,51.876837
1.0,12,51.881646
1.0,24,51.891257
1.0,25,51.901244
0.0,351,52.041818
1.0,11,52.046255
1.0,25,52.056241
1.0,23,52.065446
0.0,142,52.12215
1.0,11,52.126543
1.0,26,52.136894
1.0,23,52.146064
0.0,160,52.209995
1.0,11,52.214401
1.0,23,52.223584
1.0,25,52.233834
0.0,23,52.24298
1.0,14,52.248568
1.0,25,52.258615
1.0,27,52.269415
0.0,2,52.270224
1.0,13,52.275398
1.0,25,52.285336
1.0,23,52.294512
0.0,846,52.632088
1.0,12,52.636892
0.0,24,52.646512
1.0,26,52.656819
0.0,58,52.679763
1.0,12,52.68455
0.0,6,52.686954
1.0,25,52.696908
0.0,362,52.841817
1.0,11,52.846364
1.0,25,52.856325
1.0,29,52.867961
0.0,67,52.894677
1.0,11,52.899089
1.0,29,52.910655
1.0,26,52.921027
0.0,55,52.943107
1.0,11,52.94751
1.0,25,52.957453
0.0,8,52.960653
0.0,133,53.013609
1.0,13,53.018852
0.0,15,53.024823
1.0,25,53.035169
0.0,416,53.201265
1.0,11,53.205675
1.0,27,53.216476
0.0,22,53.225225
0.0,94,53.26312
1.0,14,53.268745
1.0,27,53.279471
1.0,33,53.29264
0.0,353,53.43289
1.0,16,53.439304
0.0,16,53.445791
1.0,29,53.457346
0.0,156,53.51953
1.0,11,53.523948
1.0,23,53.533142
1.0,27,53.543894
0.0,47,53.562649
1.0,14,53.568231
1.0,28,53.579397
1.0,25,53.589365
0.0,15,53.595349
0.0,6,53.597754
1.0,25,53.607692
1.0,23,53.616825
0.0,185,53.690711
1.0,12,53.695508
0.0,19,53.703256
1.0,25,53.713225
0.0,250,53.813085
1.0,11,53.817492
1.0,23,53.826668
1.0,25,53.836673
0.0,73,53.866014
1.0,11,53.870422
1.0,25,53.880432
1.0,25,53.890476
0.0,7,53.893287
1.0,13,53.898493
1.0,25,53.908475
1.0,31,53.920837
0.0,17,53.927649
1.0,11,53.932051
1.0,24,53.941638
1.0,25,53.951639
0.0,979,54.342136
1.0,11,54.346622
1.0,24,54.356203
0.0,12,54.360995
0.0,160,54.425237
1.0,11,54.429634
1.0,24,54.439164
1.0,37,54.453924
0.0,121,54.501877
1.0,13,54.507063
1.0,33,54.520158
1.0,24,54.529707
0.0,66,54.555791
1.0,15,54.561754
1.0,27,54.572541
1.0,28,54.583658
0.0,270,54.690772
1.0,11,54.695211
1.0,23,54.704411
1.0,29,54.716017
0.0,35,54.729986
1.0,11,54.734515
1.0,23,54.743998
1.0,27,54.754814
0.0,285,54.869166
1.0,12,54.874063
1.0,23,54.883361
1.0,29,54.895018
0.0,25,54.905104
1.0,11,54.909602
1.0,25,54.919702
1.0,23,54.928964
0.0,690,55.206679
1.0,15,55.212757
1.0,27,55.223601
0.0,8,55.226812
0.0,419,55.394824
1.0,11,55.399253
1.0,26,55.409727
1.0,25,55.419735
0.0,279,55.531754
1.0,11,55.536189
0.0,8,55.539409
0.0,6,55.541824
0.0,181,55.614427
0.0,7,55.617245
1.0,32,55.630172
1.0,25,55.640169
0.0,147,55.698955
1.0,11,55.703419
1.0,29,55.715049
1.0,25,55.725019
0.0,163,55.790429
0.0,10,55.794432
0.0,18,55.801681
1.0,26,55.812066
0.0,154,55.87385
1.0,12,55.878677
1.0,23,55.887932
1.0,32,55.900808
0.0,440,56.078234
1.0,13,56.083496
1.0,27,56.094327
1.0,25,56.104358
0.0,798,56.424141
1.0,11,56.428578
1.0,26,56.439016
1.0,29,56.450629
0.0,386,56.60503
1.0,11,56.609485
1.0,23,56.619101
1.0,30,56.631052
0.0,80,56.662968
1.0,14,56.668555
1.0,27,56.679315
1.0,25,56.689323
0.0,420,56.856801
1.0,17,56.863528
1.0,29,56.875162
1.0,26,56.885498
0.0,346,57.022831
1.0,11,57.027263
1.0,25,57.037219
1.0,23,57.046402
0.0,343,57.183231
1.0,11,57.187638
1.0,23,57.196832
1.0,25,57.206812
0.0,384,57.362105
1.0,11,57.366578
0.0,12,57.371419
1.0,26,57.381884
0.0,226,57.472299
1.0,11,57.476775
1.0,23,57.485996
1.0,26,57.496379
0.0,9,57.499992
1.0,13,57.505188
1.0,25,57.515188
1.0,28,57.526421
0.0,60,57.550224
1.0,13,57.555448
1.0,29,57.567044
0.0,25,57.577017
0.0,53,57.59809
1.0,16,57.604469
1.0,31,57.616843
1.0,25,57.626801
0.0,20,57.634864
0.0,6,57.637275
1.0,23,57.646502
1.0,27,57.657286
0.0,455,57.839263
1.0,11,57.843699
1.0,26,57.854134
1.0,34,57.867771
0.0,335,58.001215
1.0,11,58.005626
0.0,14,58.011239
1.0,25,58.021195
0.0,166,58.087353
0.0,9,58.090959
1.0,27,58.101757
1.0,23,58.110924
0.0,67,58.137698
1.0,11,58.142123
1.0,25,58.152124
1.0,27,58.162927
0.0,23,58.172126
1.0,11,58.176525
1.0,23,58.185728
0.0,8,58.188936
0.0,507,58.391338
1.0,15,58.397334
1.0,28,58.408526
0.0,16,58.415115
0.0,126,58.465655
1.0,11,58.470057
1.0,27,58.480892
1.0,27,58.49168
0.0,467,58.678007
1.0,12,58.682842
1.0,30,58.694911
1.0,32,58.707659
0.0,117,58.754407
1.0,11,58.758833
1.0,23,58.768032
1.0,26,58.778448
0.0,26,58.788795
1.0,11,58.793183
1.0,23,58.802415
1.0,28,58.813635
0.0,452,58.994399
1.0,11,58.998823
0.0,14,59.004442
1.0,23,59.013663
0.0,102,59.054765
1.0,11,59.059176
1.0,23,59.068427
1.0,26,59.07887
0.0,48,59.097918
1.0,13,59.103113
1.0,26,59.113559
0.0,14,59.119158
0.0,247,59.217972
0.0,6,59.220394
1.0,23,59.229609
1.0,27,59.240495
0.0,279,59.352273
1.0,13,59.357503
1.0,27,59.368604
1.0,26,59.379222
0.0,70,59.407616
1.0,12,59.412409
1.0,29,59.42401
1.0,25,59.434027
0.0,5,59.436038
1.0,15,59.442055
1.0,29,59.453685
1.0,24,59.463283
0.0,157,59.526024
1.0,13,59.531237
1.0,29,59.542824
0.0,14,59.548435
0.0,25,59.558447
1.0,14,59.564059
1.0,23,59.57331
1.0,31,59.5857
0.0,192,59.662857
1.0,11,59.66727
0.0,6,59.669675
0.0,8,59.672921
0.0,132,59.725738
1.0,11,59.730167
0.0,12,59.734975
1.0,25,59.744993
0.0,133,59.798164
1.0,16,59.804601
0.0,24,59.814249
0.0,4,59.81585
0.0,50,59.835781
1.0,11,59.840192
0.0,19,59.847852
1.0,23,59.857018
0.0,482,60.05066
1.0,11,60.05506
1.0,25,60.064991
1.0,27,60.075773
0.0,132,60.128358
1.0,11,60.132744
1.0,27,60.143506
1.0,23,60.152665
0.0,121,60.200707
1.0,13,60.205904
0.0,12,60.210695
1.0,27,60.221882
0.0,23,60.231077
1.0,11,60.235464
0.0,18,60.242681
1.0,26,60.253048
0.0,605,60.49465
1.0,14,60.500238
1.0,31,60.512678
1.0,25,60.52264
0.0,8,60.525846
1.0,13,60.531017
0.0,16,60.537414
1.0,26,60.547793
0.0,581,60.779452
0.0,7,60.782266
1.0,26,60.792634
0.0,8,60.795828
0.0,7,60.798627
1.0,12,60.803419
0.0,12,60.808302
1.0,25,60.818291
0.0,248,60.917578
1.0,11,60.922017
0.0,4,60.923628
0.0,6,60.926026
0.0,13,60.931214
0.0,2,60.932021
1.0,27,60.942819
1.0,31,60.955144
0.0,119,61.002642
1.0,13,61.007837
1.0,29,61.019398
1.0,23,61.02857
0.0,139,61.084067
1.0,15,61.090056
1.0,25,61.100112
1.0,27,61.111009
0.0,67,61.137849
1.0,11,61.14229
1.0,23,61.151486
1.0,23,61.160675
0.0,626,61.410789
1.0,11,61.415198
1.0,23,61.424719
1.0,28,61.435874
0.0,157,61.498393
1.0,11,61.502801
0.0,18,61.509991
1.0,24,61.519549
0.0,23,61.528737
1.0,11,61.533129
0.0,6,61.535522
1.0,25,61.545459
0.0,208,61.62811
1.0,11,61.63249
1.0,34,61.646044
1.0,27,61.656782
0.0,187,61.731095
1.0,11,61.735486
0.0,16,61.741853
1.0,27,61.75262
0.0,337,61.886724
1.0,11,61.891136
0.0,9,61.894718
1.0,25,61.904699
0.0,187,61.97937
1.0,11,61.983767
1.0,26,61.994115
1.0,23,62.003239
0.0,148,62.06272
1.0,11,62.067137
1.0,33,62.080281
1.0,25,62.090304
0.0,15,62.096328
1.0,11,62.100741
1.0,30,62.112709
1.0,25,62.12272
0.0,409,62.286982
1.0,13,62.292211
1.0,27,62.303016
1.0,27,62.313846
0.0,626,62.563221
1.0,12,62.568029
1.0,25,62.578023
1.0,23,62.587248
0.0,58,62.610403
1.0,15,62.616383
0.0,20,62.624752
1.0,25,62.634755
0.0,95,62.672459
1.0,11,62.676867
1.0,25,62.686848
0.0,19,62.694414
0.0,62,62.718984
1.0,13,62.724188
1.0,30,62.736169
1.0,25,62.746127
0.0,61,62.770236
1.0,11,62.774678
1.0,23,62.78387
1.0,25,62.793845
0.0,2,62.794656
1.0,11,62.799058
1.0,23,62.808296
1.0,38,62.823488
0.0,54,62.845058
1.0,11,62.849633
1.0,25,62.859614
1.0,25,62.869656
0.0,37,62.884374
0.0,7,62.887216
1.0,25,62.897346
1.0,23,62.906514
0.0,373,63.054896
0.0,7,63.057723
1.0,28,63.068894
0.0,19,63.076503
0.0,419,63.243879
1.0,17,63.250655
0.0,18,63.257842
1.0,44,63.275359
0.0,214,63.360807
1.0,14,63.366421
1.0,27,63.377224
1.0,27,63.388034
0.0,134,63.441415
1.0,12,63.446229
1.0,29,63.45784
1.0,23,63.46705
0.0,335,63.600536
1.0,12,63.605351
1.0,23,63.614547
1.0,28,63.625733
0.0,599,63.864997
1.0,13,63.870318
1.0,23,63.879544
1.0,25,63.889543
0.0,374,64.039475
1.0,13,64.044656
1.0,35,64.058652
1.0,26,64.068961
0.0,35,64.082882
0.0,4,64.084485
1.0,30,64.096446
1.0,25,64.10644
0.0,119,64.153616
1.0,11,64.158005
1.0,25,64.167946
1.0,24,64.17752
0.0,106,64.219681
1.0,11,64.224079
0.0,20,64.23201
1.0,23,64.241156
0.0,46,64.259459
1.0,12,64.264236
1.0,27,64.274999
1.0,25,64.284986
0.0,445,64.463219
1.0,13,64.468384
1.0,25,64.478444
1.0,27,64.489193
0.0,206,64.571187
1.0,14,64.576788
0.0,6,64.579185
0.0,18,64.58651
0.0,45,64.604683
1.0,11,64.609078
0.0,8,64.61227
1.0,29,64.623845
0.0,89,64.659156
1.0,11,64.663579
1.0,23,64.672739
1.0,25,64.682715
0.0,308,64.805193
1.0,13,64.810428
1.0,25,64.820435
1.0,23,64.829606
0.0,95,64.867568
1.0,12,64.872365
1.0,25,64.882343
1.0,27,64.89313
0.0,420,65.060897
1.0,11,65.065357
1.0,25,65.075345
0.0,8,65.078596
0.0,176,65.148928
1.0,13,65.154171
1.0,23,65.163365
1.0,25,65.173347
0.0,94,65.210668
1.0,11,65.215066
1.0,29,65.22662
0.0,19,65.234228
0.0,371,65.382759
1.0,13,65.387966
1.0,30,65.39992
0.0,8,65.403127
0.0,203,65.483846
0.0,9,65.487459
1.0,25,65.497444
0.0,14,65.503039
0.0,467,65.690256
1.0,13,65.695474
1.0,27,65.706254
1.0,29,65.717896
0.0,376,65.86833
1.0,11,65.872786
1.0,23,65.881987
0.0,8,65.885192
0.0,94,65.922798
1.0,12,65.927602
1.0,23,65.936816
1.0,29,65.948415
0.0,259,66.05177
1.0,14,66.057377
1.0,27,66.068185
1.0,25,66.078226
0.0,247,66.176541
1.0,13,66.181735
1.0,26,66.192129
1.0,25,66.202108
0.0,322,66.330972
1.0,11,66.335399
1.0,24,66.344966
0.0,16,66.351415
0.0,30,66.363588
1.0,13,66.368892
1.0,25,66.378894
1.0,23,66.3881
0.0,337,66.522759
1.0,11,66.527177
0.0,4,66.528785
0.0,16,66.535171
0.0,71,66.563461
1.0,14,66.569068
0.0,20,66.577054
0.0,21,66.585447
0.0,271,66.69378
1.0,11,66.698195
1.0,29,66.709784
1.0,23,66.718963
0.0,175,66.789121
1.0,11,66.793579
1.0,23,66.802791
1.0,27,66.813623
0.0,136,66.868309
0.0,2,66.869125
0.0,19,66.876737
1.0,23,66.885937
0.0,562,67.110049
0.0,2,67.11087
1.0,25,67.120889
1.0,27,67.131679
0.0,89,67.167244
1.0,15,67.173241
1.0,31,67.185621
1.0,31,67.198037
0.0,413,67.363477
0.0,11,67.367884
1.0,28,67.379118
1.0,25,67.38912
0.0,20,67.397171
1.0,13,67.402355
1.0,28,67.413506
1.0,23,67.42272
0.0,36,67.437025
1.0,11,67.441431
1.0,27,67.452185
1.0,25,67.46218
0.0,213,67.546981
1.0,11,67.551388
1.0,23,67.56057
1.0,25,67.570558
0.0,184,67.644233
1.0,11,67.648686
0.0,17,67.655463
1.0,24,67.665048
0.0,45,67.68294
1.0,13,67.688194
1.0,28,67.699389
0.0,4,67.700988
0.0,14,67.706585
1.0,11,67.711051
1.0,28,67.72229
1.0,27,67.733087
0.0,145,67.791037
1.0,11,67.795448
1.0,24,67.805066
1.0,26,67.815507
0.0,279,67.927184
0.0,9,67.930796
1.0,25,67.940766
1.0,23,67.94997
0.0,15,67.956003
1.0,13,67.961207
1.0,25,67.971193
1.0,29,67.98284
0.0,33,67.996246
1.0,15,68.002292
1.0,27,68.013594
1.0,29,68.025402
0.0,257,68.128061
1.0,11,68.132484
1.0,32,68.145262
1.0,27,68.156041
0.0,37,68.170802
0.0,11,68.175191
1.0,23,68.184442
1.0,23,68.19362
0.0,840,68.527591
0.0,6,68.530017
1.0,25,68.539996
1.0,27,68.550726
0.0,7,68.553535
1.0,15,68.559563
0.0,14,68.565151
1.0,25,68.575131
0.0,59,68.598892
1.0,11,68.603328
1.0,23,68.612859
0.0,22,68.621654
0.0,48,68.640871
1.0,13,68.646061
1.0,23,68.655225
1.0,27,68.665999
0.0,204,68.747634
1.0,11,68.752043
1.0,24,68.761624
0.0,16,68.768005
0.0,733,69.061068
1.0,11,69.065532
1.0,25,69.075499
0.0,10,69.079494
0.0,166,69.145672
1.0,12,69.150481
1.0,23,69.159666
0.0,14,69.165369
0.0,813,69.491308
1.0,13,69.496514
0.0,18,69.503801
1.0,23,69.513002
0.0,194,69.590424
1.0,11,69.59482
1.0,23,69.603982
1.0,23,69.61314
0.0,168,69.680077
1.0,13,69.685266
1.0,27,69.696155
1.0,23,69.705322
0.0,161,69.769697
1.0,11,69.774101
0.0,21,69.782464
1.0,25,69.79241
0.0,20,69.80039
1.0,11,69.804859
1.0,23,69.81439
1.0,35,69.828347
0.0,542,70.04428
0.0,9,70.047935
1.0,26,70.058298
1.0,25,70.068343
0.0,99,70.107958
1.0,11,70.112365
1.0,28,70.123536
0.0,22,70.132299
0.0,72,70.16096
1.0,11,70.165356
1.0,25,70.175333
0.0,22,70.184203
0.0,290,70.30006
1.0,13,70.305266
1.0,30,70.317193
1.0,33,70.330337
0.0,515,70.536582
1.0,11,70.541013
0.0,14,70.5466
1.0,27,70.557412
0.0,14,70.563123
1.0,11,70.567531
1.0,25,70.577543
0.0,16,70.583962
0.0,118,70.631196
1.0,11,70.635727
1.0,27,70.646519
1.0,27,70.657299
0.0,138,70.712751
1.0,17,70.719554
0.0,10,70.723568
1.0,23,70.732767
0.0,872,71.081959
1.0,12,71.086725
1.0,23,71.095977
1.0,27,71.106811
0.0,43,71.124009
1.0,11,71.128471
1.0,25,71.13843
1.0,26,71.148744
0.0,625,71.398358
1.0,11,71.402763
1.0,29,71.414314
0.0,12,71.419113
0.0,570,71.647191
1.0,14,71.652783
1.0,31,71.665235
1.0,29,71.676776
0.0,49,71.696329
1.0,13,71.701501
1.0,24,71.71107
1.0,25,71.721009
0.0,32,71.733857
1.0,11,71.738243
1.0,30,71.750201
1.0,23,71.75943
0.0,28,71.770688
1.0,11,71.77508
0.0,8,71.778263
1.0,27,71.788987
0.0,200,71.868753
1.0,11,71.873143
1.0,25,71.883127
1.0,28,71.894362
0.0,30,71.906305
0.0,6,71.908695
1.0,28,71.919874
1.0,33,71.933122
0.0,118,71.980194
0.0,7,71.983005
1.0,23,71.992447
1.0,25,72.002745
0.0,6,72.005275
0.0,11,72.009743
1.0,26,72.020211
0.0,17,72.027275
0.0,288,72.142552
0.0,6,72.144968
1.0,26,72.155473
1.0,23,72.164663
0.0,30,72.176631
1.0,14,72.182217
1.0,25,72.192304
1.0,27,72.203118
0.0,84,72.237503
1.0,11,72.24192
1.0,26,72.252324
1.0,23,72.261515
0.0,352,72.402015
1.0,15,72.407987
1.0,25,72.418055
1.0,23,72.427243
0.0,216,72.513556
1.0,12,72.518363
0.0,6,72.520777
1.0,23,72.530097
0.0,22,72.53885
1.0,14,72.544454
1.0,27,72.555205
1.0,25,72.565294
0.0,158,72.628775
0.0,7,72.631597
1.0,29,72.643324
0.0,4,72.644941
0.0,17,72.651775
1.0,15,72.657785
1.0,23,72.666998
0.0,14,72.67258
0.0,165,72.738513
0.0,4,72.740127
1.0,24,72.749708
1.0,25,72.76001
0.0,134,72.814229
1.0,11,72.818677
1.0,23,72.827915
1.0,25,72.83803
0.0,280,72.950095
1.0,13,72.955297
1.0,23,72.964489
1.0,27,72.975292
0.0,55,72.997312
1.0,11,73.001708
0.0,23,73.0109
1.0,26,73.02135
0.0,4,73.022964
1.0,11,73.027362
1.0,33,73.040584
1.0,26,73.05111
0.0,41,73.067585
1.0,15,73.073579
1.0,25,73.083619
0.0,19,73.091211
0.0,80,73.123886
1.0,11,73.128368
1.0,27,73.139283
1.0,27,73.150042
0.0,55,73.17199
0.0,11,73.176399
1.0,25,73.186387
1.0,25,73.196363
0.0,20,73.204385
1.0,11,73.208894
0.0,21,73.21729
1.0,25,73.227272
0.0,455,73.409818
1.0,11,73.414506
1.0,25,73.424968
1.0,23,73.434252
0.0,306,73.557177
0.0,7,73.559995
1.0,26,73.570396
0.0,6,73.572789
0.0,266,73.679124
1.0,11,73.683543
1.0,27,73.694409
0.0,16,73.700918
0.0,122,73.74965
1.0,13,73.754865
1.0,29,73.76652
1.0,26,73.777006
0.0,21,73.785407
1.0,11,73.789809
0.0,6,73.792211
1.0,23,73.801405
0.0,269,73.909429
1.0,12,73.914249
1.0,25,73.924256
1.0,25,73.934366
0.0,780,74.247946
1.0,12,74.252761
1.0,25,74.262937
1.0,25,74.273144
0.0,347,74.412378
1.0,11,74.416831
1.0,28,74.428141
0.0,14,74.433732
0.0,56,74.456089
1.0,11,74.460496
1.0,25,74.47046
1.0,23,74.47969
0.0,61,74.5041
1.0,11,74.508507
1.0,25,74.518537
1.0,27,74.529313
0.0,200,74.609464
1.0,11,74.613894
1.0,23,74.623505
1.0,27,74.634321
0.0,98,74.673428
1.0,12,74.678236
0.0,8,74.681452
1.0,29,74.693121
0.0,651,74.953487
1.0,11,74.957888
1.0,24,74.967483
0.0,19,74.97509
0.0,168,75.042281
1.0,11,75.046771
0.0,18,75.053982
1.0,25,75.06407
0.0,57,75.086909
0.0,11,75.091316
1.0,25,75.101802
0.0,4,75.103409
0.0,64,75.12888
1.0,13,75.134083
1.0,25,75.144174
1.0,25,75.154152
0.0,64,75.179537
1.0,13,75.184731
1.0,23,75.193916
1.0,23,75.203084
0.0,750,75.503022
1.0,11,75.507448
1.0,25,75.517545
1.0,23,75.526737
0.0,10,75.530749
1.0,12,75.535549
1.0,25,75.545524
1.0,25,75.555622
0.0,826,75.886821
1.0,11,75.891236
0.0,20,75.899311
0.0,23,75.908494
0.0,202,75.989236
1.0,11,75.99366
1.0,23,76.00287
0.0,14,76.009255
0.0,103,76.05157
1.0,11,76.055982
1.0,26,76.066384
1.0,29,76.077971
0.0,331,76.210102
1.0,11,76.214517
1.0,26,76.224897
1.0,31,76.23735
0.0,156,76.299381
1.0,14,76.304992
0.0,19,76.312708
0.0,6,76.315131
0.0,220,76.403479
0.0,4,76.405095
1.0,27,76.41588
1.0,25,76.426471
0.0,246,76.524538
1.0,11,76.528942
1.0,25,76.539027
1.0,25,76.549033
0.0,387,76.704508
1.0,11,76.708924
0.0,14,76.714552
0.0,8,76.717758
0.0,24,76.727485
1.0,11,76.731921
0.0,12,76.736776
1.0,25,76.746796
0.0,456,76.929491
1.0,11,76.933923
0.0,18,76.9411
1.0,23,76.950279
0.0,833,77.284591
1.0,11,77.289003
1.0,25,77.299092
1.0,26,77.309506
0.0,301,77.430318
1.0,11,77.43473
0.0,12,77.439542
1.0,24,77.449239
0.0,2,77.450052
1.0,14,77.45566
1.0,25,77.465663
1.0,26,77.476046
0.0,19,77.48384
1.0,13,77.489042
0.0,8,77.492251
1.0,23,77.501435
0.0,74,77.530885
1.0,14,77.536474
1.0,26,77.546877
0.0,17,77.553669
0.0,296,77.672723
1.0,12,77.677548
1.0,25,77.687591
1.0,24,77.697201
0.0,326,77.827657
0.0,7,77.830569
0.0,17,77.837422
1.0,25,77.847438
0.0,13,77.852722
1.0,13,77.857935
1.0,32,77.870828
1.0,23,77.880062
0.0,641,78.136047
1.0,11,78.140455
1.0,28,78.151629
1.0,27,78.162404
0.0,304,78.28372
1.0,12,78.288522
0.0,19,78.296097
0.0,17,78.302879
0.0,313,78.4278
1.0,11,78.432202
0.0,16,78.438598
1.0,25,78.448593
0.0,337,78.582936
1.0,13,78.588151
0.0,14,78.593751
1.0,23,78.602942
0.0,223,78.692013
1.0,12,78.696839
1.0,25,78.706858
1.0,25,78.716878
0.0,170,78.785039
1.0,11,78.789461
1.0,29,78.801055
1.0,27,78.811898
0.0,18,78.81911
1.0,11,78.823907
1.0,23,78.83323
0.0,21,78.841622
0.0,199,78.921277
1.0,11,78.925701
1.0,23,78.934906
1.0,25,78.944903
0.0,55,78.966895
1.0,13,78.972101
1.0,23,78.981332
1.0,23,78.990512
0.0,34,79.004124
1.0,13,79.009341
1.0,26,79.019754
1.0,26,79.030168
0.0,107,79.072823
1.0,13,79.078088
1.0,27,79.088892
0.0,21,79.0973
0.0,1000,79.497162
1.0,14,79.502802
1.0,25,79.512815
1.0,23,79.522045
0.0,284,79.635252
1.0,12,79.64006
1.0,25,79.650041
1.0,25,79.660029
0.0,44,79.677696
0.0,2,79.678507
1.0,24,79.688109
1.0,27,79.698898
0.0,453,79.879409
1.0,11,79.883818
1.0,25,79.8938
1.0,25,79.903812
0.0,110,79.947592
1.0,13,79.952789
1.0,23,79.961979
0.0,16,79.968352
0.0,96,80.006498
1.0,11,80.011236
1.0,25,80.021613
1.0,29,80.033217
0.0,165,80.099663
1.0,12,80.104513
1.0,23,80.113792
0.0,19,80.121366
0.0,471,80.309557
1.0,11,80.313977
1.0,27,80.324877
1.0,23,80.334139
0.0,26,80.344447
1.0,13,80.349642
1.0,28,80.360912
1.0,27,80.371673
0.0,580,80.602921
1.0,14,80.608517
1.0,28,80.619909
0.0,6,80.622446
0.0,90,80.658484
1.0,13,80.663702
1.0,29,80.675298
1.0,35,80.689223
0.0,505,80.891061
1.0,11,80.895498
1.0,26,80.905897
0.0,8,80.909103
0.0,259,81.012789
1.0,19,81.020393
1.0,27,81.031183
1.0,27,81.042022
0.0,61,81.066337
1.0,11,81.070783
1.0,25,81.080794
0.0,8,81.084013
0.0,697,81.363173
1.0,15,81.369195
0.0,19,81.376925
1.0,25,81.386965
0.0,9,81.390709
0.0,7,81.393523
1.0,25,81.403529
1.0,27,81.414359
0.0,61,81.438761
1.0,11,81.443168
1.0,31,81.455594
1.0,26,81.465984
0.0,577,81.697039
1.0,11,81.70145
1.0,25,81.711403
0.0,6,81.713845
0.0,980,82.10625
1.0,13,82.111578
1.0,25,82.121565
1.0,28,82.132831
0.0,52,82.153514
1.0,13,82.158729
0.0,19,82.166415
1.0,29,82.177961
0.0,127,82.228904
1.0,13,82.234359
1.0,25,82.244431
1.0,29,82.256014
0.0,37,82.270793
1.0,11,82.276016
1.0,26,82.286596
1.0,28,82.297761
0.0,376,82.448181
1.0,12,82.452997
1.0,27,82.463787
1.0,25,82.473864
0.0,262,82.578681
1.0,11,82.583213
0.0,6,82.585633
1.0,24,82.595237
0.0,88,82.630526
1.0,11,82.634923
1.0,28,82.646098
1.0,29,82.65767
0.0,117,82.704267
1.0,11,82.708673
1.0,23,82.717843
0.0,12,82.722633
0.0,210,82.806727
1.0,11,82.811242
1.0,25,82.821218
1.0,26,82.831619
0.0,105,82.873666
1.0,13,82.878864
1.0,33,82.892175
1.0,28,82.903358
0.0,23,82.912568
1.0,14,82.918169
1.0,23,82.92749
1.0,26,82.93794
0.0,16,82.944332
0.0,6,82.946751
1.0,23,82.955958
1.0,27,82.96686
0.0,208,83.050395
1.0,12,83.055214
1.0,25,83.065219
1.0,30,83.077298
0.0,776,83.387532
1.0,13,83.392722
1.0,23,83.401938
1.0,23,83.411114
0.0,116,83.457556
1.0,12,83.462349
1.0,25,83.472308
1.0,23,83.481546
0.0,77,83.512195
1.0,16,83.518562
1.0,25,83.528614
1.0,24,83.53822
0.0,325,83.668574
1.0,13,83.673777
0.0,22,83.682641
0.0,8,83.685919
0.0,423,83.855885
1.0,13,83.861087
1.0,27,83.871995
1.0,24,83.881613
0.0,121,83.929718
1.0,11,83.934143
1.0,25,83.944168
0.0,4,83.945782
0.0,513,84.152293
0.0,10,84.156316
1.0,23,84.165557
1.0,23,84.174807
0.0,497,84.374529
0.0,4,84.376157
1.0,23,84.385376
1.0,26,84.396124
0.0,433,84.569038
1.0,11,84.573468
1.0,27,84.58431
1.0,25,84.594593
0.0,200,84.674698
1.0,11,84.679098
1.0,29,84.69075
1.0,23,84.700089
0.0,912,85.06534
0.0,9,85.068964
1.0,25,85.078963
1.0,24,85.088545
0.0,36,85.102923
1.0,11,85.107326
1.0,25,85.117401
1.0,23,85.126607
0.0,96,85.164746
1.0,12,85.169538
1.0,27,85.180286
1.0,27,85.191148
0.0,314,85.316949
1.0,13,85.322195
1.0,28,85.333437
1.0,29,85.34514
0.0,207,85.428125
1.0,11,85.432659
1.0,28,85.443867
1.0,23,85.453099
0.0,491,85.649232
1.0,11,85.653649
1.0,25,85.663645
1.0,27,85.674459
0.0,176,85.744833
1.0,11,85.749243
1.0,27,85.76017
1.0,23,85.769477
0.0,57,85.792176
1.0,15,85.798248
1.0,26,85.808649
1.0,29,85.820208
0.0,645,86.079002
1.0,11,86.083432
1.0,25,86.093467
1.0,27,86.104308
0.0,398,86.262893
1.0,11,86.267317
1.0,23,86.276867
1.0,25,86.286876
0.0,46,86.305282
1.0,11,86.309693
1.0,28,86.320846
1.0,27,86.331709
0.0,82,86.364417
1.0,11,86.368839
1.0,27,86.379733
1.0,23,86.388931
0.0,217,86.47543
1.0,12,86.480326
1.0,28,86.491521
1.0,25,86.501501
0.0,153,86.562405
0.0,8,86.565615
1.0,25,86.575619
1.0,27,86.586415
0.0,84,86.619806
1.0,12,86.624612
1.0,28,86.636379
1.0,23,86.645568
0.0,92,86.682291
0.0,9,86.685902
1.0,27,86.696737
1.0,26,86.707134
0.0,207,86.789952
1.0,11,86.794366
1.0,29,86.805931
1.0,25,86.815934
0.0,34,86.829591
1.0,11,86.834
0.0,6,86.836477
1.0,23,86.84567
0.0,351,86.986738
1.0,13,86.991968
1.0,28,87.003194
1.0,24,87.01282
0.0,127,87.063669
0.0,2,87.064484
1.0,24,87.074091
1.0,23,87.083386
0.0,8,87.08661
1.0,12,87.09142
1.0,23,87.100792
0.0,6,87.103454
0.0,27,87.114359
1.0,11,87.118854
1.0,23,87.128068
1.0,31,87.140521
0.0,44,87.15813
1.0,12,87.162945
0.0,16,87.16936
0.0,4,87.170966
0.0,209,87.255652
1.0,11,87.260071
1.0,23,87.269307
1.0,25,87.279394
0.0,440,87.455
1.0,11,87.459537
0.0,14,87.465162
1.0,27,87.47595
0.0,401,87.636193
1.0,13,87.641375
1.0,27,87.65223
1.0,25,87.662207
0.0,164,87.727885
1.0,13,87.733086
0.0,25,87.743092
1.0,24,87.752684
0.0,144,87.810601
1.0,12,87.815391
0.0,14,87.820988
1.0,25,87.830986
0.0,67,87.858327
1.0,12,87.863128
0.0,14,87.868814
0.0,6,87.871226
0.0,36,87.88578
1.0,11,87.890194
1.0,25,87.900199
1.0,27,87.910994
0.0,22,87.919899
0.0,4,87.921511
1.0,27,87.932279
0.0,18,87.939644
0.0,14,87.945261
1.0,12,87.950053
1.0,25,87.960152
1.0,28,87.971337
0.0,443,88.149174
1.0,11,88.153586
1.0,29,88.165092
1.0,23,88.174285
0.0,22,88.18309
1.0,12,88.187869
1.0,23,88.197042
1.0,27,88.207788
0.0,278,88.318455
1.0,11,88.322866
1.0,25,88.33287
1.0,25,88.342964
0.0,365,88.489253
1.0,11,88.49367
1.0,23,88.502867
1.0,24,88.512444
0.0,582,88.744937
0.0,9,88.748563
1.0,27,88.759328
1.0,28,88.770485
0.0,47,88.789246
1.0,13,88.794454
1.0,23,88.803656
0.0,10,88.807644
0.0,27,88.818431
0.0,4,88.820036
0.0,16,88.826458
0.0,8,88.82967
0.0,206,88.911817
1.0,11,88.916241
1.0,25,88.926242
1.0,23,88.935455
0.0,39,88.951188
1.0,12,88.956
1.0,32,88.968765
1.0,23,88.978139
0.0,508,89.181544
1.0,11,89.185947
0.0,19,89.193528
1.0,26,89.2039
0.0,71,89.23214
1.0,11,89.236638
1.0,24,89.246197
1.0,33,89.259343
0.0,58,89.282748
1.0,13,89.287994
1.0,25,89.29793
1.0,25,89.307886
0.0,162,89.372671
1.0,13,89.377895
1.0,28,89.389303
1.0,25,89.399303
0.0,213,89.484123
1.0,13,89.489325
1.0,23,89.498499
1.0,27,89.509292
0.0,22,89.51809
1.0,13,89.523281
1.0,25,89.533244
1.0,28,89.544451
0.0,150,89.604305
1.0,12,89.609087
1.0,23,89.618319
1.0,32,89.631061
0.0,34,89.645051
1.0,15,89.651075
1.0,25,89.661102
0.0,8,89.664299
0.0,488,89.858528
1.0,11,89.863011
1.0,28,89.874291
0.0,8,89.877523
0.0,257,89.980091
1.0,13,89.985352
1.0,27,89.996141
1.0,28,90.007261
0.0,143,90.064144
1.0,15,90.070157
1.0,25,90.080144
1.0,25,90.090138
0.0,505,90.291546
1.0,14,90.297181
1.0,23,90.306352
1.0,26,90.316747
0.0,39,90.33225
1.0,11,90.336668
1.0,23,90.345857
1.0,25,90.355886
0.0,798,90.67439
1.0,11,90.678799
1.0,25,90.688761
1.0,30,90.700734
0.0,28,90.711961
1.0,11,90.716361
1.0,25,90.726365
1.0,28,90.737539
0.0,209,90.821255
1.0,11,90.825719
1.0,27,90.836601
1.0,29,90.8486
0.0,52,90.869387
1.0,12,90.874229
1.0,24,90.88382
1.0,25,90.893814
0.0,34,90.907322
1.0,11,90.911738
1.0,24,90.921319
1.0,25,90.931285
0.0,4,90.932888
1.0,11,90.937309
0.0,16,90.943711
0.0,6,90.946103
0.0,40,90.962037
1.0,11,90.966433
1.0,23,90.975661
1.0,25,90.985754
0.0,257,91.088118
0.0,4,91.089766
1.0,25,91.099719
1.0,23,91.108979
0.0,130,91.16083
1.0,13,91.166057
1.0,25,91.176096
0.0,17,91.18288
0.0,67,91.209664
1.0,13,91.214859
1.0,28,91.226002
1.0,23,91.235174
0.0,163,91.300174
1.0,11,91.304577
1.0,27,91.315442
1.0,27,91.326216
0.0,102,91.367115
1.0,12,91.372137
1.0,25,91.382124
1.0,27,91.392943
0.0,15,91.398979
1.0,11,91.403378
0.0,23,91.412727
1.0,23,91.421927
0.0,267,91.52826
0.0,11,91.532686
1.0,25,91.542707
1.0,31,91.555079
0.0,207,91.637668
1.0,11,91.642079
1.0,27,91.652942
1.0,24,91.662582
0.0,23,91.671761
1.0,12,91.676555
0.0,4,91.678154
0.0,4,91.679759
0.0,211,91.763735
1.0,13,91.768956
1.0,26,91.779346
1.0,29,91.790937
0.0,296,91.909377
1.0,15,91.915375
0.0,6,91.91777
1.0,23,91.927007
0.0,171,91.995116
1.0,16,92.001592
1.0,23,92.010787
1.0,25,92.021059
0.0,31,92.033833
1.0,11,92.038305
0.0,14,92.043919
1.0,31,92.056779
0.0,166,92.123339
1.0,13,92.128543
1.0,25,92.138547
0.0,8,92.141757
0.0,291,92.258508
1.0,13,92.263747
0.0,6,92.266162
1.0,25,92.276243
0.0,145,92.334409
0.0,6,92.336861
0.0,17,92.343647
1.0,27,92.354534
0.0,259,92.457694
0.0,9,92.461314
0.0,21,92.46973
1.0,24,92.47934
0.0,821,92.807899
1.0,11,92.812316
0.0,17,92.819098
1.0,27,92.829872
0.0,395,92.987316
1.0,11,92.991717
1.0,25,93.001688
1.0,23,93.010868
0.0,1000,93.409824
1.0,11,93.414284
1.0,27,93.42503
1.0,25,93.435008
0.0,63,93.45989
0.0,8,93.463091
1.0,25,93.473083
1.0,23,93.482325
0.0,39,93.49785
1.0,12,93.50264
1.0,23,93.511871
0.0,4,93.513486
0.0,237,93.607524
1.0,11,93.611933
0.0,8,93.61512
1.0,25,93.625136
0.0,185,93.698928
1.0,14,93.704525
1.0,31,93.7169
1.0,24,93.726498
0.0,142,93.783208
1.0,11,93.787827
1.0,28,93.798988
1.0,27,93.809731
0.0,21,93.818161
1.0,11,93.82255
1.0,27,93.833743
0.0,4,93.835356
0.0,91,93.871922
1.0,12,93.876723
1.0,23,93.885906
1.0,25,93.89593
0.0,84,93.931659
1.0,15,93.937713
1.0,31,93.950222
1.0,25,93.96021
0.0,21,93.968632
1.0,14,93.974208
1.0,25,93.984244
0.0,26,93.994565
0.0,64,94.019962
1.0,12,94.024752
1.0,24,94.034322
1.0,23,94.043534
0.0,435,94.216738
1.0,11,94.22115
1.0,25,94.231171
1.0,26,94.241552
0.0,48,94.26065
1.0,13,94.265889
1.0,23,94.275076
1.0,27,94.285851
0.0,9,94.289453
1.0,13,94.294686
1.0,27,94.305473
1.0,34,94.319025
0.0,147,94.378286
1.0,13,94.383496
1.0,25,94.3938
1.0,25,94.403767
0.0,250,94.504017
1.0,14,94.509614
1.0,27,94.520395
0.0,25,94.53037
0.0,57,94.55296
1.0,11,94.557361
1.0,29,94.568974
0.0,19,94.576579
0.0,249,94.675904
1.0,11,94.680353
1.0,29,94.691915
1.0,29,94.703497
0.0,87,94.738181
1.0,14,94.743808
1.0,27,94.754616
1.0,23,94.763848
0.0,333,94.896775
1.0,19,94.904369
1.0,25,94.914375
1.0,28,94.925539
0.0,94,94.96297
1.0,11,94.967377
1.0,27,94.978173
1.0,25,94.988268
0.0,36,95.002605
1.0,12,95.007399
1.0,23,95.016577
1.0,23,95.025807
0.0,105,95.06811
1.0,14,95.073739
0.0,10,95.077798
1.0,29,95.089377
0.0,922,95.458104
0.0,4,95.459724
1.0,25,95.469696
1.0,29,95.481244
0.0,514,95.686225
1.0,11,95.690633
1.0,28,95.701821
1.0,27,95.712579
0.0,21,95.720933
1.0,11,95.725316
1.0,24,95.734888
1.0,29,95.74648
0.0,124,95.79588
1.0,11,95.800287
1.0,23,95.809473
1.0,29,95.821074
0.0,359,95.964483
1.0,13,95.969707
1.0,23,95.978881
1.0,26,95.989328
0.0,61,96.013577
1.0,11,96.018259
1.0,30,96.030471
1.0,25,96.040571
0.0,6,96.043012
1.0,13,96.048349
1.0,25,96.05876
1.0,26,96.069068
0.0,14,96.074651
1.0,13,96.079918
0.0,14,96.085567
0.0,26,96.095919
0.0,630,96.346669
1.0,11,96.351088
1.0,27,96.361945
0.0,14,96.367522
0.0,306,96.489412
1.0,11,96.493833
1.0,25,96.50396
1.0,23,96.513235
0.0,150,96.573058
1.0,11,96.577478
1.0,23,96.586829
1.0,23,96.596235
0.0,330,96.728236
1.0,11,96.732689
1.0,31,96.745491
1.0,23,96.754734
0.0,31,96.767272
1.0,11,96.771709
1.0,23,96.78109
1.0,23,96.790879
0.0,188,96.867219
1.0,11,96.871814
1.0,28,96.883364
1.0,25,96.893386
0.0,271,97.003252
1.0,17,97.010741
0.0,17,97.018243
1.0,29,97.030602
0.0,115,97.080329
0.0,9,97.083995
1.0,31,97.097335
1.0,27,97.108874
0.0,48,97.130821
1.0,13,97.136583
1.0,25,97.147346
1.0,26,97.158544
0.0,80,97.195048
1.0,14,97.201301
1.0,25,97.212014
1.0,25,97.223085
0.0,623,97.480779
0.0,7,97.483711
1.0,23,97.493257
1.0,28,97.504749
0.0,178,97.579391
1.0,13,97.584747
1.0,23,97.594242
1.0,23,97.603538
0.0,23,97.613167
1.0,11,97.617644
1.0,28,97.628982
0.0,8,97.632214
0.0,156,97.694799
1.0,13,97.700166
1.0,23,97.709645
1.0,25,97.719775
0.0,49,97.739496
0.0,4,97.741113
1.0,26,97.751762
0.0,6,97.754194
0.0,13,97.759561
1.0,11,97.764023
1.0,23,97.773251
1.0,32,97.786356
0.0,77,97.818924
0.0,9,97.822553
1.0,25,97.832716
1.0,25,97.842982
0.0,70,97.874008
0.0,2,97.874827
1.0,27,97.885824
0.0,6,97.888246
0.0,12,97.893132
1.0,14,97.898872
1.0,23,97.908212
1.0,26,97.918937
0.0,250,98.020197
0.0,2,98.021019
0.0,16,98.027503
1.0,25,98.037719
0.0,11,98.042576
1.0,17,98.04965
1.0,25,98.05981
1.0,23,98.069245
0.0,77,98.100341
1.0,11,98.104858
0.0,12,98.109701
1.0,29,98.121384
0.0,607,98.366907
0.0,7,98.369739
0.0,4,98.371346
1.0,24,98.381063
0.0,53,98.402266
1.0,13,98.407493
1.0,29,98.41909
1.0,26,98.429543
0.0,264,98.535217
1.0,13,98.540508
1.0,25,98.550624
1.0,24,98.560341
0.0,6,98.562758
0.0,7,98.565579
0.0,4,98.567189
1.0,29,98.578941
0.0,524,98.789863
0.0,6,98.792295
1.0,26,98.802877
1.0,24,98.812565
0.0,84,98.846148
1.0,14,98.851808
0.0,8,98.85503
1.0,24,98.864853
0.0,644,99.12386
1.0,12,99.128692
0.0,16,99.135173
0.0,11,99.139597
0.0,37,99.154704
1.0,14,99.160317
1.0,26,99.170854
1.0,23,99.180156
0.0,441,99.355884
1.0,11,99.360336
1.0,23,99.369644
0.0,21,99.378615
0.0,172,99.447831
1.0,17,99.454705
1.0,27,99.465508
0.0,8,99.46872
0.0,77,99.499731
0.0,9,99.503373
1.0,25,99.513465
1.0,25,99.523548
0.0,213,99.60906
1.0,11,99.613543
1.0,25,99.623627
1.0,23,99.632961
0.0,580,99.865597
1.0,11,99.870115
1.0,25,99.880148
1.0,27,99.89105
0.0,54,99.912793
0.0,9,99.916406
1.0,25,99.926482
1.0,25,99.93654
0.0,407,100.100119
0.0,9,100.103827
0.0,16,100.110605
1.0,26,100.121408
0.0,514,100.326892
1.0,13,100.332134
0.0,4,100.33375
0.0,16,100.340141
0.0,74,100.369679
1.0,11,100.374099
1.0,27,100.38496
1.0,30,100.397039
0.0,43,100.414336
1.0,11,100.418761
0.0,14,100.424355
1.0,23,100.433741
0.0,39,100.44985
1.0,13,100.455157
0.0,2,100.455957
1.0,23,100.465303
0.0,251,100.565043
1.0,11,100.569493
1.0,29,100.581135
1.0,25,100.591343
0.0,234,100.684767
1.0,13,100.690011
1.0,25,100.700106
1.0,31,100.712531
0.0,111,100.756808
1.0,13,100.762027
1.0,29,100.773663
1.0,25,100.783674
0.0,61,100.808138
1.0,13,100.813344
1.0,27,100.824209
1.0,27,100.835048
0.0,48,100.854113
1.0,11,100.858643
0.0,13,100.863826
1.0,27,100.874649
0.0,131,100.92687
1.0,12,100.931647
0.0,22,100.940412
1.0,25,100.950362
0.0,326,101.080164
1.0,13,101.08538
1.0,27,101.096237
1.0,23,101.105554
0.0,71,101.133762
1.0,14,101.139367
1.0,27,101.150209
0.0,4,101.151803
0.0,565,101.377595
1.0,16,101.383994
1.0,29,101.395583
1.0,23,101.404751
0.0,71,101.433181
0.0,2,101.433992
1.0,26,101.44437
1.0,23,101.453561
0.0,414,101.618316
1.0,13,101.623513
1.0,25,101.633493
1.0,27,101.644248
0.0,18,101.651775
0.0,7,101.654577
1.0,26,101.664937
1.0,24,101.674591
0.0,60,101.698519
1.0,11,101.702917
1.0,25,101.712959
0.0,21,101.721361
0.0,181,101.793415
0.0,2,101.794232
1.0,25,101.804234
1.0,25,101.814195
0.0,495,102.011917
1.0,13,102.017173
1.0,28,102.028353
1.0,25,102.038346
0.0,611,102.28258
1.0,14,102.288176
0.0,8,102.291385
1.0,24,102.300953
0.0,68,102.328081
0.0,6,102.330486
1.0,27,102.341262
1.0,23,102.350443
0.0,21,102.358932
1.0,11,102.36333
1.0,28,102.374576
1.0,27,102.385333
0.0,419,102.552057
1.0,11,102.556453
1.0,32,102.569139
1.0,28,102.580285
0.0,199,102.65958
1.0,13,102.664793
1.0,26,102.675193
1.0,31,102.687591
0.0,89,102.723141
1.0,11,102.727564
0.0,16,102.734008
1.0,32,102.746762
0.0,22,102.755542
1.0,13,102.760736
1.0,25,102.770756
1.0,29,102.782328
0.0,397,102.941286
1.0,14,102.946882
1.0,25,102.956836
1.0,26,102.967297
0.0,300,103.08703
1.0,11,103.091446
0.0,12,103.09626
1.0,27,103.107038
0.0,20,103.115078
1.0,11,103.119479
1.0,24,103.129034
0.0,4,103.130636
0.0,152,103.191328
1.0,15,103.197372
1.0,24,103.206985
1.0,23,103.216179
0.0,782,103.527941
1.0,11,103.53236
1.0,23,103.541537
1.0,26,103.551898
0.0,510,103.754469
1.0,11,103.758889
1.0,25,103.768911
1.0,26,103.779245
0.0,162,103.843705
1.0,11,103.848114
0.0,12,103.852908
1.0,27,103.863763
0.0,4,103.865382
1.0,11,103.869885
0.0,17,103.87669
1.0,26,103.887156
0.0,26,103.897472
1.0,11,103.90187
1.0,23,103.911119
1.0,25,103.921068
0.0,56,103.943357
1.0,11,103.947755
1.0,23,103.956949
1.0,25,103.96692
0.0,42,103.983792
0.0,11,103.988279
0.0,7,103.991087
1.0,23,104.000281
0.0,453,104.182141
1.0,11,104.186547
1.0,23,104.195726
1.0,25,104.20571
0.0,108,104.253464
1.0,14,104.259089
1.0,23,104.268306
0.0,8,104.271517
0.0,65,104.297841
1.0,13,104.30311
1.0,25,104.313157
1.0,23,104.322385
0.0,38,104.33754
1.0,13,104.34275
0.0,19,104.350342
0.0,21,104.358839
0.0,184,104.432594
1.0,11,104.437043
1.0,25,104.447016
1.0,25,104.456972
0.0,136,104.511151
1.0,13,104.516352
0.0,4,104.517948
1.0,25,104.527916
0.0,84,104.561181
1.0,11,104.56558
1.0,29,104.577151
1.0,25,104.587248
0.0,261,104.691493
1.0,13,104.696734
0.0,6,104.699166
1.0,23,104.708351
0.0,10,104.71239
1.0,11,104.716784
1.0,25,104.726821
0.0,16,104.733237
0.0,230,104.824658
1.0,13,104.829859
1.0,25,104.83983
1.0,25,104.849867
0.0,109,104.893382
1.0,17,104.900154
1.0,25,104.910249
1.0,25,104.920272
0.0,158,104.98361
0.0,11,104.98808
1.0,24,104.997683
0.0,15,105.003709
0.0,398,105.162522
1.0,11,105.166936
0.0,8,105.170122
0.0,15,105.176097
0.0,329,105.307483
1.0,12,105.312294
1.0,27,105.323174
1.0,25,105.3332
0.0,39,105.348808
1.0,15,105.354791
0.0,6,105.3572
0.0,6,105.35966
0.0,482,105.551934
1.0,11,105.556344
1.0,28,105.567533
1.0,25,105.577515
0.0,607,105.820459
1.0,15,105.826487
1.0,34,105.840071
1.0,23,105.84928
0.0,714,106.134615
1.0,11,106.139036
1.0,25,106.149005
1.0,24,106.15857
0.0,26,106.168935
1.0,15,106.175146
0.0,14,106.180753
1.0,24,106.190351
0.0,265,106.295948
1.0,11,106.300351
1.0,23,106.309552
1.0,31,106.321918
0.0,155,106.383884
1.0,11,106.388301
1.0,27,106.399172
1.0,24,106.408761
0.0,35,106.422694
1.0,11,106.427113
1.0,27,106.438037
0.0,17,106.444836
0.0,466,106.630695
1.0,11,106.635098
1.0,24,106.644659
1.0,29,106.656203
0.0,74,106.685662
1.0,13,106.690869
1.0,25,106.700892
1.0,25,106.710899
0.0,58,106.734028
1.0,11,106.738425
1.0,23,106.747644
1.0,26,106.758042
0.0,33,106.771196
1.0,11,106.77558
0.0,4,106.777208
1.0,23,106.78639
0.0,75,106.816184
1.0,15,106.822161
1.0,23,106.831352
0.0,16,106.837688
0.0,19,106.845264
1.0,23,106.854467
0.0,8,106.857769
1.0,27,106.868619
0.0,1000,107.267124
1.0,11,107.27159
1.0,27,107.283057
1.0,24,107.292646
0.0,76,107.32307
1.0,13,107.328253
1.0,23,107.337471
0.0,18,107.344666
0.0,193,107.421419
1.0,11,107.425821
1.0,26,107.436194
0.0,14,107.441759
0.0,974,107.829211
1.0,13,107.834427
1.0,25,107.84445
1.0,23,107.853618
0.0,555,108.075116
1.0,13,108.080314
1.0,29,108.092308
0.0,8,108.095516
0.0,35,108.109667
1.0,11,108.114106
0.0,10,108.118101
1.0,23,108.127551
0.0,82,108.160285
1.0,11,108.164681
1.0,23,108.173891
1.0,23,108.183138
0.0,83,108.216109
1.0,12,108.220904
0.0,18,108.228119
1.0,23,108.237318
0.0,21,108.245668
1.0,13,108.250859
1.0,24,108.26048
1.0,25,108.270497
0.0,332,108.403724
1.0,11,108.408174
1.0,27,108.41895
1.0,23,108.42816
0.0,243,108.525518
1.0,14,108.53115
0.0,17,108.537957
1.0,27,108.548773
0.0,115,108.594958
1.0,13,108.600279
1.0,25,108.610336
1.0,24,108.619943
0.0,475,108.809466
0.0,10,108.813481
1.0,27,108.824281
0.0,21,108.832674
0.0,731,109.124724
1.0,11,109.129121
1.0,23,109.138294
1.0,25,109.148221
0.0,14,109.153798
1.0,11,109.15823
0.0,4,109.159851
1.0,25,109.169824
0.0,126,109.219948
1.0,13,109.225144
1.0,31,109.237492
1.0,30,109.24942
0.0,79,109.28069
1.0,12,109.285469
0.0,17,109.29223
1.0,27,109.303008
0.0,523,109.513395
1.0,15,109.519416
1.0,30,109.531416
1.0,25,109.541456
0.0,977,109.930871
1.0,11,109.935357
1.0,23,109.944537
1.0,23,109.953748
0.0,39,109.969267
1.0,12,109.97407
1.0,25,109.984039
1.0,23,109.993305
0.0,154,110.054631
1.0,13,110.059835
1.0,23,110.069037
1.0,27,110.079799
0.0,180,110.152006
1.0,14,110.157595
0.0,22,110.166373
1.0,26,110.17673
0.0,90,110.212463
1.0,13,110.2177
1.0,23,110.226888
1.0,26,110.237274
0.0,461,110.421143
1.0,13,110.426328
1.0,23,110.435491
1.0,24,110.445101
0.0,131,110.497243
1.0,14,110.502823
0.0,23,110.511963
1.0,23,110.52117
0.0,47,110.5399
1.0,11,110.544284
1.0,25,110.554305
0.0,22,110.563107
0.0,80,110.59477
1.0,15,110.600786
1.0,31,110.613147
1.0,23,110.622286
0.0,49,110.641737
1.0,14,110.647314
1.0,28,110.658466
1.0,26,110.668828
0.0,508,110.872081
1.0,21,110.880496
0.0,18,110.887684
1.0,27,110.898497
0.0,803,111.218916
1.0,13,111.224101
1.0,26,111.234428
0.0,4,111.236026
0.0,200,111.316069
1.0,13,111.321244
1.0,25,111.33121
0.0,18,111.338437
0.0,62,111.363201
0.0,9,111.366813
1.0,26,111.377405
1.0,29,111.389045
0.0,283,111.501948
0.0,4,111.50356
1.0,24,111.513139
1.0,27,111.523945
0.0,40,111.539957
1.0,11,111.54438
1.0,23,111.553649
1.0,23,111.562859
0.0,65,111.588895
1.0,12,111.59373
1.0,26,111.604141
1.0,27,111.61496
0.0,11,111.619384
1.0,13,111.624597
0.0,12,111.629404
0.0,2,111.630205
0.0,270,111.738148
0.0,9,111.741769
1.0,25,111.751795
1.0,27,111.762648
0.0,110,111.806952
1.0,12,111.81182
1.0,25,111.82181
0.0,18,111.828997
0.0,90,111.864841
1.0,11,111.869315
0.0,17,111.876129
1.0,25,111.886236
0.0,33,111.899427
1.0,11,111.904178
1.0,23,111.913509
1.0,23,111.922793
0.0,50,111.942641
1.0,11,111.947063
1.0,36,111.961502
1.0,29,111.973054
0.0,23,111.982245
1.0,13,111.987689
1.0,25,111.997701
1.0,24,112.007292
0.0,39,112.022906
1.0,11,112.027301
0.0,25,112.037387
1.0,25,112.047381
0.0,11,112.051798
1.0,11,112.056209
0.0,21,112.064611
1.0,26,112.075431
0.0,337,112.210771
1.0,11,112.215185
1.0,27,112.226389
1.0,32,112.23939
0.0,313,112.364462
1.0,11,112.368873
1.0,23,112.378135
1.0,26,112.388502
0.0,108,112.431539
1.0,11,112.435932
1.0,25,112.445985
1.0,23,112.455152
0.0,435,112.629776
1.0,13,112.635055
1.0,25,112.64503
1.0,23,112.654219
0.0,428,112.824889
1.0,13,112.830128
1.0,23,112.839277
1.0,27,112.850027
0.0,82,112.882881
1.0,11,112.887321
0.0,16,112.893714
1.0,25,112.903757
0.0,442,113.079987
1.0,12,113.084789
1.0,23,113.094088
1.0,27,113.105305
0.0,13,113.110515
1.0,15,113.116488
1.0,25,113.126525
0.0,10,113.130536
0.0,19,113.138172
1.0,11,113.142587
0.0,6,113.144976
1.0,27,113.155799
0.0,197,113.234447
1.0,12,113.239292
0.0,8,113.242472
0.0,18,113.249627
0.0,334,113.383273
1.0,15,113.389284
1.0,25,113.399394
1.0,29,113.410954
0.0,8,113.414154
1.0,11,113.418549
1.0,25,113.428603
1.0,23,113.437748
0.0,55,113.459767
0.0,9,113.463376
1.0,25,113.473415
1.0,25,113.483376
0.0,39,113.499009
1.0,11,113.503403
1.0,23,113.512643
0.0,16,113.519054
0.0,71,113.547422
1.0,11,113.55182
1.0,25,113.561835
1.0,29,113.573401
0.0,783,113.885112
1.0,13,113.890304
1.0,29,113.901844
1.0,27,113.91257
0.0,271,114.020227
0.0,9,114.023821
1.0,28,114.035031
1.0,23,114.044153
0.0,338,114.17786
1.0,13,114.183041
0.0,19,114.19066
1.0,26,114.200951
0.0,35,114.214802
0.0,10,114.21895
1.0,24,114.228585
1.0,25,114.238572
0.0,77,114.269139
1.0,11,114.273533
0.0,5,114.275533
1.0,25,114.285511
0.0,93,114.322799
1.0,16,114.329162
1.0,27,114.339988
1.0,29,114.351508
0.0,196,114.430202
1.0,16,114.436568
1.0,25,114.44656
0.0,19,114.454143
0.0,178,114.524987
1.0,14,114.530571
1.0,27,114.541316
1.0,28,114.552444
0.0,149,114.61173
1.0,13,114.61693
1.0,23,114.626129
1.0,27,114.636888
0.0,105,114.678642
1.0,11,114.683033
1.0,27,114.693804
1.0,27,114.704581
0.0,69,114.732007
0.0,11,114.736393
0.0,10,114.740378
1.0,25,114.750331
0.0,256,114.852825
1.0,13,114.858034
1.0,23,114.867342
1.0,25,114.877356
0.0,487,115.071733
1.0,13,115.076942
1.0,25,115.08692
1.0,25,115.096962
0.0,477,115.286568
1.0,13,115.291767
1.0,23,115.30097
1.0,26,115.311347
0.0,44,115.329004
1.0,11,115.333412
1.0,25,115.343424
1.0,25,115.35344
0.0,36,115.368003
1.0,12,115.372794
1.0,26,115.383172
1.0,25,115.393185
0.0,237,115.487535
1.0,14,115.493137
1.0,25,115.503104
1.0,23,115.5123
0.0,142,115.568977
1.0,11,115.573398
1.0,29,115.585036
0.0,22,115.593848
0.0,11,115.598253
0.0,7,115.601061
1.0,25,115.611054
1.0,27,115.622591
0.0,26,115.63297
1.0,13,115.638166
1.0,24,115.647745
1.0,25,115.657763
0.0,261,115.761935
0.0,4,115.763547
1.0,23,115.772757
1.0,25,115.782764
0.0,5,115.784768
1.0,11,115.789156
1.0,26,115.799536
1.0,27,115.810327
0.0,181,115.882747
1.0,11,115.887212
0.0,13,115.89242
1.0,25,115.902423
0.0,511,116.107683
1.0,11,116.112137
1.0,27,116.122988
1.0,31,116.135372
0.0,69,116.162723
1.0,13,116.167914
1.0,30,116.179999
1.0,32,116.192772
0.0,684,116.466001
1.0,12,116.470807
1.0,25,116.480786
1.0,24,116.490438
0.0,35,116.504404
1.0,11,116.508793
1.0,30,116.520751
1.0,23,116.52998
0.0,28,116.54116
1.0,15,116.547144
1.0,28,116.558312
1.0,26,116.568713
0.0,387,116.723574
1.0,11,116.727978
1.0,27,116.738759
1.0,29,116.750329
0.0,36,116.76477
1.0,11,116.769177
1.0,23,116.778392
1.0,25,116.788343
0.0,59,116.811764
1.0,12,116.816568
1.0,23,116.825758
0.0,6,116.828158
0.0,21,116.836591
1.0,11,116.840987
1.0,23,116.850163
1.0,23,116.859353
0.0,10,116.863481
1.0,11,116.867931
0.0,16,116.874399
0.0,14,116.879997
0.0,13,116.885187
1.0,13,116.890404
1.0,25,116.900398
0.0,12,116.905235
0.0,157,116.967808
1.0,11,116.972233
1.0,26,116.982661
1.0,26,116.993132
0.0,24,117.002728
1.0,11,117.007136
0.0,14,117.012727
1.0,23,117.021968
0.0,66,117.048209
1.0,13,117.05347
0.0,6,117.055906
1.0,23,117.065087
0.0,11,117.069509
1.0,17,117.076301
1.0,24,117.085906
1.0,28,117.097247
0.0,19,117.104973
1.0,14,117.110569
0.0,7,117.113353
1.0,25,117.123336
0.0,99,117.162899
1.0,13,117.168107
1.0,23,117.177357
1.0,25,117.187321
0.0,41,117.203748
1.0,12,117.208603
1.0,27,117.219731
1.0,29,117.231329
0.0,300,117.351582
1.0,17,117.358446
1.0,25,117.368502
1.0,29,117.380143
0.0,183,117.453199
1.0,13,117.458415
1.0,23,117.467611
1.0,30,117.479631
0.0,721,117.766983
1.0,11,117.771405
0.0,14,117.777081
1.0,29,117.788634
0.0,6,117.791046
1.0,11,117.795454
1.0,23,117.804671
1.0,28,117.816332
0.0,34,117.82993
1.0,12,117.834728
1.0,23,117.843938
1.0,25,117.853941
0.0,2,117.854758
1.0,13,117.859962
1.0,23,117.869296
1.0,30,117.881616
0.0,742,118.178227
1.0,20,118.186198
1.0,23,118.195431
1.0,25,118.205413
0.0,141,118.261766
1.0,11,118.266221
1.0,24,118.275787
0.0,13,118.280991
0.0,12,118.285794
1.0,16,118.292172
1.0,26,118.30257
1.0,23,118.311831
0.0,83,118.344959
1.0,12,118.349753
1.0,26,118.360159
1.0,23,118.369441
0.0,197,118.448095
1.0,14,118.453686
1.0,24,118.463338
1.0,27,118.474127
0.0,7,118.476929
1.0,14,118.482862
1.0,23,118.492174
1.0,26,118.502561
0.0,697,118.780422
1.0,11,118.784844
1.0,23,118.794013
0.0,10,118.798042
0.0,171,118.866348
1.0,11,118.870931
1.0,26,118.88129
1.0,23,118.890485
0.0,292,119.006938
1.0,11,119.011742
0.0,10,119.015791
1.0,23,119.025236
0.0,28,119.036617
1.0,11,119.041106
1.0,23,119.050491
1.0,27,119.061639
0.0,85,119.096208
1.0,11,119.100833
1.0,25,119.111091
1.0,23,119.120853
0.0,737,119.417726
1.0,15,119.423748
1.0,25,119.433795
1.0,23,119.443021
0.0,146,119.501325
1.0,12,119.506287
1.0,27,119.517081
1.0,25,119.527034
0.0,634,119.779745
1.0,13,119.784936
1.0,26,119.795321
1.0,24,119.804876
0.0,57,119.827531
1.0,13,119.832757
1.0,28,119.843902
0.0,16,119.850311
0.0,65,119.87631
1.0,11,119.880695
0.0,6,119.883106
1.0,29,119.894726
0.0,23,119.903844
1.0,16,119.910241
1.0,23,119.919386
1.0,24,119.928983
0.0,28,119.940141
1.0,15,119.946115
0.0,7,119.94891
1.0,29,119.960459
0.0,205,120.04238
1.0,11,120.046795
1.0,25,120.056802
1.0,25,120.066773
0.0,181,120.140497
1.0,12,120.14531
1.0,25,120.155383
0.0,4,120.157009
0.0,52,120.177724
1.0,14,120.183313
1.0,30,120.195376
1.0,23,120.204595
0.0,204,120.286322
1.0,11,120.290749
1.0,28,120.301911
1.0,25,120.312021
0.0,362,120.45712
0.0,6,120.459679
1.0,23,120.468858
1.0,32,120.481598
0.0,110,120.525527
1.0,11,120.529944
1.0,35,120.544004
1.0,27,120.554781
0.0,122,120.603818
1.0,13,120.609029
0.0,17,120.615999
1.0,27,120.626776
0.0,46,120.645102
0.0,7,120.648019
1.0,23,120.657227
0.0,19,120.664823
0.0,132,120.71749
1.0,11,120.721897
0.0,6,120.724393
0.0,8,120.727637
0.0,226,120.818167
1.0,11,120.822566
1.0,26,120.832962
1.0,25,120.843045
0.0,33,120.856132
1.0,13,120.861441
1.0,23,120.870675
1.0,32,120.883715
0.0,15,120.889859
1.0,13,120.895031
1.0,24,120.904579
1.0,25,120.914671
0.0,345,121.052522
1.0,12,121.057321
1.0,25,121.067465
1.0,29,121.079055
0.0,132,121.133301
1.0,11,121.137798
1.0,24,121.147574
1.0,30,121.159503
0.0,49,121.179079
1.0,11,121.183487
1.0,23,121.192703
1.0,26,121.203109
0.0,556,121.425576
1.0,14,121.431178
1.0,23,121.440398
1.0,25,121.450526
0.0,358,121.593944
1.0,14,121.599553
1.0,27,121.610416
1.0,25,121.620409
0.0,530,121.832202
1.0,11,121.836662
1.0,23,121.845844
1.0,25,121.85586
0.0,418,122.023383
1.0,13,122.028595
0.0,20,122.036596
1.0,23,122.045812
0.0,35,122.059941
0.0,4,122.061558
1.0,23,122.070777
1.0,28,122.081966
0.0,279,122.194067
1.0,13,122.199352
1.0,26,122.209794
1.0,23,122.219369
0.0,142,122.276606
0.0,11,122.281024
1.0,27,122.291836
1.0,23,122.301056
0.0,397,122.459936
1.0,11,122.464426
1.0,27,122.47517
1.0,27,122.485929
0.0,183,122.563132
1.0,13,122.56882
1.0,27,122.580705
1.0,24,122.590745
0.0,468,122.783859
1.0,12,122.78881
0.0,12,122.793797
0.0,6,122.796214
0.0,62,122.821631
1.0,13,122.826969
1.0,25,122.837273
1.0,27,122.848446
0.0,9,122.852172
1.0,13,122.857539
1.0,27,122.86866
1.0,27,122.879851
0.0,287,122.997922
1.0,11,123.002456
1.0,25,123.012746
1.0,23,123.0221
0.0,11,123.026505
1.0,11,123.03116
1.0,26,123.041627
0.0,16,123.048065
0.0,52,123.069451
1.0,11,123.073853
1.0,27,123.084816
1.0,26,123.095658
0.0,22,123.10448
1.0,12,123.109445
1.0,23,123.118768
1.0,28,123.130023
0.0,96,123.169054
0.0,4,123.170671
0.0,19,123.178299
1.0,25,123.188448
0.0,378,123.341611
0.0,2,123.342429
1.0,29,123.354146
1.0,23,123.363599
0.0,146,123.422449
1.0,13,123.427667
1.0,23,123.437042
0.0,17,123.443858
0.0,4,123.445468
0.0,7,123.448374
0.0,18,123.455585
0.0,14,123.461181
0.0,20,123.469186
1.0,11,123.473576
1.0,25,123.483706
1.0,23,123.493054
0.0,192,123.56985
1.0,11,123.574267
1.0,25,123.584321
1.0,29,123.596012
0.0,295,123.714495
1.0,13,123.719738
1.0,26,123.730141
1.0,23,123.739345
0.0,123,123.788529
1.0,13,123.793755
1.0,29,123.805454
1.0,24,123.815205
0.0,15,123.821547
0.0,7,123.824455
1.0,24,123.834094
1.0,32,123.847048
0.0,508,124.052418
1.0,11,124.056844
1.0,25,124.066861
1.0,25,124.076863
0.0,53,124.098477
1.0,11,124.10306
1.0,25,124.113546
1.0,25,124.124101
0.0,69,124.152335
1.0,11,124.156783
1.0,24,124.16649
1.0,25,124.176532
0.0,38,124.191714
1.0,13,124.196909
1.0,25,124.207009
1.0,28,124.218191
0.0,247,124.317848
1.0,11,124.322276
0.0,12,124.327104
1.0,25,124.337107
0.0,160,124.401942
1.0,11,124.406371
1.0,23,124.415581
1.0,27,124.426381
0.0,180,124.499419
1.0,13,124.504646
1.0,25,124.514773
0.0,18,124.522029
0.0,779,124.83457
1.0,11,124.838993
0.0,6,124.841403
1.0,28,124.852683
0.0,189,124.928291
0.0,2,124.929104
1.0,31,124.941543
0.0,4,124.943158
0.0,12,124.947985
1.0,11,124.952386
1.0,26,124.962877
1.0,23,124.972104
0.0,194,125.049666
1.0,11,125.054087
1.0,25,125.064088
1.0,25,125.074192
0.0,174,125.144411
1.0,11,125.148874
1.0,25,125.158909
1.0,30,125.170919
0.0,118,125.218053
1.0,11,125.222679
1.0,29,125.234413
1.0,25,125.244421
0.0,1000,125.645985
1.0,11,125.650427
1.0,26,125.660816
1.0,24,125.670445
0.0,50,125.690425
1.0,14,125.696357
1.0,25,125.706382
1.0,24,125.716125
0.0,109,125.759663
1.0,11,125.764064
1.0,33,125.777353
1.0,24,125.786938
0.0,228,125.879442
1.0,11,125.883934
1.0,25,125.894018
1.0,27,125.904887
0.0,85,125.9388
1.0,11,125.943327
1.0,26,125.953735
1.0,23,125.962943
0.0,16,125.969352
1.0,11,125.973781
1.0,24,125.983495
1.0,29,125.995225
0.0,323,126.124337
0.0,9,126.127952
1.0,29,126.139696
1.0,33,126.152849
0.0,422,126.322472
1.0,14,126.328103
1.0,28,126.33929
0.0,9,126.342909
0.0,57,126.365817
1.0,12,126.3706
1.0,23,126.379868
1.0,25,126.389898
0.0,584,126.623653
1.0,11,126.628078
1.0,25,126.638067
1.0,29,126.649641
0.0,51,126.670109
1.0,14,126.675709
1.0,31,126.688095
1.0,26,126.698572
0.0,90,126.734474
1.0,12,126.739347
1.0,26,126.749872
1.0,25,126.759949
0.0,364,126.907354
1.0,11,126.91178
1.0,27,126.922608
1.0,27,126.933472
0.0,783,127.246782
1.0,15,127.252799
1.0,24,127.262403
0.0,16,127.268868
0.0,54,127.290363
1.0,13,127.295572
1.0,23,127.304806
1.0,26,127.315197
0.0,190,127.391675
1.0,11,127.396158
1.0,23,127.405387
0.0,27,127.416311
0.0,98,127.455795
1.0,11,127.460218
1.0,23,127.469447
1.0,28,127.480619
0.0,49,127.500485
1.0,11,127.504905
1.0,23,127.514129
1.0,28,127.52528
0.0,28,127.536602
1.0,11,127.541021
1.0,27,127.551863
1.0,23,127.561072
0.0,48,127.580247
0.0,4,127.581868
1.0,27,127.592726
0.0,17,127.599561
0.0,90,127.635653
0.0,9,127.639271
1.0,33,127.652572
1.0,26,127.662998
0.0,217,127.750087
1.0,15,127.75609
1.0,25,127.766188
1.0,27,127.776993
0.0,846,128.115989
1.0,11,128.120396
1.0,25,128.130737
1.0,24,128.140826
0.0,312,128.266241
1.0,15,128.272243
1.0,29,128.283832
1.0,23,128.293077
0.0,253,128.394897
1.0,14,128.400527
1.0,27,128.411336
1.0,29,128.42294
0.0,44,128.440559
1.0,13,128.445783
0.0,4,128.447391
0.0,11,128.451811
0.0,514,128.657484
1.0,11,128.661902
1.0,25,128.671941
1.0,23,128.681173
0.0,11,128.685582
1.0,12,128.690401
0.0,20,128.698475
1.0,27,128.709377
0.0,131,128.762343
1.0,11,128.766877
1.0,27,128.777689
1.0,25,128.787703
0.0,253,128.88914
1.0,11,128.893599
1.0,23,128.90284
1.0,25,128.912808
0.0,65,128.938952
0.0,4,128.940563
0.0,12,128.945374
1.0,29,128.956962
0.0,56,128.97936
1.0,11,128.983834
1.0,23,128.993153
1.0,23,129.00234
0.0,155,129.064393
1.0,13,129.069601
1.0,29,129.081268
0.0,27,129.092119
0.0,9,129.095798
1.0,14,129.101471
1.0,25,129.111477
0.0,23,129.120703
0.0,94,129.158282
1.0,11,129.162699
1.0,25,129.172719
1.0,27,129.18353
0.0,14,129.189131
1.0,14,129.194831
0.0,21,129.203243
1.0,27,129.21405
0.0,46,129.232612
1.0,11,129.237032
1.0,24,129.246664
1.0,24,129.256314
0.0,558,129.48087
1.0,11,129.485298
1.0,24,129.494977
1.0,25,129.50502
0.0,888,129.86013
1.0,12,129.865206
1.0,25,129.875322
1.0,25,129.885337
0.0,71,129.913608
1.0,11,129.918013
0.0,16,129.924399
1.0,25,129.93439
0.0,498,130.133866
1.0,13,130.139108
1.0,25,130.149066
1.0,25,130.159035
0.0,66,130.185313
1.0,11,130.189761
1.0,25,130.199751
1.0,27,130.210508
0.0,33,130.223712
1.0,12,130.228506
1.0,24,130.238106
1.0,26,130.248509
0.0,321,130.376812
1.0,13,130.38202
0.0,14,130.387623
1.0,23,130.396839
0.0,204,130.478392
0.0,6,130.480849
1.0,23,130.490061
1.0,25,130.500131
0.0,439,130.67625
1.0,11,130.680673
0.0,16,130.687113
1.0,23,130.696307
0.0,17,130.703085
1.0,11,130.707514
1.0,25,130.71749
0.0,16,130.723869
0.0,964,131.108803
1.0,11,131.11329
1.0,27,131.124208
0.0,16,131.130615
0.0,4,131.132221
1.0,15,131.138195
1.0,28,131.149881
1.0,23,131.159096
0.0,134,131.21284
1.0,11,131.217247
1.0,24,131.226841
0.0,12,131.231675
0.0,7,131.234483
1.0,12,131.239341
0.0,6,131.241753
1.0,24,131.251369
0.0,36,131.265773
0.0,6,131.268188
1.0,25,131.278203
0.0,14,131.283818
0.0,27,131.294572
1.0,11,131.298967
1.0,26,131.309383
0.0,20,131.317438
0.0,198,131.397596
1.0,11,131.402007
1.0,28,131.413224
1.0,27,131.42402
0.0,331,131.556498
0.0,10,131.560504
1.0,24,131.57014
1.0,27,131.580988
0.0,123,131.630234
1.0,11,131.634646
1.0,25,131.644619
1.0,27,131.655455
0.0,99,131.695013
1.0,11,131.699428
1.0,26,131.709856
0.0,12,131.714664
0.0,1000,132.114511
1.0,11,132.118966
1.0,25,132.128978
1.0,27,132.1401
0.0,21,132.148955
1.0,11,132.153394
1.0,23,132.162732
1.0,27,132.173913
0.0,113,132.21927
1.0,11,132.223995
1.0,23,132.233206
1.0,25,132.243544
0.0,50,132.263467
1.0,12,132.268276
1.0,25,132.278319
0.0,14,132.283938
0.0,697,132.563729
1.0,13,132.568969
1.0,23,132.578172
1.0,27,132.58909
0.0,331,132.721497
1.0,11,132.725916
0.0,2,132.72672
1.0,29,132.738342
0.0,81,132.770848
1.0,12,132.775744
1.0,25,132.785789
1.0,23,132.795017
0.0,409,132.958822
1.0,14,132.964422
0.0,14,132.970265
1.0,28,132.981485
0.0,31,132.993874
1.0,13,132.999044
1.0,25,133.009013
1.0,25,133.019016
0.0,236,133.114798
1.0,11,133.11931
1.0,26,133.129987
1.0,31,133.142522
0.0,1000,133.548644
1.0,12,133.553528
1.0,29,133.565149
1.0,23,133.574361
0.0,93,133.611477
1.0,13,133.616703
0.0,4,133.618335
1.0,27,133.629102
0.0,532,133.841282
0.0,10,133.845339
1.0,25,133.85548
1.0,25,133.865575
0.0,326,133.997299
1.0,11,134.001721
1.0,23,134.011101
0.0,14,134.016791
0.0,88,134.052221
1.0,14,134.057834
1.0,23,134.06703
1.0,27,134.077864
0.0,4,134.079468
1.0,11,134.083945
1.0,31,134.096449
1.0,29,134.108153
0.0,575,134.339128
1.0,11,134.343543
1.0,25,134.35351
1.0,27,134.364316
0.0,221,134.453424
1.0,11,134.457838
1.0,25,134.46779
1.0,24,134.477373
0.0,934,134.848947
1.0,12,134.853911
0.0,8,134.857096
1.0,27,134.867973
0.0,61,134.892239
1.0,14,134.897823
1.0,25,134.907818
1.0,24,134.917383
0.0,145,134.975082
1.0,13,134.980271
0.0,8,134.983467
0.0,16,134.989835
0.0,106,135.032077
1.0,14,135.037664
1.0,23,135.047028
0.0,14,135.052589
0.0,134,135.105917
1.0,11,135.110359
1.0,24,135.119915
0.0,17,135.126672
0.0,66,135.153025
1.0,11,135.157436
0.0,4,135.159043
1.0,25,135.169046
0.0,705,135.450474
1.0,11,135.454886
1.0,23,135.464244
1.0,23,135.473474
0.0,46,135.491751
1.0,15,135.497786
1.0,24,135.50741
0.0,23,135.5166
0.0,70,135.544393
1.0,16,135.550846
1.0,25,135.560837
1.0,25,135.57082
0.0,715,135.855662
1.0,11,135.860075
1.0,23,135.869408
1.0,25,135.879466
0.0,141,135.935448
1.0,13,135.940632
1.0,29,135.952633
1.0,25,135.962634
0.0,197,136.041081
1.0,11,136.045731
1.0,29,136.057312
1.0,27,136.068438
0.0,58,136.091534
1.0,11,136.09593
1.0,23,136.105136
1.0,25,136.115215
0.0,239,136.211648
1.0,15,136.217631
0.0,21,136.22612
1.0,25,136.236082
0.0,244,136.333195
1.0,14,136.338801
0.0,6,136.341249
1.0,25,136.351258
0.0,640,136.607676
1.0,11,136.612109
1.0,25,136.622113
1.0,24,136.631691
0.0,29,136.643297
1.0,11,136.647846
0.0,6,136.650258
0.0,16,136.656653
0.0,400,136.816077
1.0,13,136.821304
1.0,29,136.833083
1.0,27,136.843902
0.0,211,136.928376
1.0,14,136.933973
1.0,24,136.943607
0.0,21,136.952047
0.0,542,137.169088
1.0,11,137.173557
1.0,23,137.182773
0.0,7,137.185608
0.0,19,137.193197
1.0,11,137.197606
1.0,23,137.206837
0.0,6,137.209268
0.0,83,137.242865
1.0,12,137.247705
1.0,29,137.259297
1.0,27,137.270075
0.0,8,137.273277
1.0,12,137.278085
1.0,26,137.288522
1.0,29,137.300074
0.0,57,137.322759
1.0,13,137.327947
1.0,23,137.33753
0.0,17,137.344332
0.0,64,137.370059
1.0,11,137.374494
1.0,23,137.383729
1.0,30,137.395694
0.0,467,137.583117
1.0,16,137.589565
1.0,23,137.59879
1.0,31,137.61125
0.0,237,137.706422
1.0,13,137.711638
1.0,25,137.721684
1.0,28,137.732875
0.0,369,137.88091
1.0,14,137.886508
1.0,25,137.896591
0.0,6,137.899025
0.0,191,137.975128
1.0,12,137.979971
0.0,19,137.987616
1.0,23,137.996898
0.0,66,138.023388
0.0,8,138.026606
1.0,27,138.037433
1.0,28,138.048907
0.0,356,138.191791
1.0,11,138.196216
0.0,18,138.203399
1.0,25,138.213371
0.0,88,138.248772
1.0,14,138.254359
1.0,26,138.264813
1.0,25,138.274812
0.0,4,138.276415
1.0,12,138.281227
1.0,28,138.292455
1.0,28,138.303646
0.0,85,138.337715
1.0,11,138.342275
0.0,30,138.354671
1.0,33,138.36799
0.0,57,138.390723
1.0,11,138.395148
1.0,26,138.405538
0.0,6,138.407933
0.0,456,138.590483
1.0,11,138.594969
1.0,25,138.605018
0.0,18,138.612227
0.0,38,138.627477
1.0,11,138.631884
1.0,27,138.642846
0.0,8,138.646096
0.0,98,138.685585
1.0,15,138.691562
1.0,25,138.701687
1.0,23,138.710883
0.0,226,138.801386
0.0,2,138.802196
1.0,24,138.811933
1.0,23,138.821274
0.0,196,138.900201
1.0,13,138.905492
1.0,25,138.915503
1.0,27,138.926397
0.0,2,138.927202
1.0,11,138.931603
1.0,32,138.944328
1.0,25,138.954533
0.0,58,138.978002
1.0,15,138.983985
1.0,23,138.993497
1.0,27,139.004372
0.0,214,139.090096
1.0,11,139.094508
1.0,23,139.103741
1.0,30,139.115793
0.0,109,139.159405
1.0,12,139.164216
1.0,25,139.174427
0.0,25,139.184386
0.0,290,139.300124
1.0,13,139.305323
1.0,25,139.315304
1.0,25,139.325277
0.0,205,139.408316
0.0,12,139.41312
1.0,24,139.422737
0.0,8,139.425948
0.0,86,139.460368
1.0,11,139.464781
1.0,25,139.474954
1.0,25,139.485014
0.0,30,139.497118
1.0,17,139.503928
1.0,27,139.515083
1.0,25,139.525112
0.0,12,139.529935
1.0,12,139.534749
0.0,4,139.536347
1.0,25,139.546504
0.0,237,139.64161
0.0,9,139.645245
1.0,23,139.654491
1.0,26,139.66497
0.0,150,139.725182
1.0,11,139.7296
1.0,25,139.739753
1.0,23,139.749009
0.0,445,139.927285
1.0,11,139.931772
0.0,8,139.93495
1.0,28,139.94614
0.0,145,140.004243
1.0,13,140.009489
1.0,25,140.019697
1.0,25,140.029702
0.0,238,140.125177
1.0,13,140.130418
1.0,27,140.14124
0.0,10,140.14526
0.0,64,140.171613
1.0,12,140.176466
0.0,17,140.183329
0.0,6,140.185849
0.0,166,140.252823
1.0,11,140.257241
1.0,23,140.266512
1.0,29,140.278153
0.0,437,140.453655
1.0,11,140.458163
0.0,4,140.459809
0.0,14,140.465401
0.0,72,140.494166
1.0,11,140.498625
1.0,23,140.507853
0.0,23,140.517073
0.0,266,140.624276
0.0,8,140.62751
1.0,30,140.639548
1.0,23,140.648795
0.0,231,140.741139
1.0,14,140.746773
1.0,27,140.757602
0.0,24,140.767342
0.0,48,140.786887
0.0,6,140.789304
0.0,8,140.792527
1.0,23,140.801769
0.0,553,141.023752
1.0,15,141.029823
1.0,24,141.039426
1.0,23,141.048638
0.0,85,141.08273
1.0,16,141.089139
1.0,30,141.101272
1.0,27,141.112193
0.0,166,141.178742
1.0,14,141.184357
0.0,21,141.192755
1.0,23,141.202163
0.0,483,141.396835
1.0,11,141.401315
1.0,25,141.41137
1.0,27,141.422196
0.0,156,141.485372
0.0,8,141.488595
1.0,30,141.500748
0.0,14,141.506345
0.0,229,141.598409
1.0,11,141.602921
0.0,8,141.606149
1.0,26,141.616549
0.0,202,141.697873
1.0,11,141.702313
0.0,9,141.705928
1.0,27,141.716789
0.0,29,141.728407
1.0,13,141.733611
1.0,23,141.742842
0.0,8,141.746092
0.0,31,141.758521
0.0,7,141.761336
1.0,25,141.771361
1.0,25,141.781373
0.0,62,141.806146
1.0,13,141.811375
1.0,27,141.822219
0.0,19,141.829845
0.0,178,141.901572
1.0,13,141.906809
1.0,29,141.918484
1.0,26,141.928944
0.0,24,141.938633
0.0,5,141.940646
1.0,29,141.952292
1.0,25,141.962433
0.0,172,142.031784
1.0,11,142.03622
0.0,8,142.03943
1.0,28,142.050744
0.0,126,142.101397
1.0,11,142.105853
1.0,27,142.116781
1.0,32,142.12967
0.0,137,142.18442
1.0,13,142.18967
1.0,27,142.200532
1.0,31,142.212971
0.0,141,142.270008
1.0,15,142.276075
1.0,25,142.286109
1.0,28,142.297326
0.0,370,142.445637
1.0,13,142.45085
1.0,25,142.460852
1.0,25,142.470904
0.0,364,142.617024
1.0,11,142.621473
1.0,28,142.632705
1.0,25,142.642733
0.0,135,142.6965
1.0,12,142.701323
1.0,23,142.710539
1.0,25,142.720565
0.0,1000,143.122002
1.0,12,143.126886
1.0,23,143.1361
1.0,25,143.146183
0.0,217,143.232952
1.0,11,143.237434
1.0,25,143.247533
1.0,23,143.256742
0.0,242,143.353513
1.0,13,143.358727
1.0,29,143.370505
1.0,27,143.381284
0.0,92,143.417794
1.0,11,143.422214
0.0,19,143.42986
1.0,26,143.440248
0.0,641,143.696804
1.0,11,143.701248
1.0,29,143.712894
0.0,6,143.715304
0.0,220,143.803906
1.0,11,143.808317
1.0,23,143.81753
1.0,25,143.827629
0.0,63,143.852838
1.0,13,143.858056
1.0,23,143.867447
0.0,19,143.875154
0.0,344,144.012712
1.0,16,144.019145
1.0,25,144.029172
1.0,27,144.039986
0.0,33,144.053245
1.0,11,144.057683
1.0,24,144.067282
0.0,17,144.074075
0.0,765,144.383819
1.0,11,144.388258
0.0,16,144.39537
1.0,25,144.405387
0.0,216,144.49143
1.0,13,144.496687
1.0,23,144.505965
0.0,6,144.508377
0.0,253,144.609357
1.0,11,144.613818
0.0,10,144.617893
1.0,26,144.628294
0.0,81,144.660622
0.0,2,144.661439
1.0,26,144.671886
1.0,23,144.681107
0.0,650,144.941068
1.0,14,144.946699
1.0,27,144.95757
0.0,14,144.963211
0.0,573,145.193722
1.0,11,145.198191
0.0,14,145.20385
1.0,25,145.213933
0.0,1000,145.617412
1.0,11,145.621908
1.0,29,145.633628
1.0,24,145.643467
0.0,91,145.680218
0.0,4,145.681862
1.0,23,145.691296
0.0,10,145.69536
0.0,82,145.728587
1.0,11,145.73307
0.0,16,145.739567
1.0,25,145.749693
0.0,216,145.837195
1.0,11,145.841665
1.0,25,145.851784
1.0,23,145.861116
0.0,38,145.876614
1.0,12,145.881481
1.0,28,145.892822
1.0,23,145.902395
0.0,119,145.950473
0.0,4,145.952109
0.0,8,145.955347
1.0,26,145.965943
0.0,264,146.072625
1.0,11,146.07709
1.0,26,146.087545
1.0,31,146.100132
0.0,25,146.11022
1.0,11,146.114688
0.0,12,146.119569
1.0,23,146.129099
0.0,501,146.331548
1.0,11,146.336002
1.0,33,146.349465
1.0,24,146.359209
0.0,10,146.363249
1.0,12,146.368161
1.0,26,146.378766
1.0,25,146.388827
0.0,435,146.564726
1.0,16,146.571161
1.0,27,146.582123
1.0,30,146.594285
0.0,107,146.637441
1.0,11,146.641902
1.0,25,146.651961
1.0,23,146.661329
0.0,85,146.695569
1.0,11,146.700082
1.0,23,146.709382
0.0,19,146.717057
0.0,32,146.729977
1.0,11,146.734549
1.0,27,146.745447
1.0,25,146.755524
0.0,184,146.829994
1.0,12,146.834847
0.0,8,146.838142
1.0,23,146.847483
0.0,954,147.233391
1.0,11,147.238072
1.0,27,147.248945
0.0,20,147.256965
0.0,230,147.349653
1.0,13,147.354873
1.0,27,147.365713
1.0,27,147.376727
0.0,165,147.443187
1.0,13,147.448422
1.0,28,147.459684
0.0,18,147.466932
0.0,378,147.618351
1.0,13,147.623602
0.0,13,147.6288
1.0,25,147.638912
0.0,253,147.739928
1.0,11,147.744348
1.0,23,147.753626
1.0,25,147.763665
0.0,54,147.785353
1.0,13,147.79058
1.0,31,147.803034
1.0,30,147.815203
0.0,108,147.858758
1.0,11,147.863193
1.0,27,147.874217
1.0,25,147.884261
0.0,447,148.064793
1.0,11,148.069256
1.0,23,148.078572
1.0,23,148.087824
0.0,189,148.16398
1.0,11,148.168445
1.0,29,148.180124
1.0,23,148.189332
0.0,41,148.2058
1.0,13,148.211359
1.0,27,148.222772
1.0,25,148.232872
0.0,49,148.253103
1.0,13,148.258381
1.0,27,148.269192
1.0,24,148.27889
0.0,505,148.482222
1.0,14,148.487863
1.0,27,148.498795
1.0,25,148.508882
0.0,237,148.604986
1.0,14,148.610677
1.0,24,148.62036
1.0,24,148.630163
0.0,59,148.653741
1.0,15,148.65977
1.0,28,148.671067
1.0,23,148.680434
0.0,96,148.719276
0.0,2,148.720096
1.0,23,148.729354
1.0,28,148.740593
0.0,77,148.771326
1.0,11,148.775886
1.0,27,148.786714
1.0,26,148.797204
0.0,137,148.852099
1.0,12,148.856987
0.0,14,148.862647
1.0,24,148.872516
0.0,37,148.887397
1.0,13,148.892718
1.0,27,148.903557
1.0,23,148.912832
0.0,139,148.970201
1.0,11,148.974654
0.0,19,148.982389
1.0,25,148.992538
0.0,178,149.063913
1.0,11,149.068354
1.0,27,149.079309
1.0,29,149.091047
0.0,43,149.108438
1.0,11,149.112884
0.0,22,149.121825
1.0,26,149.132313
0.0,153,149.194187
0.0,9,149.197841
1.0,25,149.207921
1.0,24,149.217614
0.0,364,149.364326
1.0,13,149.369631
1.0,24,149.379706
1.0,25,149.389781
0.0,132,149.44293
1.0,11,149.447377
1.0,29,149.459121
0.0,6,149.461544
0.0,40,149.477648
1.0,11,149.482233
1.0,27,149.493491
1.0,32,149.506449
0.0,66,149.533017
1.0,11,149.537474
1.0,25,149.547516
1.0,23,149.556854
0.0,733,149.852037
1.0,13,149.857268
1.0,25,149.867313
1.0,28,149.878723
0.0,23,149.887925
1.0,11,149.892357
1.0,23,149.901685
0.0,24,149.911376
0.0,61,149.935845
1.0,12,149.940709
1.0,27,149.951677
1.0,23,149.960924
0.0,467,150.148679
1.0,13,150.153915
1.0,29,150.165564
0.0,21,150.174076
0.0,29,150.185642
0.0,8,150.188842
1.0,26,150.199255
1.0,23,150.208491
0.0,115,150.254483
1.0,13,150.259745
1.0,23,150.268994
1.0,26,150.279559
0.0,499,150.479816
1.0,11,150.484246
0.0,14,150.489837
1.0,23,150.499099
0.0,674,150.768516
1.0,13,150.773733
1.0,23,150.783052
1.0,26,150.793469
0.0,719,151.082802
1.0,13,151.088028
0.0,4,151.089638
1.0,25,151.09966
0.0,396,151.258304
1.0,14,151.263931
1.0,29,151.275599
1.0,23,151.284863
0.0,83,151.318588
1.0,11,151.323003
1.0,28,151.334183
0.0,6,151.336643
0.0,8,151.339842
1.0,11,151.34424
1.0,23,151.353587
0.0,22,151.362381
0.0,632,151.615513
0.0,8,151.618738
1.0,25,151.628758
1.0,23,151.637964
0.0,122,151.686512
1.0,11,151.69093
1.0,24,151.70053
1.0,34,151.714064
0.0,335,151.848107
1.0,11,151.852536
1.0,26,151.862952
1.0,23,151.872303
0.0,269,151.980374
1.0,12,151.98519
1.0,29,151.996957
1.0,23,152.006209
0.0,106,152.048674
1.0,11,152.053103
1.0,24,152.062722
1.0,25,152.072858
0.0,37,152.087647
1.0,11,152.092073
1.0,24,152.101911
0.0,4,152.103516
0.0,137,152.158294
1.0,14,152.163901
1.0,23,152.173119
1.0,27,152.184021
0.0,33,152.197175
1.0,14,152.202765
1.0,25,152.212949
0.0,18,152.220226
0.0,63,152.246694
1.0,12,152.251533
1.0,28,152.262988
1.0,29,152.274955
0.0,165,152.340696
1.0,13,152.345994
1.0,25,152.356061
1.0,25,152.36618
0.0,210,152.450067
1.0,12,152.454896
0.0,19,152.462532
1.0,27,152.473357
0.0,37,152.488283
1.0,12,152.493107
1.0,23,152.50238
1.0,23,152.511594
0.0,224,152.601922
1.0,12,152.60672
1.0,25,152.616747
1.0,25,152.626782
0.0,49,152.646423
1.0,13,152.651747
1.0,25,152.661814
1.0,28,152.673139
0.0,334,152.806462
1.0,13,152.811673
1.0,30,152.823797
1.0,24,152.8334
0.0,159,152.897506
1.0,12,152.902311
1.0,25,152.912323
1.0,25,152.922323
0.0,53,152.943533
1.0,11,152.947963
1.0,24,152.957662
1.0,23,152.966903
0.0,131,153.019482
1.0,11,153.02391
1.0,33,153.037158
1.0,25,153.047269
0.0,154,153.109292
1.0,14,153.114899
1.0,31,153.127442
1.0,25,153.137449
0.0,281,153.249644
1.0,11,153.254117
1.0,23,153.263328
0.0,17,153.270153
0.0,35,153.284233
1.0,15,153.290251
1.0,27,153.301072
0.0,16,153.307508
0.0,193,153.384721
0.0,4,153.386352
1.0,28,153.397646
1.0,23,153.406863
0.0,254,153.509323
0.0,7,153.512212
1.0,25,153.522294
1.0,25,153.532339
0.0,134,153.586199
1.0,11,153.590633
1.0,27,153.601467
1.0,25,153.61156
0.0,47,153.630368
1.0,13,153.635595
1.0,27,153.646409
1.0,26,153.657051
0.0,50,153.677094
1.0,15,153.683132
1.0,27,153.694158
1.0,26,153.704604
0.0,84,153.738384
1.0,15,153.744432
1.0,30,153.756485
1.0,32,153.769464
0.0,510,153.975416
0.0,12,153.980252
1.0,28,153.991562
0.0,22,154.000513
0.0,418,154.167992
1.0,13,154.173236
1.0,25,154.183392
1.0,30,154.195445
0.0,68,154.22269
1.0,12,154.227508
1.0,28,154.238767
0.0,7,154.241585
0.0,212,154.326459
1.0,13,154.331674
1.0,27,154.342587
0.0,4,154.344192
0.0,398,154.504327
1.0,13,154.509562
1.0,27,154.520378
1.0,28,154.531733
0.0,220,154.620249
1.0,11,154.624687
1.0,30,154.636812
0.0,17,154.643667
0.0,166,154.710878
0.0,6,154.713305
1.0,27,154.72416
1.0,25,154.734227
0.0,208,154.817894
1.0,11,154.822345
1.0,27,154.833254
1.0,25,154.843282
0.0,104,154.885463
1.0,13,154.890674
1.0,25,154.900792
1.0,25,154.910796
0.0,43,154.927999
1.0,11,154.932426
1.0,25,154.942514
0.0,6,154.94491
0.0,150,155.004894
0.0,2,155.005718
1.0,28,155.01698
0.0,14,155.022606
0.0,941,155.399216
1.0,11,155.403707
1.0,28,155.41495
1.0,29,155.426681
0.0,44,155.444212
1.0,13,155.449574
1.0,23,155.458785
1.0,27,155.469854
0.0,480,155.66245
1.0,11,155.666878
1.0,25,155.676888
1.0,23,155.686197
0.0,367,155.833714
1.0,11,155.838149
0.0,17,155.84509
1.0,25,155.855492
0.0,81,155.888144
1.0,11,155.892572
0.0,6,155.894997
1.0,25,155.904995
0.0,86,155.939505
1.0,11,155.94392
0.0,14,155.949541
1.0,25,155.959792
0.0,335,156.093989
1.0,12,156.098934
1.0,25,156.108982
0.0,19,156.116679
0.0,431,156.290766
1.0,13,156.296023
1.0,29,156.307739
0.0,6,156.310167
0.0,31,156.322582
1.0,12,156.327408
0.0,11,156.331884
1.0,25,156.342003
0.0,108,156.38521
1.0,13,156.390444
1.0,25,156.400496
0.0,4,156.402116
0.0,105,156.444173
1.0,11,156.448595
1.0,25,156.459106
1.0,27,156.469941
0.0,4,156.471554
1.0,13,156.476799
1.0,25,156.487097
0.0,19,156.494717
0.0,29,156.506323
1.0,15,156.512347
1.0,25,156.522394
0.0,4,156.524009
0.0,67,156.551041
1.0,11,156.555451
1.0,24,156.565115
1.0,25,156.575197
0.0,379,156.726888
1.0,15,156.732911
1.0,23,156.742141
1.0,29,156.753859
0.0,87,156.788677
1.0,11,156.793201
1.0,25,156.803263
1.0,27,156.814106
0.0,33,156.827344
1.0,13,156.832573
1.0,25,156.842616
1.0,27,156.853509
0.0,236,156.948761
1.0,11,156.953181
1.0,27,156.964044
1.0,23,156.973292
0.0,32,156.986177
1.0,11,156.990609
1.0,27,157.001721
1.0,25,157.011765
0.0,401,157.172887
1.0,12,157.177709
1.0,23,157.186951
1.0,27,157.198082
0.0,67,157.225676
1.0,11,157.230098
0.0,22,157.23921
1.0,23,157.248502
0.0,167,157.316068
1.0,11,157.320691
0.0,8,157.323911
1.0,25,157.333958
0.0,129,157.385764
1.0,11,157.390189
1.0,24,157.400019
1.0,27,157.410841
0.0,226,157.501465
1.0,11,157.505897
1.0,35,157.520128
1.0,27,157.530978
0.0,118,157.578178
1.0,13,157.58346
1.0,27,157.594318
0.0,19,157.601971
0.0,158,157.665942
1.0,11,157.670371
1.0,25,157.680395
1.0,31,157.692886
0.0,233,157.786376
1.0,11,157.790816
1.0,28,157.802151
1.0,25,157.812313
0.0,89,157.848152
1.0,13,157.853378
1.0,28,157.864636
1.0,30,157.876807
0.0,203,157.95816
1.0,12,157.963101
1.0,23,157.97235
1.0,23,157.981764
0.0,118,158.028955
1.0,11,158.033377
0.0,4,158.034981
0.0,9,158.038666
0.0,78,158.070065
1.0,12,158.074923
1.0,29,158.086617
1.0,25,158.096626
0.0,100,158.136622
1.0,11,158.141049
1.0,24,158.150739
0.0,12,158.155567
0.0,256,158.258449
1.0,12,158.263306
1.0,23,158.272619
1.0,25,158.282724
0.0,40,158.298719
1.0,17,158.305582
1.0,23,158.314791
1.0,29,158.326399
0.0,75,158.356413
1.0,15,158.362559
1.0,23,158.371826
0.0,14,158.377468
0.0,252,158.478708
1.0,11,158.483137
1.0,27,158.49409
1.0,29,158.505821
0.0,128,158.557112
1.0,16,158.563509
1.0,23,158.572833
0.0,4,158.574443
0.0,153,158.635446
1.0,11,158.639875
1.0,25,158.650056
0.0,21,158.658469
0.0,105,158.700636
1.0,11,158.705059
0.0,4,158.70668
1.0,25,158.71685
0.0,132,158.769953
0.0,2,158.770767
1.0,23,158.780005
0.0,6,158.782412
0.0,173,158.851838
1.0,15,158.858205
1.0,24,158.867871
1.0,25,158.878127
0.0,152,158.939311
1.0,11,158.943719
1.0,23,158.953085
0.0,6,158.955498
0.0,533,159.168852
1.0,11,159.173332
0.0,12,159.178192
1.0,25,159.188199
0.0,129,159.239962
0.0,10,159.243979
1.0,23,159.253292
1.0,23,159.26252
0.0,190,159.338651
0.0,9,159.342281
0.0,19,159.34992
1.0,29,159.361799
0.0,440,159.539401
0.0,9,159.543045
0.0,11,159.547467
0.0,8,159.550796
0.0,10,159.55479
1.0,12,159.559592
1.0,23,159.568827
0.0,6,159.571243
0.0,36,159.585582
0.0,6,159.588179
1.0,23,159.597409
0.0,20,159.605406
0.0,37,159.620121
1.0,12,159.625049
1.0,27,159.635828
0.0,22,159.644611
0.0,43,159.661989
1.0,13,159.66729
0.0,13,159.672492
1.0,25,159.682499
0.0,65,159.708571
1.0,11,159.712988
1.0,25,159.72299
1.0,23,159.732342
0.0,218,159.81942
1.0,13,159.824656
0.0,14,159.830273
1.0,24,159.839896
0.0,117,159.887428
1.0,11,159.891963
1.0,25,159.90201
1.0,32,159.914821
0.0,27,159.925833
1.0,12,159.930698
1.0,24,159.940315
1.0,23,159.949537
0.0,340,160.086791
1.0,11,160.091214
1.0,27,160.102166
1.0,23,160.111383
0.0,954,160.495174
1.0,12,160.500073
1.0,27,160.510891
1.0,27,160.52168
0.0,381,160.674804
1.0,13,160.68002
1.0,23,160.689252
1.0,26,160.699672
0.0,432,160.87273
1.0,11,160.877172
1.0,25,160.887201
1.0,23,160.896404
0.0,280,161.007918
1.0,13,161.013124
1.0,29,161.024782
0.0,18,161.031971
0.0,117,161.078685
1.0,11,161.083094
1.0,23,161.092298
1.0,24,161.102054
0.0,8,161.105251
0.0,4,161.106894
1.0,29,161.118561
1.0,25,161.128571
0.0,273,161.237925
1.0,11,161.242341
1.0,29,161.254126
0.0,9,161.257735
0.0,417,161.424864
1.0,11,161.429281
1.0,26,161.439733
1.0,25,161.449719
0.0,828,161.78131
1.0,13,161.786534
1.0,25,161.796516
1.0,25,161.806518
0.0,304,161.928121
1.0,11,161.932565
1.0,27,161.943393
1.0,26,161.953803
0.0,293,162.070703
1.0,11,162.075125
1.0,23,162.084357
1.0,27,162.095341
0.0,667,162.362733
1.0,11,162.367155
1.0,27,162.378036
1.0,23,162.387254
0.0,188,162.462234
1.0,11,162.466938
1.0,36,162.481313
1.0,33,162.494677
0.0,317,162.620824
1.0,14,162.626427
1.0,24,162.63605
0.0,18,162.643239
0.0,785,162.958203
1.0,13,162.963429
0.0,9,162.967034
0.0,18,162.974234
0.0,160,163.038333
1.0,13,163.043547
1.0,23,163.052781
1.0,24,163.062402
0.0,357,163.206332
1.0,11,163.210772
1.0,25,163.220832
1.0,30,163.233041
0.0,423,163.402839
1.0,19,163.410635
1.0,26,163.421069
1.0,29,163.432713
0.0,371,163.58133
1.0,13,163.586647
1.0,26,163.597166
1.0,23,163.606397
0.0,310,163.730683
1.0,11,163.735112
0.0,4,163.736711
1.0,29,163.748391
0.0,262,163.852966
1.0,11,163.857384
1.0,23,163.866765
0.0,8,163.869986
0.0,286,163.984352
1.0,13,163.989582
1.0,28,164.000839
1.0,28,164.012105
0.0,218,164.099943
1.0,12,164.104775
1.0,24,164.114414
1.0,23,164.123672
0.0,55,164.145689
1.0,13,164.150906
1.0,29,164.162569
1.0,25,164.172585
0.0,107,164.215574
1.0,13,164.220814
1.0,23,164.230291
1.0,25,164.241061
0.0,558,164.466897
1.0,15,164.472964
1.0,23,164.482135
1.0,23,164.49133
0.0,133,164.544844
1.0,13,164.550052
0.0,21,164.55844
1.0,23,164.567634
0.0,307,164.690808
1.0,12,164.695683
0.0,17,164.70251
1.0,32,164.715277
0.0,323,164.844722
1.0,13,164.849946
1.0,25,164.860101
1.0,26,164.870482
0.0,218,164.958731
1.0,12,164.963554
1.0,32,164.976336
1.0,23,164.985546
0.0,50,165.005621
1.0,13,165.010847
1.0,27,165.021685
1.0,25,165.031792
0.0,314,165.157616
1.0,11,165.162046
1.0,28,165.173251
1.0,24,165.183081
0.0,19,165.190685
0.0,8,165.193914
1.0,25,165.203948
1.0,28,165.215175
0.0,261,165.320101
1.0,11,165.324518
0.0,17,165.331326
1.0,25,165.341424
0.0,99,165.381234
1.0,14,165.386865
0.0,4,165.388476
1.0,28,165.399704
0.0,23,165.409151
0.0,4,165.410768
1.0,26,165.421173
1.0,31,165.433745
0.0,159,165.49737
1.0,12,165.502641
1.0,26,165.513188
1.0,23,165.522465
0.0,264,165.628248
1.0,11,165.633374
0.0,18,165.640673
1.0,27,165.651493
0.0,492,165.84893
1.0,12,165.853755
1.0,25,165.863906
0.0,6,165.866518
0.0,168,165.933984
1.0,11,165.938482
1.0,29,165.95013
1.0,25,165.960138
0.0,91,165.996399
1.0,12,166.001292
1.0,27,166.012118
1.0,23,166.021444
0.0,135,166.0756
1.0,11,166.080021
1.0,25,166.090149
1.0,25,166.100379
0.0,150,166.160892
0.0,11,166.165415
1.0,23,166.17474
1.0,26,166.185144
0.0,81,166.217569
1.0,11,166.221978
1.0,25,166.231965
1.0,23,166.241254
0.0,287,166.356249
0.0,4,166.357866
1.0,25,166.367881
0.0,20,166.375973
0.0,117,166.422852
1.0,13,166.428101
1.0,24,166.437778
1.0,23,166.447002
0.0,36,166.461455
1.0,13,166.466754
1.0,24,166.476342
1.0,30,166.488363
0.0,156,166.551066
1.0,11,166.555491
0.0,19,166.563122
1.0,31,166.575534
0.0,359,166.719234
1.0,11,166.723696
0.0,14,166.729482
1.0,24,166.739179
0.0,118,166.786534
1.0,12,166.791378
1.0,25,166.801373
1.0,24,166.811107
0.0,19,166.818693
1.0,14,166.824329
1.0,25,166.834353
1.0,23,166.843551
0.0,182,166.91683
1.0,15,166.922865
1.0,29,166.934478
1.0,27,166.945293
0.0,244,167.042787
1.0,16,167.049179
0.0,6,167.051586
1.0,32,167.064341
0.0,176,167.134673
1.0,11,167.139087
0.0,22,167.147941
1.0,28,167.159111
0.0,110,167.203109
0.0,8,167.206356
1.0,27,167.217167
1.0,25,167.227515
0.0,315,167.353707
1.0,13,167.358932
1.0,25,167.369179
0.0,17,167.376108
0.0,74,167.405757
1.0,13,167.411068
1.0,26,167.421453
1.0,31,167.433836
0.0,43,167.451069
1.0,14,167.45667
1.0,23,167.465926
1.0,31,167.478351
0.0,4,167.479983
1.0,11,167.484399
1.0,26,167.494898
1.0,24,167.504571
0.0,23,167.5138
1.0,13,167.519002
1.0,29,167.530687
0.0,6,167.533091
0.0,128,167.584201
1.0,11,167.588613
0.0,26,167.599
1.0,23,167.608233
0.0,65,167.634177
1.0,15,167.640358
1.0,25,167.650358
1.0,25,167.660403
0.0,185,167.734289
1.0,11,167.738712
1.0,32,167.751631
1.0,24,167.761239
0.0,12,167.766068
1.0,11,167.770502
1.0,23,167.77974
1.0,25,167.790004
0.0,415,167.956374
1.0,14,167.961991
1.0,23,167.971224
1.0,26,167.981694
0.0,112,168.026578
1.0,11,168.031003
1.0,25,168.041047
1.0,32,168.053941
0.0,356,168.196424
1.0,13,168.20167
1.0,25,168.211806
1.0,24,168.221453
0.0,95,168.259421
1.0,11,168.263849
0.0,14,168.269461
1.0,23,168.278689
0.0,18,168.286017
1.0,11,168.290431
1.0,24,168.300044
1.0,33,168.313459
0.0,619,168.561531
1.0,11,168.565953
1.0,27,168.576725
1.0,24,168.586614
0.0,87,168.621419
1.0,11,168.62581
1.0,29,168.637398
1.0,23,168.646593
0.0,72,168.675487
1.0,11,168.679903
0.0,21,168.688353
1.0,27,168.69923
0.0,270,168.807163
0.0,9,168.810908
1.0,24,168.820516
0.0,8,168.82374
0.0,120,168.872459
1.0,13,168.877817
0.0,20,168.885871
1.0,31,168.898321
0.0,531,169.11135
1.0,11,169.115917
0.0,8,169.119127
1.0,25,169.129117
0.0,112,169.173835
1.0,11,169.178266
1.0,27,169.18919
1.0,23,169.198461
0.0,38,169.213622
1.0,11,169.218044
0.0,21,169.22669
1.0,33,169.239882
0.0,257,169.3432
1.0,13,169.348416
1.0,25,169.35848
1.0,24,169.368106
0.0,363,169.514415
1.0,13,169.519663
1.0,24,169.529428
1.0,23,169.5387
0.0,1000,169.940669
1.0,11,169.945351
0.0,6,169.94777
1.0,24,169.957414
0.0,152,170.018317
1.0,11,170.022909
1.0,33,170.036145
1.0,27,170.046964
0.0,117,170.094016
1.0,13,170.099355
1.0,24,170.109004
1.0,24,170.118676
0.0,375,170.268907
1.0,11,170.273489
1.0,28,170.284707
0.0,17,170.291651
0.0,311,170.417202
1.0,11,170.421628
1.0,23,170.430866
1.0,27,170.441802
0.0,349,170.581632
1.0,15,170.587652
1.0,31,170.600212
0.0,24,170.609782
0.0,120,170.657752
1.0,15,170.663887
1.0,27,170.674694
0.0,18,170.681919
0.0,154,170.743479
1.0,11,170.747895
1.0,29,170.759646
1.0,29,170.771298
0.0,161,170.835996
1.0,15,170.842025
1.0,23,170.851254
0.0,12,170.856193
0.0,16,170.862638
1.0,15,170.868656
1.0,25,170.878897
1.0,25,170.888917
0.0,10,170.893029
1.0,11,170.897459
1.0,25,170.907514
1.0,30,170.919796
0.0,972,171.308861
0.0,4,171.310489
0.0,6,171.312886
1.0,25,171.322882
0.0,358,171.466349
0.0,2,171.467169
1.0,26,171.477692
0.0,12,171.482536
0.0,38,171.497804
1.0,13,171.503096
1.0,23,171.512513
1.0,25,171.522624
0.0,932,171.895765
1.0,11,171.900208
1.0,25,171.910223
1.0,23,171.919518
0.0,48,171.938584
1.0,12,171.943389
0.0,22,171.952295
1.0,27,171.963097
0.0,414,172.129001
1.0,11,172.13343
1.0,27,172.144376
1.0,23,172.153687
0.0,29,172.165272
0.0,9,172.168904
1.0,26,172.179454
1.0,27,172.190263
0.0,371,172.339752
0.0,9,172.343389
1.0,27,172.354455
0.0,9,172.358066
0.0,46,172.376604
1.0,12,172.381407
0.0,21,172.389859
1.0,28,172.401053
0.0,34,172.414703
1.0,13,172.419907
1.0,44,172.437515
1.0,27,172.448426
0.0,66,172.474758
1.0,11,172.479183
1.0,24,172.488902
1.0,25,172.498901
0.0,456,172.681993
1.0,12,172.686817
1.0,25,172.696828
1.0,27,172.707756
0.0,14,172.713389
1.0,11,172.717988
1.0,27,172.728851
0.0,6,172.731264
0.0,289,172.846928
1.0,15,172.852926
1.0,25,172.863061
0.0,14,172.868708
0.0,375,173.019499
1.0,16,173.025948
1.0,23,173.035188
1.0,26,173.045623
0.0,4,173.047339
1.0,11,173.051825
1.0,28,173.063081
1.0,27,173.073937
0.0,163,173.139178
1.0,22,173.14796
1.0,26,173.158401
1.0,28,173.169693
0.0,692,173.447829
1.0,11,173.452271
1.0,29,173.464001
1.0,24,173.473624
0.0,358,173.617101
1.0,13,173.622337
1.0,33,173.635535
1.0,23,173.644773
0.0,79,173.676391
0.0,9,173.68003
1.0,27,173.691067
1.0,25,173.701117
0.0,149,173.760806
1.0,11,173.765233
0.0,18,173.772591
0.0,14,173.778233
0.0,366,173.924872
1.0,11,173.929298
1.0,24,173.938907
1.0,23,173.948129
0.0,168,174.016038
1.0,11,174.020454
1.0,23,174.029715
1.0,24,174.039454
0.0,177,174.110343
1.0,12,174.115176
1.0,24,174.124803
1.0,27,174.135633
0.0,162,174.200268
1.0,11,174.204691
0.0,17,174.211525
1.0,25,174.221664
0.0,91,174.258128
1.0,11,174.262547
1.0,25,174.27259
0.0,10,174.276615
0.0,309,174.40119
1.0,11,174.405639
0.0,14,174.41136
1.0,23,174.420604
0.0,96,174.45898
1.0,11,174.463418
1.0,23,174.472647
1.0,24,174.482287
0.0,182,174.555712
1.0,14,174.561454
1.0,23,174.570711
1.0,26,174.581165
0.0,117,174.627969
1.0,11,174.632392
1.0,25,174.642539
0.0,14,174.648155
0.0,1000,175.049459
1.0,11,175.05402
1.0,25,175.064065
1.0,31,175.076457
0.0,176,175.146888
1.0,11,175.151315
0.0,14,175.156955
1.0,27,175.167866
0.0,194,175.245281
1.0,13,175.250502
1.0,23,175.259716
1.0,29,175.271315
0.0,62,175.296095
1.0,15,175.302146
1.0,23,175.311342
1.0,28,175.322622
0.0,126,175.372954
0.0,2,175.37377
1.0,23,175.383111
1.0,25,175.393238
0.0,50,175.413269
1.0,13,175.418466
1.0,25,175.428502
0.0,4,175.430199
0.0,183,175.503354
1.0,13,175.508686
1.0,25,175.51871
0.0,19,175.526353
0.0,56,175.548743
1.0,13,175.553978
1.0,26,175.564434
1.0,23,175.573675
0.0,902,175.934918
1.0,13,175.940145
1.0,23,175.949402
1.0,26,175.959936
0.0,88,175.995085
1.0,13,176.00037
0.0,17,176.00728
1.0,25,176.017302
0.0,190,176.093261
1.0,13,176.098487
0.0,8,176.101705
1.0,25,176.111836
0.0,55,176.133734
1.0,13,176.138951
0.0,4,176.140573
1.0,29,176.152261
0.0,42,176.169011
1.0,11,176.173445
1.0,23,176.182699
1.0,25,176.192836
0.0,132,176.245533
1.0,11,176.249951
1.0,23,176.259162
1.0,25,176.269256
0.0,54,176.290662
1.0,11,176.295089
1.0,25,176.305232
0.0,6,176.307624
0.0,88,176.34305
1.0,13,176.34852
1.0,28,176.359849
1.0,25,176.37
0.0,245,176.46894
0.0,9,176.472588
1.0,23,176.481884
0.0,8,176.485101
0.0,232,176.578004
1.0,11,176.582507
1.0,27,176.593443
1.0,27,176.604447
0.0,73,176.633582
0.0,4,176.635177
1.0,23,176.644495
1.0,29,176.656094
0.0,103,176.697279
1.0,13,176.70253
1.0,23,176.711748
1.0,25,176.721874
0.0,52,176.742529
1.0,11,176.746955
1.0,27,176.757948
1.0,30,176.769928
0.0,286,176.884362
0.0,4,176.885986
1.0,26,176.896431
0.0,21,176.904863
0.0,15,176.91098
1.0,13,176.916196
1.0,28,176.927379
1.0,30,176.939398
0.0,34,176.953323
1.0,12,176.958221
0.0,8,176.961436
1.0,27,176.972279
0.0,65,176.998221
1.0,11,177.002634
1.0,23,177.011926
0.0,13,177.017133
0.0,115,177.063078
1.0,11,177.067522
1.0,27,177.078331
1.0,27,177.089143
0.0,508,177.293199
1.0,13,177.298433
1.0,23,177.307633
1.0,24,177.317256
0.0,14,177.322952
1.0,11,177.327396
1.0,25,177.337439
1.0,27,177.348247
0.0,108,177.39159
1.0,14,177.397391
1.0,29,177.408998
1.0,25,177.419024
0.0,488,177.615346
1.0,14,177.620982
1.0,23,177.630322
1.0,25,177.640399
0.0,350,177.780925
1.0,11,177.785363
1.0,26,177.795791
1.0,25,177.805842
0.0,59,177.829435
1.0,20,177.837433
0.0,6,177.839852
0.0,7,177.842656
0.0,371,177.991127
1.0,11,177.995568
0.0,23,178.00498
1.0,28,178.016187
0.0,232,178.108792
1.0,18,178.116109
1.0,26,178.126561
1.0,33,178.139733
0.0,114,178.18566
0.0,4,178.187279
1.0,24,178.197029
0.0,13,178.202252
0.0,191,178.278705
1.0,11,178.283137
1.0,25,178.293164
1.0,26,178.303635
0.0,180,178.375679
1.0,11,178.380188
1.0,28,178.391444
1.0,25,178.401471
0.0,414,178.567249
1.0,12,178.572157
1.0,25,178.582211
1.0,27,178.593088
0.0,37,178.608013
1.0,11,178.612453
1.0,24,178.622094
1.0,29,178.633722
0.0,9,178.637348
1.0,14,178.64298
1.0,25,178.653122
1.0,28,178.66434
0.0,124,178.714065
1.0,11,178.718486
1.0,32,178.731332
1.0,25,178.741324
0.0,286,178.856197
1.0,11,178.860639
0.0,11,178.865052
1.0,28,178.876563
0.0,54,178.898108
1.0,11,178.902534
1.0,23,178.911909
1.0,25,178.921931
0.0,60,178.94588
1.0,13,178.951227
1.0,26,178.961672
1.0,28,178.972877
0.0,267,179.079928
1.0,11,179.084367
0.0,14,179.089988
1.0,25,179.100067
0.0,551,179.320642
0.0,2,179.321467
1.0,23,179.330722
1.0,25,179.340718
0.0,92,179.37815
1.0,13,179.383857
0.0,14,179.38955
0.0,4,179.391168
0.0,103,179.432657
1.0,11,179.437073
1.0,25,179.447145
1.0,30,179.459122
0.0,119,179.506542
0.0,9,179.510173
1.0,26,179.520655
1.0,24,179.530252
0.0,59,179.553868
1.0,13,179.559109
1.0,25,179.5691
1.0,26,179.57951
0.0,483,179.7724
1.0,11,179.776823
1.0,27,179.787664
1.0,33,179.800897
0.0,168,179.868011
1.0,11,179.872512
1.0,30,179.884631
1.0,25,179.894744
0.0,55,179.91673
1.0,11,179.921154
1.0,26,179.931629
0.0,19,179.939228
0.0,395,180.097561
1.0,13,180.102812
0.0,19,180.110444
0.0,6,180.112858
0.0,198,180.192271
1.0,11,180.196774
0.0,14,180.202443
1.0,28,180.213696
0.0,128,180.264992
0.0,7,180.267831
1.0,27,180.278728
1.0,27,180.289595
0.0,247,180.389499
1.0,13,180.39472
1.0,25,180.404748
1.0,31,180.417304
0.0,27,180.428221
1.0,16,180.434705
1.0,23,180.44399
1.0,24,180.453637
0.0,252,180.555125
0.0,6,180.557589
1.0,25,180.567649
1.0,23,180.577005
0.0,213,180.662694
1.0,16,180.66913
1.0,25,180.679188
1.0,23,180.688464
0.0,37,180.7033
1.0,12,180.708127
1.0,28,180.719361
1.0,27,180.730295
0.0,354,180.872415
1.0,11,180.877109
1.0,29,180.889118
1.0,30,180.901134
0.0,256,181.003215
1.0,13,181.008489
1.0,27,181.019251
1.0,23,181.02852
0.0,132,181.081118
1.0,11,181.085556
1.0,23,181.095504
1.0,23,181.105114
0.0,142,181.162215
1.0,11,181.166642
1.0,23,181.175941
1.0,24,181.185642
0.0,375,181.33615
1.0,13,181.341383
1.0,30,181.353397
0.0,12,181.35823
0.0,214,181.443816
1.0,11,181.448231
1.0,27,181.45904
1.0,25,181.469018
0.0,416,181.635576
0.0,2,181.636392
0.0,4,181.638003
1.0,24,181.64755
0.0,73,181.676716
1.0,13,181.68193
1.0,27,181.69272
1.0,23,181.701914
0.0,425,181.871736
1.0,15,181.877916
1.0,25,181.887904
1.0,26,181.898396
0.0,163,181.963436
1.0,11,181.967858
1.0,27,181.978758
1.0,25,181.988704
0.0,51,182.009035
1.0,11,182.013451
1.0,24,182.023065
1.0,25,182.033037
0.0,2,182.033847
1.0,12,182.03865
1.0,28,182.04994
1.0,26,182.060404
0.0,546,182.277822
0.0,2,182.278638
1.0,27,182.289413
1.0,28,182.300592
0.0,22,182.31007
1.0,11,182.314554
1.0,33,182.327754
1.0,29,182.339369
0.0,27,182.350174
1.0,12,182.354975
1.0,26,182.365597
1.0,24,182.375199
0.0,4,182.37687
0.0,6,182.379434
1.0,27,182.390566
1.0,25,182.400613
0.0,469,182.587718
0.0,9,182.591348
0.0,6,182.593748
1.0,28,182.604902
0.0,188,182.679743
0.0,4,182.681359
1.0,25,182.691427
1.0,25,182.701425
0.0,45,182.71929
1.0,12,182.724088
1.0,30,182.736192
1.0,26,182.746624
0.0,65,182.772459
1.0,12,182.77726
1.0,36,182.791636
1.0,30,182.803694
0.0,134,182.856998
1.0,12,182.861814
0.0,12,182.866632
0.0,19,182.874289
0.0,1000,183.274564
1.0,13,183.279811
1.0,30,183.291809
1.0,29,183.303448
0.0,92,183.340136
1.0,11,183.344546
1.0,25,183.354552
1.0,31,183.366932
0.0,33,183.380214
1.0,12,183.385018
1.0,26,183.395433
0.0,16,183.401842
0.0,279,183.512923
1.0,11,183.517331
1.0,27,183.528164
0.0,8,183.531385
0.0,501,183.731591
1.0,12,183.736407
1.0,23,183.745594
1.0,27,183.75641
0.0,587,183.990995
1.0,11,183.995424
1.0,25,184.005499
1.0,23,184.014781
0.0,15,184.020764
1.0,11,184.025171
1.0,25,184.035202
1.0,29,184.046825
0.0,117,184.093654
1.0,11,184.09807
1.0,23,184.107296
1.0,27,184.118099
0.0,349,184.257936
1.0,13,184.263172
1.0,26,184.273587
1.0,25,184.283648
0.0,92,184.320359
1.0,11,184.32478
1.0,31,184.337196
1.0,31,184.349593
0.0,588,184.586603
1.0,11,184.59106
1.0,29,184.602764
1.0,29,184.614363
0.0,63,184.639454
1.0,13,184.644646
1.0,23,184.653907
0.0,12,184.658715
0.0,188,184.733334
1.0,14,184.738924
1.0,31,184.751284
1.0,24,184.760867
0.0,49,184.780894
1.0,12,184.785683
1.0,23,184.794931
1.0,25,184.804908
0.0,529,185.016802
1.0,15,185.022812
0.0,10,185.026803
0.0,16,185.033235
0.0,266,185.1389
1.0,11,185.143337
1.0,26,185.153817
1.0,23,185.163073
0.0,911,185.528673
1.0,14,185.534267
0.0,19,185.541875
1.0,27,185.5527
0.0,116,185.599101
0.0,6,185.601517
1.0,24,185.611143
1.0,24,185.620763
0.0,192,185.697328
1.0,11,185.701755
1.0,23,185.710967
0.0,6,185.71347
0.0,67,185.740165
1.0,12,185.744981
1.0,23,185.754241
1.0,26,185.764624
0.0,398,185.923713
1.0,13,185.928941
1.0,27,185.939864
1.0,25,185.949898
0.0,870,186.296929
1.0,12,186.301736
1.0,26,186.312141
1.0,25,186.32223
0.0,411,186.486948
1.0,12,186.491787
1.0,24,186.501411
1.0,31,186.513907
0.0,381,186.666785
0.0,6,186.669208
0.0,16,186.675621
1.0,25,186.68565
0.0,62,186.710479
1.0,11,186.714901
1.0,25,186.724926
1.0,25,186.734982
0.0,526,186.946204
1.0,15,186.952243
0.0,21,186.960742
1.0,25,186.970767
0.0,447,187.150203
1.0,13,187.155418
1.0,25,187.165418
1.0,24,187.175487
0.0,10,187.1795
0.0,6,187.181921
1.0,23,187.191231
1.0,26,187.201628
0.0,106,187.244351
1.0,13,187.249562
1.0,30,187.261623
0.0,6,187.264111
0.0,118,187.311364
1.0,11,187.315773
0.0,4,187.317379
1.0,27,187.328194
0.0,267,187.434977
1.0,12,187.43979
1.0,25,187.449816
1.0,27,187.460676
0.0,101,187.501032
1.0,11,187.505469
1.0,25,187.515529
0.0,4,187.517148
0.0,160,187.581212
1.0,12,187.586038
1.0,31,187.598493
1.0,26,187.608929
0.0,492,187.805448
1.0,11,187.80986
1.0,25,187.819837
1.0,26,187.830283
0.0,97,187.868888
1.0,11,187.873357
1.0,33,187.886625
1.0,25,187.896548
0.0,182,187.968919
1.0,13,187.974118
1.0,25,187.984125
0.0,6,187.98654
0.0,90,188.022571
1.0,15,188.028578
1.0,25,188.038528
0.0,17,188.045326
0.0,108,188.088389
1.0,11,188.092812
1.0,27,188.103716
1.0,23,188.112907
0.0,38,188.128259
1.0,11,188.132708
1.0,27,188.143494
1.0,23,188.152692
0.0,285,188.266461
1.0,11,188.270887
1.0,24,188.280443
1.0,25,188.290508
0.0,37,188.305237
1.0,11,188.309644
1.0,30,188.321686
1.0,25,188.331689
0.0,223,188.422332
1.0,11,188.426783
1.0,28,188.438062
1.0,31,188.450434
0.0,61,188.474793
1.0,13,188.479988
1.0,24,188.489582
0.0,20,188.497582
0.0,113,188.54278
1.0,14,188.548467
0.0,8,188.551675
1.0,31,188.564124
0.0,23,188.57331
1.0,14,188.578925
0.0,16,188.585576
1.0,25,188.595688
0.0,805,188.917951
1.0,12,188.922793
1.0,29,188.934479
1.0,27,188.945254
0.0,331,189.078199
0.0,7,189.081023
1.0,25,189.09105
0.0,6,189.093512
0.0,813,189.41956
1.0,11,189.423986
1.0,23,189.433186
1.0,25,189.443178
0.0,540,189.659756
1.0,11,189.664195
1.0,26,189.674696
1.0,29,189.686398
0.0,241,189.782881
1.0,14,189.788532
1.0,23,189.797853
0.0,17,189.804678
0.0,91,189.841012
1.0,15,189.847026
0.0,12,189.851834
1.0,28,189.863036
0.0,373,190.012961
1.0,17,190.019825
1.0,25,190.029972
1.0,26,190.040451
0.0,251,190.141498
1.0,11,190.145972
1.0,27,190.156959
1.0,29,190.168614
0.0,135,190.22311
1.0,11,190.227566
1.0,28,190.238834
0.0,15,190.244888
0.0,222,190.333609
1.0,11,190.338074
0.0,19,190.345738
1.0,23,190.354998
0.0,32,190.367898
1.0,11,190.372352
1.0,24,190.382105
1.0,26,190.39254
0.0,450,190.573303
1.0,13,190.578576
1.0,26,190.589135
1.0,27,190.600125
0.0,31,190.61256
1.0,11,190.617012
1.0,24,190.626842
1.0,33,190.640859
0.0,483,190.835668
1.0,12,190.840506
1.0,27,190.851416
1.0,32,190.864464
0.0,115,190.911299
1.0,11,190.915772
1.0,28,190.927144
1.0,28,190.938533
0.0,246,191.038127
1.0,13,191.043513
1.0,29,191.055246
1.0,23,191.064571
0.0,122,191.11438
1.0,11,191.11898
1.0,25,191.129134
1.0,28,191.140521
0.0,25,191.150611
1.0,15,191.15676
1.0,26,191.167275
1.0,33,191.180677
0.0,267,191.288564
0.0,4,191.290206
0.0,6,191.292624
1.0,23,191.301893
0.0,239,191.399135
1.0,15,191.40522
1.0,27,191.416118
1.0,28,191.427526
0.0,340,191.56428
1.0,13,191.569524
1.0,30,191.581655
1.0,26,191.592351
0.0,48,191.611652
1.0,11,191.61609
0.0,8,191.619324
1.0,25,191.629352
0.0,386,191.784667
1.0,13,191.789916
0.0,9,191.793517
0.0,8,191.796742
0.0,153,191.857935
1.0,19,191.865579
1.0,27,191.876623
1.0,23,191.885978
0.0,342,192.023801
1.0,13,192.029078
1.0,27,192.039868
0.0,12,192.044698
0.0,297,192.163533
1.0,16,192.169997
1.0,31,192.182506
1.0,23,192.191789
0.0,184,192.266226
1.0,11,192.270677
1.0,30,192.282725
1.0,27,192.293619
0.0,34,192.307264
1.0,15,192.313276
1.0,27,192.324115
1.0,25,192.334233
0.0,593,192.572737
1.0,11,192.577162
0.0,17,192.584461
1.0,28,192.595941
0.0,209,192.679977
0.0,11,192.684414
0.0,8,192.687608
1.0,23,192.696807
0.0,310,192.820741
1.0,11,192.825204
1.0,30,192.837257
0.0,16,192.843684
0.0,224,192.934314
1.0,13,192.939552
0.0,15,192.945582
1.0,23,192.954824
0.0,37,192.969618
1.0,11,192.974125
1.0,28,192.985377
1.0,24,192.995036
0.0,381,193.148236
1.0,11,193.152666
1.0,30,193.164736
1.0,25,193.174817
0.0,238,193.270482
1.0,15,193.276533
1.0,31,193.288981
0.0,19,193.296571
0.0,59,193.320312
1.0,13,193.325541
1.0,24,193.335178
1.0,24,193.344822
0.0,193,193.422228
1.0,14,193.427905
1.0,25,193.437941
1.0,25,193.447908
0.0,228,193.539345
1.0,14,193.544971
1.0,27,193.555857
1.0,25,193.565899
0.0,162,193.630939
1.0,11,193.635384
1.0,26,193.645828
1.0,27,193.656673
0.0,60,193.680662
1.0,11,193.685085
1.0,27,193.696172
1.0,27,193.707263
0.0,49,193.726898
1.0,11,193.731325
1.0,25,193.741395
1.0,27,193.752232
0.0,185,193.826925
0.0,12,193.831759
0.0,6,193.834164
1.0,23,193.843455
0.0,57,193.866187
1.0,11,193.870612
1.0,24,193.880508
1.0,31,193.892948
0.0,159,193.956834
1.0,11,193.961262
1.0,25,193.971313
1.0,26,193.98175
0.0,264,194.087713
1.0,15,194.093746
1.0,31,194.106308
1.0,25,194.11641
0.0,84,194.150065
1.0,13,194.15531
0.0,19,194.162904
1.0,29,194.174558
0.0,418,194.34256
1.0,13,194.347782
0.0,4,194.3494
1.0,29,194.361032
0.0,149,194.422094
1.0,15,194.428079
1.0,35,194.442132
1.0,25,194.45221
0.0,45,194.470216
1.0,12,194.475035
1.0,27,194.485946
1.0,23,194.49521
0.0,475,194.685608
1.0,11,194.69004
1.0,23,194.699262
1.0,27,194.710166
0.0,417,194.876639
1.0,11,194.881229
0.0,6,194.883629
1.0,27,194.894392
0.0,12,194.899269
1.0,11,194.90366
0.0,18,194.910822
1.0,25,194.920783
0.0,9,194.924365
1.0,12,194.929178
1.0,25,194.939275
1.0,26,194.949668
0.0,46,194.967966
1.0,11,194.972373
1.0,23,194.981674
1.0,27,194.992852
0.0,88,195.028017
1.0,13,195.033213
1.0,25,195.043351
1.0,23,195.052612
0.0,588,195.286617
0.0,6,195.289033
1.0,25,195.299019
1.0,27,195.309794
0.0,217,195.396333
1.0,13,195.401546
1.0,31,195.413931
1.0,23,195.423134
0.0,121,195.471403
1.0,11,195.475817
1.0,25,195.485807
1.0,31,195.498163
0.0,517,195.704896
1.0,11,195.709316
1.0,27,195.720188
1.0,35,195.734256
0.0,228,195.825668
1.0,13,195.830882
1.0,23,195.840092
1.0,27,195.850982
0.0,333,195.98419
1.0,13,195.989415
1.0,27,196.00032
1.0,25,196.010406
0.0,5,196.01242
1.0,14,196.018026
1.0,26,196.028427
1.0,35,196.042508
0.0,115,196.088536
1.0,12,196.093355
0.0,11,196.097743
1.0,23,196.107005
0.0,750,196.40633
1.0,11,196.411247
1.0,23,196.420465
1.0,32,196.43371
0.0,74,196.463477
1.0,13,196.468714
1.0,25,196.478697
1.0,25,196.4888
0.0,441,196.665511
1.0,11,196.66995
0.0,12,196.674893
1.0,25,196.684924
0.0,253,196.786249
1.0,13,196.791899
1.0,26,196.802316
1.0,25,196.812367
0.0,4,196.813984
1.0,11,196.818453
1.0,25,196.828616
1.0,27,196.839419
0.0,1000,197.240427
1.0,11,197.245281
1.0,25,197.255318
1.0,24,197.264939
0.0,373,197.416008
1.0,13,197.421232
1.0,25,197.431383
1.0,25,197.4414
0.0,316,197.567508
1.0,11,197.571941
1.0,26,197.58247
1.0,23,197.591687
0.0,153,197.652901
1.0,13,197.658187
1.0,23,197.667461
1.0,27,197.678289
0.0,452,197.858809
1.0,15,197.864813
0.0,19,197.872417
1.0,25,197.882577
0.0,28,197.893896
1.0,13,197.899101
1.0,25,197.909074
1.0,25,197.919069
0.0,776,198.229338
1.0,11,198.233764
0.0,16,198.240162
1.0,27,198.250938
0.0,409,198.413965
1.0,11,198.418383
0.0,6,198.42078
0.0,8,198.423988
0.0,25,198.43396
1.0,13,198.43916
1.0,25,198.449157
0.0,4,198.450779
0.0,163,198.516042
1.0,11,198.52045
0.0,22,198.529373
1.0,23,198.53855
0.0,207,198.621476
1.0,11,198.625885
1.0,25,198.63586
0.0,8,198.639081
0.0,182,198.711885
1.0,11,198.716391
1.0,25,198.726425
1.0,27,198.737213
0.0,159,198.800888
1.0,11,198.805317
0.0,8,198.808527
1.0,24,198.818133
0.0,182,198.891346
1.0,15,198.89747
1.0,25,198.907799
1.0,23,198.917013
0.0,118,198.964097
1.0,14,198.969727
0.0,17,198.977263
0.0,9,198.981021
0.0,326,199.111287
1.0,11,199.115717
1.0,23,199.124929
1.0,28,199.136207
0.0,53,199.157298
0.0,4,199.15892
1.0,29,199.170628
1.0,25,199.180612
0.0,138,199.236226
1.0,14,199.241811
1.0,25,199.251926
1.0,27,199.262723
0.0,451,199.444177
1.0,11,199.448597
1.0,28,199.459795
0.0,19,199.467388
0.0,144,199.525024
0.0,2,199.525836
1.0,23,199.535037
1.0,25,199.545039
0.0,164,199.610418
1.0,11,199.614846
1.0,23,199.624142
0.0,6,199.626547
0.0,138,199.681468
1.0,12,199.686278
1.0,27,199.697069
1.0,28,199.708321
0.0,52,199.72904
1.0,11,199.733463
1.0,27,199.74435
1.0,27,199.755205
0.0,546,199.972998
1.0,12,199.977811
1.0,26,199.988207
1.0,25,199.998185
0.0,238,200.093689
1.0,11,200.098106
1.0,25,200.108207
1.0,25,200.118338
0.0,114,200.16378
1.0,11,200.168209
1.0,23,200.177409
1.0,25,200.187416
0.0,119,200.235129
0.0,2,200.23594
1.0,32,200.24874
0.0,16,200.255161
0.0,154,200.316556
1.0,13,200.321775
1.0,29,200.333417
0.0,12,200.338317
0.0,120,200.386122
1.0,11,200.390535
1.0,23,200.399885
1.0,29,200.411968
0.0,801,200.732712
0.0,9,200.73635
1.0,28,200.747533
0.0,4,200.749143
0.0,139,200.804396
1.0,15,200.8104
1.0,30,200.82238
1.0,23,200.831579
0.0,26,200.842035
1.0,11,200.84644
0.0,6,200.848839
1.0,29,200.860413
0.0,120,200.908468
1.0,13,200.913773
1.0,23,200.922975
1.0,25,200.933022
0.0,117,200.979754
1.0,13,200.984998
1.0,25,200.995032
0.0,20,201.003015
0.0,34,201.016689
0.0,6,201.019415
1.0,26,201.030136
1.0,30,201.042149
0.0,127,201.092873
1.0,13,201.098103
0.0,9,201.101868
1.0,24,201.111456
0.0,92,201.148272
0.0,8,201.151478
1.0,23,201.160684
1.0,27,201.171465
0.0,469,201.358444
1.0,13,201.363785
1.0,27,201.374643
1.0,23,201.383938
0.0,130,201.435881
1.0,11,201.440421
1.0,23,201.449654
1.0,25,201.459683
0.0,326,201.589701
1.0,11,201.594228
0.0,17,201.601013
1.0,25,201.611146
0.0,11,201.61554
1.0,17,201.622698
1.0,25,201.632906
0.0,6,201.635303
0.0,255,201.737041
0.0,10,201.741061
1.0,25,201.751204
1.0,28,201.762453
0.0,342,201.899862
1.0,11,201.904483
1.0,33,201.917861
1.0,23,201.927071
0.0,190,202.003376
1.0,13,202.008744
0.0,10,202.012795
0.0,8,202.016064
0.0,525,202.226152
1.0,12,202.231347
1.0,27,202.242303
1.0,26,202.253034
0.0,575,202.48328
1.0,11,202.487718
1.0,25,202.497773
1.0,25,202.507812
0.0,241,202.603982
1.0,11,202.608417
1.0,23,202.617727
1.0,26,202.628164
0.0,131,202.680512
1.0,11,202.684948
1.0,25,202.695026
1.0,23,202.704264
0.0,52,202.725093
1.0,13,202.730328
1.0,25,202.740321
1.0,25,202.750352
0.0,87,202.785127
1.0,14,202.790751
1.0,23,202.799953
1.0,26,202.810433
0.0,47,202.829552
1.0,12,202.834366
0.0,12,202.83927
0.0,8,202.842491
0.0,527,203.054045
1.0,11,203.058486
1.0,26,203.069026
1.0,25,203.079075
0.0,30,203.09109
1.0,11,203.095507
1.0,27,203.106482
1.0,27,203.117344
0.0,257,203.220051
1.0,11,203.22448
1.0,29,203.236129
1.0,26,203.246562
0.0,153,203.307709
1.0,11,203.312132
1.0,30,203.324166
1.0,23,203.333574
0.0,101,203.37405
1.0,11,203.378477
1.0,27,203.389353
1.0,25,203.399386
0.0,224,203.490363
1.0,11,203.494796
1.0,35,203.508797
1.0,27,203.519794
0.0,49,203.539348
1.0,11,203.543782
1.0,25,203.553788
1.0,28,203.565182
0.0,495,203.76311
1.0,12,203.767946
1.0,23,203.777243
0.0,16,203.783793
0.0,27,203.79462
1.0,11,203.799046
1.0,28,203.810267
1.0,23,203.819529
0.0,424,203.989374
1.0,14,203.994977
1.0,32,204.007746
1.0,23,204.01713
0.0,232,204.110441
1.0,15,204.116467
1.0,23,204.125827
1.0,25,204.135849
0.0,1000,204.537357
1.0,11,204.541953
0.0,4,204.543552
1.0,27,204.554357
0.0,356,204.697222
1.0,11,204.701648
1.0,23,204.710834
1.0,27,204.721599
0.0,578,204.95269
1.0,12,204.957632
0.0,12,204.962439
1.0,24,204.972069
0.0,102,205.013068
1.0,11,205.017494
1.0,25,205.027519
1.0,27,205.038471
0.0,44,205.055928
1.0,13,205.061133
1.0,25,205.071293
1.0,26,205.081686
0.0,54,205.103335
1.0,14,205.109054
1.0,24,205.118658
1.0,23,205.127866
0.0,91,205.164239
1.0,12,205.169053
1.0,25,205.179084
1.0,27,205.189996
0.0,216,205.27654
1.0,15,205.282571
1.0,27,205.293388
1.0,25,205.303497
0.0,160,205.367465
1.0,13,205.372744
0.0,12,205.377553
1.0,25,205.387619
0.0,590,205.622604
1.0,13,205.627817
1.0,29,205.639447
0.0,22,205.648217
0.0,67,205.674931
1.0,12,205.679736
1.0,23,205.689077
1.0,23,205.698268
0.0,163,205.763239
1.0,11,205.767653
1.0,25,205.777752
1.0,30,205.789815
0.0,261,205.894348
1.0,11,205.898768
1.0,29,205.910499
1.0,25,205.92051
0.0,41,205.93685
1.0,13,205.942164
1.0,23,205.951352
1.0,23,205.960551
0.0,71,205.989026
1.0,13,205.994246
1.0,25,206.004272
1.0,23,206.013576
0.0,175,206.083591
1.0,15,206.089661
1.0,29,206.101373
1.0,23,206.110593
0.0,485,206.304293
1.0,11,206.308714
1.0,25,206.31884
1.0,25,206.32883
0.0,448,206.508323
1.0,15,206.514405
1.0,23,206.523634
1.0,25,206.533671
0.0,31,206.546181
0.0,4,206.5478
1.0,23,206.557013
1.0,25,206.567043
0.0,51,206.587462
1.0,11,206.591889
0.0,4,206.5935
1.0,23,206.602785
0.0,542,206.820131
1.0,11,206.824567
1.0,27,206.835475
1.0,23,206.844733
0.0,161,206.909644
1.0,15,206.915677
1.0,23,206.925015
1.0,23,206.934234
0.0,96,206.973036
1.0,11,206.977457
1.0,25,206.987522
0.0,12,206.992344
0.0,479,207.184644
1.0,12,207.189556
1.0,25,207.199575
1.0,25,207.20959
0.0,283,207.324157
1.0,12,207.32897
1.0,25,207.339199
0.0,20,207.347201
0.0,69,207.374681
1.0,15,207.380815
1.0,23,207.390167
0.0,16,207.396581
0.0,92,207.433202
1.0,15,207.439193
1.0,29,207.450771
0.0,14,207.456489
0.0,337,207.591424
1.0,11,207.595839
0.0,6,207.598236
1.0,25,207.608265
0.0,75,207.638442
1.0,11,207.643043
1.0,24,207.652634
1.0,31,207.665076
0.0,259,207.768593
0.0,6,207.771004
0.0,8,207.774219
1.0,25,207.784213
0.0,42,207.801033
0.0,2,207.801847
1.0,25,207.81185
1.0,25,207.821855
0.0,133,207.875226
1.0,11,207.879642
1.0,28,207.890925
1.0,25,207.900927
0.0,123,207.95037
1.0,12,207.95517
1.0,25,207.965164
1.0,30,207.977138
0.0,142,208.034078
1.0,11,208.038489
1.0,30,208.050476
1.0,26,208.060915
0.0,100,208.100959
1.0,12,208.105823
1.0,25,208.115875
1.0,27,208.126679
0.0,6,208.129078
1.0,11,208.133594
1.0,29,208.145217
0.0,12,208.150055
0.0,69,208.177776
1.0,11,208.182193
1.0,27,208.193003
1.0,23,208.202224
0.0,103,208.243869
1.0,11,208.248405
1.0,26,208.258797
0.0,4,208.260418
0.0,198,208.339564
1.0,13,208.344778
1.0,25,208.354792
1.0,25,208.364897
0.0,55,208.386941
1.0,12,208.391763
1.0,27,208.40269
0.0,4,208.40431
0.0,307,208.528408
1.0,11,208.532834
1.0,25,208.542898
1.0,26,208.55344
0.0,208,208.637045
1.0,11,208.641475
1.0,25,208.651476
1.0,26,208.662005
0.0,87,208.696762
1.0,12,208.701766
0.0,17,208.708591
1.0,25,208.718753
0.0,35,208.732672
1.0,15,208.738795
1.0,27,208.749601
0.0,18,208.756835
0.0,988,209.153132
1.0,14,209.158831
0.0,17,209.165637
1.0,30,209.177594
0.0,211,209.261647
1.0,12,209.266441
1.0,28,209.277707
0.0,19,209.285364
0.0,248,209.384391
1.0,13,209.389895
0.0,12,209.394679
1.0,23,209.404208
0.0,90,209.440792
1.0,12,209.445622
0.0,19,209.453247
0.0,6,209.455667
0.0,429,209.627937
1.0,15,209.633953
1.0,27,209.644819
1.0,29,209.656522
0.0,71,209.684995
1.0,11,209.689407
1.0,26,209.699819
1.0,27,209.710613
0.0,67,209.737257
1.0,11,209.741674
1.0,23,209.75085
0.0,18,209.758044
0.0,41,209.774467
1.0,11,209.778868
1.0,27,209.789623
1.0,25,209.7997
0.0,92,209.83639
0.0,9,209.839993
1.0,29,209.851557
1.0,25,209.861549
0.0,150,209.921607
1.0,12,209.926405
1.0,32,209.939216
1.0,25,209.949308
0.0,125,209.998913
0.0,11,210.003314
0.0,19,210.010905
1.0,27,210.021745
0.0,121,210.070681
0.0,2,210.0715
1.0,30,210.083501
0.0,6,210.085994
0.0,306,210.208108
1.0,12,210.213039
1.0,25,210.223046
1.0,30,210.235031
0.0,714,210.52096
1.0,11,210.525392
1.0,24,210.535009
0.0,19,210.542634
0.0,214,210.62804
1.0,14,210.633726
1.0,27,210.644915
1.0,25,210.654969
0.0,36,210.669376
1.0,11,210.673798
1.0,26,210.684191
1.0,25,210.694201
0.0,57,210.716933
1.0,12,210.721757
1.0,27,210.732562
1.0,25,210.742668
0.0,457,210.92508
0.0,4,210.926706
1.0,25,210.936783
1.0,23,210.94603
0.0,190,211.02198
1.0,13,211.027189
1.0,23,211.036447
1.0,25,211.04654
0.0,335,211.180192
1.0,12,211.185
0.0,17,211.191817
1.0,25,211.201902
0.0,48,211.221056
1.0,11,211.225466
1.0,25,211.235525
1.0,25,211.245855
0.0,397,211.404874
1.0,13,211.410074
1.0,23,211.419277
0.0,22,211.428176
0.0,9,211.431782
1.0,13,211.436984
1.0,31,211.449374
1.0,26,211.459796
0.0,504,211.661183
1.0,11,211.665603
1.0,23,211.674802
1.0,28,211.686017
0.0,170,211.753876
1.0,12,211.758757
1.0,29,211.770395
1.0,27,211.78117
0.0,34,211.794734
1.0,11,211.799135
1.0,27,211.810035
0.0,6,211.812453
0.0,62,211.837171
1.0,13,211.842486
0.0,9,211.846088
0.0,8,211.84929
0.0,42,211.866079
1.0,11,211.870502
1.0,27,211.881492
1.0,24,211.891164
0.0,169,211.958459
1.0,13,211.963677
1.0,25,211.973656
1.0,23,211.982852
0.0,105,212.024837
1.0,11,212.029354
1.0,28,212.040575
1.0,27,212.051385
0.0,8,212.054572
1.0,13,212.059769
1.0,40,212.075793
1.0,27,212.086577
0.0,326,212.216816
1.0,11,212.221347
1.0,25,212.231678
1.0,23,212.240871
0.0,85,212.275193
1.0,13,212.2804
1.0,23,212.289601
1.0,23,212.298944
0.0,630,212.551231
1.0,11,212.55566
1.0,31,212.568181
1.0,27,212.578956
0.0,105,212.621113
1.0,11,212.625533
1.0,24,212.635189
1.0,25,212.645164
0.0,86,212.679499
1.0,11,212.683915
1.0,25,212.693904
1.0,27,212.70471
0.0,35,212.718792
1.0,11,212.723199
1.0,25,212.7332
0.0,12,212.738016
0.0,46,212.756466
0.0,6,212.758884
1.0,24,212.768448
0.0,6,212.770863
0.0,72,212.799628
1.0,13,212.804832
0.0,18,212.81204
1.0,29,212.823702
0.0,68,212.850767
1.0,13,212.855977
1.0,25,212.866104
0.0,17,212.872887
0.0,363,213.017845
1.0,11,213.022278
1.0,27,213.033123
1.0,24,213.042769
0.0,58,213.066355
1.0,13,213.071526
1.0,26,213.081992
1.0,25,213.092116
0.0,11,213.09653
0.0,8,213.099832
1.0,25,213.109923
1.0,23,213.119138
0.0,285,213.233713
1.0,11,213.238244
1.0,25,213.248297
0.0,16,213.254722
0.0,67,213.281663
1.0,11,213.286086
1.0,25,213.296112
0.0,8,213.299335
0.0,123,213.3485
1.0,15,213.354671
0.0,19,213.362312
1.0,28,213.3735
0.0,245,213.471662
1.0,11,213.476087
1.0,28,213.487307
0.0,19,213.49489
0.0,136,213.549216
1.0,11,213.553624
0.0,16,213.560009
1.0,23,213.569199
0.0,40,213.585246
0.0,6,213.587661
1.0,25,213.597692
1.0,25,213.607664
0.0,154,213.669693
1.0,11,213.674151
1.0,23,213.683372
1.0,23,213.692775
0.0,44,213.710424
1.0,11,213.714845
1.0,23,213.72405
1.0,27,213.73491
0.0,26,213.745325
1.0,11,213.749747
0.0,20,213.757766
1.0,26,213.768306
0.0,62,213.793205
1.0,11,213.79768
1.0,25,213.807801
1.0,23,213.817024
0.0,176,213.887633
1.0,16,213.894034
1.0,25,213.904051
0.0,8,213.907275
0.0,27,213.918905
0.0,7,213.921938
1.0,25,213.932141
1.0,27,213.942983
0.0,15,213.949025
1.0,13,213.954241
1.0,25,213.964353
1.0,29,213.975915
0.0,226,214.066319
1.0,11,214.070846
0.0,6,214.073246
1.0,28,214.084439
0.0,46,214.102836
1.0,12,214.107643
1.0,23,214.11694
1.0,23,214.126176
0.0,645,214.384937
0.0,11,214.389715
1.0,27,214.40048
1.0,23,214.409991
0.0,239,214.505479
1.0,11,214.509887
1.0,26,214.520319
1.0,27,214.531209
0.0,675,214.801057
0.0,10,214.805091
1.0,29,214.816694
1.0,24,214.826315
0.0,156,214.889399
1.0,11,214.893818
0.0,22,214.902725
1.0,23,214.911949
0.0,224,215.001531
1.0,13,215.006762
1.0,24,215.016563
1.0,27,215.027384
0.0,151,215.087787
1.0,12,215.092689
1.0,23,215.101929
1.0,27,215.112777
0.0,97,215.151525
0.0,9,215.155139
1.0,27,215.165943
1.0,33,215.179226
0.0,301,215.299545
1.0,11,215.303982
0.0,20,215.31195
1.0,25,215.32204
0.0,59,215.345689
1.0,11,215.350112
1.0,25,215.360255
1.0,29,215.371914
0.0,120,215.420244
1.0,13,215.42562
1.0,25,215.435751
1.0,25,215.445792
0.0,88,215.481311
1.0,14,215.486925
0.0,22,215.49578
1.0,26,215.506202
0.0,7,215.509124
0.0,8,215.512344
0.0,6,215.514851
1.0,27,215.525696
0.0,592,215.762994
1.0,11,215.767425
1.0,23,215.776854
1.0,27,215.787666
0.0,249,215.887381
1.0,14,215.893023
0.0,18,215.90025
1.0,23,215.909467
0.0,845,216.247351
1.0,11,216.251768
0.0,17,216.258566
1.0,23,216.267853
0.0,780,216.581432
1.0,15,216.587569
1.0,23,216.596894
1.0,25,216.607124
0.0,148,216.666617
1.0,11,216.671026
0.0,21,216.679397
1.0,29,216.691054
0.0,939,217.066617
1.0,11,217.071111
1.0,28,217.082347
0.0,4,217.083951
0.0,64,217.109396
1.0,11,217.113822
1.0,27,217.124622
1.0,24,217.134352
0.0,748,217.434216
1.0,11,217.438722
1.0,29,217.450302
1.0,27,217.461087
0.0,516,217.666827
0.0,6,217.669233
1.0,23,217.678437
1.0,23,217.687619
0.0,45,217.705725
1.0,11,217.710126
1.0,23,217.719351
1.0,26,217.729737
0.0,432,217.902931
1.0,12,217.90773
1.0,29,217.919317
1.0,23,217.928612
0.0,360,218.071794
1.0,11,218.076256
1.0,25,218.086369
1.0,27,218.097175
0.0,33,218.110348
0.0,2,218.111163
1.0,25,218.121323
1.0,23,218.130526
0.0,72,218.159242
1.0,14,218.164853
1.0,23,218.174058
1.0,32,218.186981
0.0,134,218.240513
1.0,11,218.244957
0.0,18,218.252159
1.0,25,218.262141
0.0,200,218.342266
1.0,13,218.347548
1.0,28,218.358775
1.0,25,218.3688
0.0,246,218.468074
1.0,11,218.472486
1.0,24,218.48211
1.0,25,218.492193
0.0,70,218.52012
1.0,11,218.524547
1.0,28,218.535811
1.0,26,218.546228
0.0,719,218.832736
1.0,11,218.837229
0.0,6,218.839655
1.0,26,218.85004
0.0,245,218.9484
1.0,12,218.953325
1.0,25,218.963361
0.0,19,218.970964
0.0,50,218.990955
0.0,10,218.995037
1.0,27,219.005851
0.0,10,219.009871
0.0,112,219.054783
1.0,13,219.060432
0.0,16,219.066965
0.0,8,219.070183
0.0,91,219.106707
0.0,7,219.109544
1.0,23,219.118814
1.0,25,219.128831
0.0,97,219.167724
1.0,13,219.172953
1.0,25,219.183079
0.0,6,219.185501
0.0,43,219.202753
1.0,11,219.207194
1.0,28,219.218516
1.0,23,219.227809
0.0,61,219.252415
1.0,11,219.256843
1.0,25,219.266863
1.0,24,219.276443
0.0,31,219.28883
1.0,13,219.294132
1.0,23,219.303355
1.0,26,219.313753
0.0,1000,219.715227
1.0,15,219.721244
1.0,23,219.730406
0.0,4,219.732012
0.0,449,219.91111
1.0,11,219.915532
1.0,23,219.924939
1.0,28,219.936368
0.0,351,220.07645
1.0,12,220.081248
1.0,25,220.091373
1.0,27,220.102191
0.0,44,220.119739
1.0,15,220.125848
1.0,23,220.135068
1.0,30,220.147037
0.0,25,220.157003
1.0,12,220.161912
1.0,25,220.171895
0.0,19,220.179499
0.0,64,220.205053
1.0,11,220.209458
1.0,25,220.219441
1.0,25,220.229557
0.0,714,220.516131
1.0,11,220.520561
1.0,26,220.530991
1.0,27,220.541892
0.0,63,220.567026
1.0,11,220.571435
1.0,26,220.581987
1.0,27,220.59288
0.0,49,220.61247
1.0,11,220.617032
1.0,26,220.627474
0.0,8,220.630715
0.0,789,220.946562
1.0,13,220.951826
1.0,23,220.961143
1.0,30,220.973138
0.0,324,221.102734
0.0,7,221.105693
0.0,6,221.108097
1.0,25,221.118123
0.0,304,221.23968
0.0,4,221.2413
0.0,6,221.243717
1.0,26,221.254114
0.0,111,221.298442
1.0,11,221.302868
1.0,25,221.312903
1.0,25,221.323023
0.0,124,221.372721
1.0,11,221.377141
1.0,25,221.38727
0.0,8,221.390582
0.0,99,221.43051
1.0,11,221.434932
1.0,23,221.444138
1.0,30,221.456197
0.0,582,221.688899
1.0,12,221.693731
0.0,4,221.695332
1.0,25,221.705346
0.0,103,221.74644
1.0,11,221.75096
1.0,29,221.762595
1.0,33,221.775777
0.0,132,221.828392
0.0,11,221.832801
1.0,23,221.841997
0.0,4,221.843603
0.0,89,221.8792
1.0,11,221.883618
1.0,28,221.894835
1.0,25,221.904944
0.0,97,221.943664
1.0,12,221.948466
1.0,25,221.958494
1.0,23,221.967684
0.0,125,222.017808
1.0,11,222.022242
1.0,23,222.031442
0.0,23,222.040605
0.0,262,222.145954
1.0,11,222.150387
1.0,25,222.160444
1.0,25,222.170535
0.0,183,222.24412
0.0,9,222.248057
0.0,21,222.256512
1.0,25,222.266533
0.0,43,222.283792
1.0,11,222.288215
0.0,17,222.295041
1.0,23,222.304256
0.0,18,222.311474
1.0,13,222.316792
1.0,23,222.326046
1.0,27,222.336888
0.0,279,222.448845
1.0,12,222.453671
1.0,25,222.463721
1.0,28,222.475078
0.0,178,222.546584
1.0,11,222.551024
1.0,25,222.561039
1.0,25,222.571075
0.0,185,222.645283
1.0,11,222.649746
1.0,27,222.660671
1.0,27,222.671939
0.0,25,222.681977
1.0,13,222.687201
0.0,16,222.693741
1.0,27,222.704624
0.0,401,222.865253
1.0,13,222.870494
0.0,8,222.873707
0.0,6,222.876193
0.0,115,222.922689
1.0,11,222.927329
1.0,27,222.938412
1.0,24,222.948081
0.0,27,222.958983
1.0,11,222.963399
1.0,23,222.97261
1.0,24,222.982281
0.0,168,223.049478
1.0,11,223.053916
1.0,31,223.06634
1.0,27,223.077209
0.0,735,223.371708
1.0,15,223.37787
1.0,25,223.387953
0.0,4,223.389581
0.0,17,223.396375
1.0,11,223.400834
1.0,26,223.411256
1.0,24,223.420954
0.0,19,223.428587
1.0,12,223.433428
1.0,25,223.443445
1.0,30,223.455555
0.0,18,223.462765
1.0,11,223.467185
1.0,23,223.476417
1.0,25,223.486428
0.0,185,223.560498
1.0,11,223.565015
1.0,25,223.575034
1.0,36,223.589458
0.0,41,223.605903
1.0,11,223.610315
1.0,26,223.620753
0.0,4,223.622377
0.0,51,223.642775
1.0,11,223.647196
1.0,26,223.657646
1.0,27,223.668447
0.0,280,223.780297
1.0,13,223.785542
1.0,23,223.794782
1.0,23,223.803978
0.0,127,223.854668
1.0,11,223.859088
1.0,27,223.870014
1.0,25,223.880038
0.0,116,223.926181
1.0,15,223.932191
1.0,23,223.941416
1.0,25,223.951502
0.0,53,223.972541
1.0,12,223.977353
0.0,13,223.982586
1.0,25,223.993295
0.0,348,224.132854
1.0,11,224.137331
1.0,25,224.147357
0.0,19,224.154963
0.0,460,224.340335
0.0,6,224.342794
1.0,23,224.352018
1.0,27,224.362925
0.0,51,224.38326
1.0,11,224.387957
1.0,27,224.398903
1.0,25,224.40918
0.0,212,224.495397
0.0,6,224.497867
1.0,25,224.508307
1.0,26,224.51886
0.0,147,224.577466
1.0,11,224.581949
1.0,24,224.59172
1.0,25,224.601853
0.0,62,224.626655
1.0,13,224.631874
1.0,25,224.641895
0.0,21,224.650328
0.0,203,224.731234
1.0,11,224.735752
1.0,28,224.746946
1.0,29,224.75853
0.0,119,224.805928
1.0,11,224.81034
1.0,25,224.820409
1.0,23,224.829615
0.0,602,225.069522
0.0,2,225.070349
1.0,24,225.080236
1.0,25,225.090392
0.0,63,225.115625
1.0,11,225.120046
0.0,10,225.124043
0.0,16,225.130443
0.0,70,225.158434
1.0,11,225.162847
1.0,25,225.172866
0.0,20,225.180864
0.0,149,225.240547
1.0,16,225.24696
0.0,14,225.252584
1.0,27,225.263368
0.0,17,225.270222
0.0,4,225.271834
1.0,23,225.281024
0.0,14,225.286643
0.0,487,225.481431
1.0,12,225.486252
1.0,23,225.495489
1.0,23,225.50469
0.0,51,225.525114
1.0,14,225.530804
1.0,29,225.54241
1.0,23,225.551641
0.0,1000,225.950922
1.0,11,225.955419
1.0,25,225.965398
1.0,26,225.975781
0.0,315,226.101129
1.0,13,226.106358
0.0,18,226.113582
0.0,6,226.115986
0.0,209,226.199758
1.0,13,226.20497
0.0,22,226.213834
1.0,23,226.223057
0.0,69,226.250575
0.0,9,226.254191
1.0,24,226.263781
1.0,23,226.272979
0.0,50,226.293252
1.0,11,226.297679
1.0,23,226.306863
1.0,32,226.319667
0.0,571,226.547576
0.0,6,226.549998
1.0,27,226.560824
0.0,16,226.567234
0.0,318,226.694381
1.0,15,226.700355
1.0,25,226.710401
1.0,30,226.722387
0.0,49,226.741903
1.0,11,226.746309
1.0,26,226.756777
1.0,27,226.767601
0.0,213,226.852611
0.0,8,226.855873
1.0,23,226.865085
1.0,25,226.875129
0.0,75,226.906201
0.0,9,226.909815
1.0,25,226.919861
0.0,8,226.923078
0.0,277,227.033692
1.0,11,227.03811
1.0,23,227.047339
1.0,25,227.057306
0.0,12,227.062075
1.0,11,227.066479
1.0,28,227.077683
1.0,23,227.086938
0.0,51,227.107202
0.0,2,227.108009
1.0,32,227.120773
1.0,29,227.13235
0.0,447,227.311368
1.0,11,227.315783
0.0,12,227.320596
1.0,27,227.331349
0.0,193,227.408246
0.0,2,227.409059
1.0,27,227.419866
1.0,29,227.431609
0.0,447,227.610326
1.0,13,227.615538
1.0,28,227.626695
1.0,29,227.638278
0.0,130,227.690331
1.0,11,227.694734
1.0,25,227.704747
1.0,25,227.714768
0.0,19,227.722438
1.0,11,227.726844
1.0,25,227.736846
1.0,29,227.748446
0.0,321,227.876579
1.0,11,227.881014
1.0,23,227.890248
1.0,26,227.900614
0.0,587,228.134788
1.0,14,228.140513
1.0,27,228.151296
1.0,24,228.160903
0.0,1000,228.561337
1.0,11,228.565793
1.0,23,228.575001
1.0,30,228.587101
0.0,235,228.681045
1.0,14,228.686664
1.0,25,228.697101
1.0,25,228.707211
0.0,26,228.71765
1.0,11,228.72207
1.0,25,228.732081
1.0,25,228.742081
0.0,273,228.851253
1.0,11,228.85569
0.0,12,228.86058
1.0,27,228.87142
0.0,54,228.893246
1.0,11,228.897742
1.0,25,228.907763
1.0,23,228.916966
0.0,103,228.958629
1.0,11,228.96305
1.0,25,228.973148
1.0,23,228.982408
0.0,216,229.068772
1.0,11,229.07321
1.0,24,229.082821
1.0,25,229.092894
0.0,900,229.453292
1.0,11,229.457725
1.0,23,229.466973
1.0,24,229.476588
0.0,126,229.526966
1.0,11,229.531392
1.0,23,229.540651
1.0,25,229.550768
0.0,44,229.568269
0.0,6,229.570693
1.0,30,229.582731
1.0,25,229.592759
0.0,34,229.6064
1.0,11,229.610823
1.0,23,229.620085
1.0,27,229.630872
0.0,94,229.668428
0.0,8,229.671709
0.0,6,229.674112
1.0,23,229.683344
0.0,200,229.762821
1.0,14,229.768444
1.0,25,229.778447
0.0,23,229.787647
0.0,259,229.891407
1.0,11,229.895904
1.0,23,229.905138
1.0,25,229.915198
0.0,103,229.956518
1.0,16,229.962955
0.0,10,229.966959
1.0,29,229.978555
0.0,268,230.085526
1.0,13,230.090736
1.0,23,230.099947
1.0,29,230.11161
0.0,118,230.158857
1.0,11,230.163289
1.0,23,230.172544
1.0,26,230.182972
0.0,418,230.349636
1.0,11,230.354073
1.0,25,230.364096
1.0,27,230.37497
0.0,80,230.4071
1.0,11,230.411529
1.0,25,230.421582
1.0,25,230.431625
0.0,694,230.709594
0.0,2,230.710417
1.0,31,230.722834
1.0,25,230.732825
0.0,143,230.789811
1.0,11,230.794233
1.0,23,230.803436
1.0,23,230.812649
0.0,486,231.006468
1.0,15,231.012538
0.0,4,231.014147
1.0,26,231.024671
0.0,1000,231.425712
1.0,12,231.430612
0.0,6,231.433026
1.0,23,231.442269
0.0,359,231.58592
1.0,13,231.591227
1.0,25,231.601269
1.0,25,231.611324
0.0,15,231.617394
1.0,13,231.62262
1.0,24,231.632281
0.0,13,231.637507
0.0,180,231.710189
1.0,12,231.715021
1.0,31,231.72751
1.0,27,231.738388
0.0,83,231.771845
1.0,11,231.776271
1.0,27,231.787099
1.0,27,231.797948
0.0,133,231.851203
1.0,11,231.855633
1.0,23,231.864865
1.0,24,231.874613
0.0,401,232.035786
0.0,6,232.038225
1.0,23,232.047487
1.0,29,232.059131
0.0,66,232.085635
1.0,15,232.091678
1.0,29,232.103356
0.0,6,232.105788
0.0,424,232.275574
0.0,9,232.279227
0.0,21,232.287657
1.0,25,232.29808
0.0,109,232.342435
1.0,11,232.346862
1.0,26,232.357309
1.0,29,232.368925
0.0,495,232.567979
1.0,11,232.572412
1.0,24,232.582109
1.0,23,232.591424
0.0,264,232.696857
1.0,13,232.702103
1.0,23,232.711347
1.0,25,232.721409
0.0,59,232.74496
1.0,11,232.749399
0.0,23,232.758654
1.0,25,232.768699
0.0,175,232.838544
1.0,11,232.842959
1.0,27,232.853808
0.0,12,232.858619
0.0,12,232.86341
1.0,11,232.867865
1.0,30,232.87996
0.0,14,232.885555
0.0,203,232.967735
1.0,11,232.972168
0.0,8,232.975386
1.0,23,232.984661
0.0,188,233.059988
0.0,8,233.063193
1.0,25,233.073277
1.0,24,233.082894
0.0,671,233.350707
1.0,11,233.355141
1.0,24,233.364785
1.0,27,233.375575
0.0,179,233.44738
1.0,11,233.451797
1.0,25,233.461806
1.0,25,233.471864
0.0,146,233.530561
1.0,11,233.535003
1.0,25,233.545067
1.0,25,233.555142
0.0,30,233.567112
1.0,12,233.571927
1.0,30,233.583959
0.0,16,233.590361
0.0,183,233.663595
0.0,4,233.665209
0.0,6,233.667615
1.0,30,233.679663
0.0,65,233.705726
0.0,2,233.706536
1.0,29,233.718117
1.0,25,233.728118
0.0,508,233.931863
0.0,9,233.935517
1.0,26,233.945986
0.0,8,233.949216
0.0,52,233.97024
1.0,11,233.97467
1.0,23,233.98391
0.0,8,233.987144
0.0,375,234.137942
1.0,11,234.142374
1.0,27,234.153298
0.0,8,234.156511
0.0,213,234.242084
1.0,13,234.247321
1.0,25,234.257353
1.0,26,234.267849
0.0,134,234.32183
1.0,13,234.32707
1.0,24,234.336701
1.0,25,234.346792
0.0,146,234.405774
1.0,12,234.410604
1.0,23,234.419903
1.0,24,234.429532
0.0,188,234.504691
1.0,11,234.509129
1.0,26,234.519583
1.0,25,234.529642
0.0,879,234.881015
1.0,11,234.885448
0.0,14,234.891185
1.0,23,234.900374
0.0,91,234.936619
1.0,17,234.943634
0.0,4,234.94544
1.0,26,234.955918
0.0,189,235.031131
1.0,13,235.03635
1.0,26,235.046751
1.0,30,235.058787
0.0,299,235.17816
1.0,15,235.184189
1.0,24,235.193859
0.0,9,235.197477
0.0,137,235.252486
1.0,13,235.257719
1.0,25,235.26775
0.0,24,235.27737
0.0,254,235.379242
1.0,13,235.384443
1.0,25,235.394489
0.0,15,235.400569
0.0,73,235.429576
1.0,11,235.434003
0.0,21,235.442467
0.0,18,235.449758
0.0,50,235.469686
1.0,11,235.474141
1.0,23,235.483373
1.0,23,235.492571
0.0,34,235.506165
1.0,12,235.511027
1.0,25,235.521107
1.0,24,235.530736
0.0,211,235.61493
1.0,11,235.619361
0.0,16,235.625827
1.0,23,235.635036
0.0,40,235.651016
1.0,11,235.655427
0.0,21,235.663862
1.0,25,235.673891
0.0,143,235.730956
1.0,11,235.735395
0.0,4,235.737032
0.0,16,235.743452
0.0,742,236.0394
1.0,11,236.043833
1.0,26,236.054256
1.0,25,236.064243
0.0,234,236.157284
1.0,11,236.161738
1.0,23,236.170988
0.0,22,236.179818
0.0,174,236.249079
1.0,12,236.253898
0.0,14,236.259519
1.0,25,236.269573
0.0,108,236.31246
1.0,11,236.316863
1.0,25,236.326853
0.0,16,236.333259
0.0,59,236.35681
1.0,11,236.361228
1.0,26,236.371646
0.0,18,236.378853
0.0,19,236.38642
1.0,11,236.390979
1.0,25,236.400957
1.0,27,236.411759
0.0,154,236.473695
1.0,11,236.478128
1.0,25,236.488433
1.0,27,236.499678
0.0,998,236.899939
1.0,11,236.904553
1.0,25,236.914697
1.0,25,236.924776
0.0,608,237.16925
1.0,15,237.175548
0.0,18,237.182872
1.0,26,237.193364
0.0,77,237.2253
1.0,12,237.230251
1.0,27,237.241368
1.0,25,237.251666
0.0,14,237.257316
1.0,11,237.261869
1.0,29,237.273568
0.0,12,237.278429
0.0,509,237.482627
1.0,11,237.487114
1.0,25,237.49727
1.0,28,237.508573
0.0,261,237.613942
1.0,11,237.618503
1.0,27,237.629472
1.0,26,237.640043
0.0,48,237.66063
1.0,12,237.665514
1.0,28,237.6769
1.0,27,237.687827
0.0,744,237.988177
1.0,15,237.994704
1.0,23,238.004352
1.0,25,238.014893
0.0,300,238.140993
1.0,13,238.147062
1.0,24,238.158083
1.0,26,238.17007
0.0,173,238.25459
1.0,11,238.259792
1.0,26,238.271572
1.0,28,238.284656
0.0,297,238.43216
1.0,11,238.437043
1.0,26,238.449027
1.0,27,238.461722
0.0,305,238.614255
1.0,11,238.619136
1.0,23,238.629817
0.0,15,238.63654
0.0,98,238.684149
1.0,11,238.689078
1.0,23,238.699634
0.0,18,238.707852
0.0,146,238.781765
1.0,13,238.787611
1.0,26,238.800058
1.0,25,238.811745
0.0,41,238.830721
1.0,12,238.836093
1.0,23,238.846814
1.0,25,238.858476
0.0,195,238.955908
1.0,17,238.963576
1.0,30,238.977899
0.0,14,238.984133
0.0,168,239.067176
1.0,11,239.072077
0.0,8,239.075608
0.0,14,239.081795
0.0,852,239.512142
1.0,11,239.517012
0.0,8,239.520766
1.0,23,239.531403
0.0,125,239.591953
1.0,12,239.597324
1.0,25,239.608671
1.0,25,239.620484
0.0,68,239.652729
1.0,11,239.65766
1.0,28,239.670951
0.0,6,239.673796
0.0,272,239.810972
1.0,12,239.816214
1.0,28,239.829125
1.0,26,239.841385
0.0,130,239.902947
1.0,11,239.907793
1.0,23,239.918341
0.0,15,239.925034
0.0,373,240.109658
0.0,9,240.113695
0.0,19,240.122583
0.0,21,240.132191
0.0,489,240.375019
1.0,11,240.379893
1.0,28,240.392408
1.0,24,240.403477
0.0,618,240.716019
1.0,11,240.720863
1.0,23,240.731686
1.0,23,240.742496
0.0,29,240.755767
1.0,11,240.760607
1.0,25,240.772206
0.0,6,240.775034
0.0,125,240.83687
0.0,4,240.838765
1.0,27,240.851522
1.0,28,240.864715
0.0,424,241.069615
1.0,12,241.074652
1.0,29,241.086859
0.0,19,241.095269
0.0,620,241.34644
1.0,11,241.35091
1.0,25,241.360973
0.0,8,241.364193
0.0,515,241.571666
1.0,13,241.576916
1.0,27,241.58778
1.0,25,241.598026
0.0,74,241.627657
1.0,13,241.632887
1.0,25,241.642997
1.0,24,241.65265
0.0,60,241.676807
1.0,11,241.681253
1.0,23,241.690632
0.0,4,241.692245
0.0,84,241.725948
1.0,11,241.730399
1.0,25,241.740498
1.0,25,241.750689
0.0,264,241.856071
1.0,11,241.860515
1.0,23,241.869843
1.0,24,241.879533
0.0,64,241.905721
1.0,11,241.910148
1.0,28,241.921435
1.0,27,241.932281
0.0,247,242.031737
1.0,13,242.03698
1.0,31,242.049445
1.0,23,242.058694
0.0,31,242.071082
1.0,13,242.076299
1.0,23,242.085582
1.0,23,242.094924
0.0,128,242.145927
1.0,11,242.150394
1.0,26,242.160858
1.0,27,242.171763
0.0,234,242.265879
1.0,13,242.271136
1.0,26,242.281629
1.0,25,242.291677
0.0,426,242.462277
1.0,13,242.467579
1.0,23,242.476791
0.0,4,242.478412
0.0,121,242.527033
1.0,15,242.533059
0.0,19,242.540742
0.0,19,242.548435
0.0,29,242.560043
1.0,11,242.564491
1.0,24,242.574123
1.0,30,242.586177
0.0,96,242.624626
1.0,13,242.62988
1.0,31,242.642296
1.0,31,242.654881
0.0,526,242.864508
1.0,12,242.869335
1.0,28,242.88063
1.0,27,242.891604
0.0,155,242.95363
1.0,11,242.958183
1.0,26,242.968597
1.0,29,242.980253
0.0,21,242.988749
1.0,13,242.993987
1.0,25,243.004218
0.0,21,243.012626
0.0,86,243.047123
1.0,11,243.051561
1.0,23,243.060772
1.0,27,243.071665
0.0,125,243.122157
1.0,13,243.127393
0.0,4,243.129003
1.0,29,243.140607
0.0,374,243.29055
1.0,11,243.294983
1.0,23,243.304268
0.0,16,243.310686
0.0,272,243.419816
1.0,13,243.42505
1.0,24,243.434717
1.0,25,243.44473
0.0,46,243.463228
1.0,12,243.468047
1.0,29,243.479663
1.0,24,243.489376
0.0,53,243.51051
1.0,19,243.518137
1.0,32,243.531101
1.0,23,243.540345
0.0,374,243.690221
1.0,11,243.694647
1.0,27,243.705456
1.0,26,243.716368
0.0,61,243.740676
1.0,11,243.745121
1.0,27,243.755995
1.0,23,243.765203
0.0,382,243.917712
1.0,11,243.922138
0.0,19,243.929771
1.0,26,243.940237
0.0,159,244.004282
1.0,12,244.0091
1.0,25,244.0192
0.0,16,244.025693
0.0,123,244.0749
1.0,13,244.08012
0.0,10,244.084131
1.0,25,244.094212
0.0,24,244.103803
1.0,11,244.108232
1.0,29,244.119855
1.0,23,244.129148
0.0,1000,244.528841
0.0,7,244.531691
1.0,25,244.541711
1.0,25,244.551712
0.0,303,244.673213
1.0,11,244.677655
0.0,6,244.68007
1.0,27,244.690899
0.0,118,244.738127
1.0,11,244.742542
1.0,31,244.754905
1.0,25,244.764923
0.0,147,244.823478
1.0,12,244.828308
1.0,23,244.837528
1.0,27,244.84845
0.0,335,244.98263
1.0,12,244.987446
1.0,23,244.996689
1.0,25,245.006802
0.0,636,245.261927
1.0,11,245.266445
1.0,30,245.278402
1.0,25,245.288401
0.0,105,245.330205
0.0,9,245.333814
1.0,25,245.34389
1.0,25,245.35394
0.0,126,245.404284
1.0,11,245.40871
0.0,16,245.415218
0.0,16,245.421617
0.0,125,245.471963
1.0,11,245.476392
1.0,23,245.485596
1.0,25,245.495683
0.0,127,245.546802
1.0,11,245.551253
0.0,19,245.558898
1.0,29,245.570566
0.0,113,245.615672
1.0,11,245.620098
1.0,23,245.629307
1.0,27,245.64013
0.0,60,245.664183
1.0,11,245.668608
1.0,24,245.678227
1.0,31,245.690818
0.0,141,245.747194
1.0,14,245.75282
1.0,29,245.764516
1.0,25,245.77462
0.0,71,245.802895
1.0,11,245.807317
1.0,26,245.817741
1.0,26,245.828125
0.0,41,245.844611
1.0,12,245.849415
1.0,25,245.859415
1.0,24,245.869133
0.0,192,245.945988
0.0,6,245.948409
0.0,21,245.956812
1.0,30,245.968821
0.0,51,245.989277
1.0,11,245.99375
1.0,23,246.002971
1.0,26,246.013394
0.0,254,246.115765
1.0,11,246.120238
1.0,25,246.130268
1.0,25,246.14039
0.0,90,246.176483
1.0,13,246.18178
1.0,30,246.193799
1.0,23,246.203005
0.0,245,246.301277
1.0,13,246.306513
1.0,29,246.318103
1.0,28,246.329448
0.0,6,246.331863
1.0,11,246.336277
0.0,8,246.339494
1.0,23,246.348715
0.0,92,246.38564
1.0,11,246.390071
1.0,23,246.399522
1.0,23,246.408783
0.0,44,246.426264
1.0,11,246.430689
0.0,12,246.435626
0.0,14,246.441253
0.0,243,246.538729
1.0,11,246.543171
1.0,23,246.552533
1.0,30,246.564532
0.0,214,246.65039
0.0,7,246.653208
1.0,27,246.664151
1.0,25,246.674198
0.0,97,246.71304
1.0,11,246.717862
0.0,14,246.723548
1.0,33,246.736754
0.0,122,246.785775
1.0,11,246.790194
0.0,14,246.795818
1.0,28,246.807011
0.0,233,246.900053
1.0,13,246.905281
0.0,19,246.912908
0.0,6,246.915311
0.0,807,247.238769
1.0,11,247.243232
0.0,13,247.248449
0.0,17,247.255597
0.0,154,247.31777
1.0,11,247.32223
1.0,29,247.333867
1.0,30,247.346002
0.0,248,247.445287
1.0,13,247.450493
0.0,17,247.457356
0.0,12,247.462168
0.0,899,247.82226
1.0,14,247.827912
1.0,23,247.837307
0.0,8,247.840513
0.0,304,247.962298
0.0,2,247.96312
0.0,16,247.969551
1.0,23,247.978807
0.0,96,248.017172
1.0,13,248.022467
1.0,25,248.032576
1.0,29,248.044186
0.0,227,248.135168
0.0,2,248.135984
1.0,23,248.145368
1.0,25,248.155402
0.0,90,248.191356
1.0,11,248.195776
1.0,25,248.205804
1.0,25,248.215909
0.0,181,248.288543
1.0,12,248.293349
0.0,12,248.298172
1.0,29,248.309755
0.0,974,248.699597
1.0,11,248.704066
1.0,27,248.714881
1.0,25,248.724869
0.0,143,248.78196
1.0,11,248.786362
1.0,23,248.795603
1.0,27,248.806378
0.0,474,248.996444
1.0,12,249.001289
1.0,25,249.011344
1.0,29,249.02303
0.0,173,249.092916
0.0,9,249.096691
1.0,25,249.107277
1.0,25,249.117438
0.0,168,249.184551
1.0,11,249.189027
1.0,26,249.19951
1.0,26,249.209928
0.0,305,249.331166
1.0,13,249.33637
0.0,14,249.341967
1.0,27,249.352846
0.0,274,249.46335
1.0,11,249.467754
1.0,23,249.476938
0.0,10,249.480944
0.0,106,249.523126
0.0,9,249.526746
1.0,23,249.536059
1.0,32,249.54886
0.0,117,249.595633
1.0,15,249.601636
0.0,14,249.60727
1.0,25,249.617368
0.0,47,249.636142
1.0,13,249.641352
1.0,23,249.650634
0.0,6,249.653026
0.0,459,249.836602
1.0,12,249.841535
0.0,15,249.847541
1.0,25,249.857538
0.0,183,249.930631
1.0,12,249.935417
1.0,33,249.948591
1.0,29,249.96051
0.0,56,249.9829
1.0,14,249.988494
1.0,30,250.000566
1.0,31,250.012956
0.0,649,250.271829
1.0,13,250.277043
1.0,25,250.287402
1.0,30,250.299544
0.0,80,250.33149
1.0,11,250.335908
1.0,25,250.345908
1.0,30,250.357889
0.0,75,250.387792
1.0,13,250.393084
1.0,29,250.40476
1.0,29,250.416411
0.0,329,250.547889
0.0,7,250.550712
1.0,27,250.561621
1.0,24,250.57125
0.0,220,250.659019
1.0,11,250.663439
1.0,28,250.674758
0.0,6,250.677165
0.0,483,250.869707
1.0,11,250.87413
1.0,29,250.886118
1.0,25,250.896474
0.0,322,251.025275
1.0,11,251.029716
1.0,25,251.039692
1.0,29,251.051348
0.0,615,251.297004
1.0,11,251.301424
1.0,27,251.31225
1.0,25,251.322278
0.0,186,251.396712
1.0,11,251.401126
1.0,28,251.412311
1.0,31,251.424728
0.0,72,251.453517
0.0,6,251.455935
1.0,25,251.466275
1.0,26,251.476681
0.0,27,251.487805
1.0,13,251.493043
1.0,23,251.502363
1.0,27,251.513139
0.0,492,251.710014
1.0,11,251.714439
1.0,27,251.725428
0.0,6,251.727922
0.0,82,251.760634
0.0,8,251.763865
1.0,26,251.774393
1.0,26,251.7848
0.0,260,251.888615
1.0,13,251.893914
1.0,23,251.903154
1.0,25,251.913174
0.0,96,251.951641
1.0,12,251.95655
1.0,27,251.967396
1.0,28,251.979201
0.0,111,252.023945
1.0,11,252.028375
1.0,27,252.039277
1.0,29,252.050931
0.0,19,252.058508
1.0,11,252.062924
0.0,18,252.070172
1.0,23,252.079422
0.0,2,252.080235
0.0,4,252.081847
1.0,23,252.091436
0.0,12,252.096363
0.0,919,252.463558
1.0,13,252.468792
1.0,27,252.479621
1.0,25,252.489714
0.0,164,252.555235
1.0,11,252.559737
1.0,25,252.569772
0.0,16,252.576183
0.0,320,252.705172
1.0,13,252.710477
0.0,15,252.716495
1.0,24,252.726145
0.0,170,252.794429
1.0,12,252.79926
1.0,25,252.809294
1.0,27,252.820107
0.0,480,253.012274
0.0,4,253.014009
0.0,8,253.017222
0.0,8,253.020433
0.0,25,253.030463
1.0,11,253.034887
1.0,23,253.04427
1.0,23,253.053563
0.0,116,253.10068
1.0,11,253.105135
0.0,6,253.107688
1.0,24,253.11763
0.0,240,253.214226
0.0,4,253.215848
0.0,19,253.22348
1.0,23,253.232725
0.0,283,253.346711
1.0,11,253.35115
1.0,25,253.361214
1.0,26,253.371624
0.0,668,253.639425
1.0,15,253.645452
0.0,6,253.647871
0.0,16,253.654262
0.0,137,253.708943
1.0,11,253.713366
1.0,28,253.724564
0.0,9,253.728153
0.0,106,253.770695
0.0,9,253.774311
1.0,34,253.78792
1.0,23,253.797131
0.0,202,253.878071
0.0,4,253.879695
0.0,6,253.882192
1.0,28,253.89388
0.0,312,254.018466
1.0,13,254.023782
1.0,24,254.033495
1.0,27,254.044362
0.0,17,254.051164
1.0,11,254.055659
1.0,23,254.064866
1.0,28,254.076158
0.0,258,254.179116
1.0,13,254.184463
0.0,8,254.187675
1.0,30,254.199739
0.0,100,254.239645
0.0,9,254.243269
1.0,23,254.252504
0.0,8,254.255717
0.0,348,254.394539
1.0,11,254.398976
1.0,26,254.409666
1.0,23,254.418945
0.0,29,254.430558
1.0,13,254.435775
1.0,24,254.445364
1.0,23,254.454653
0.0,123,254.504355
1.0,12,254.509182
1.0,25,254.519239
0.0,12,254.524093
0.0,643,254.780504
1.0,12,254.785397
1.0,32,254.798353
1.0,25,254.80839
0.0,154,254.870028
1.0,13,254.875247
0.0,21,254.883754
1.0,25,254.893934
0.0,271,255.002071
1.0,15,255.008088
1.0,25,255.018203
1.0,25,255.028289
0.0,47,255.047071
1.0,11,255.051485
1.0,26,255.061981
1.0,27,255.072818
0.0,139,255.129045
1.0,13,255.134393
1.0,29,255.145991
1.0,31,255.15841
0.0,161,255.222957
1.0,13,255.228195
1.0,25,255.238204
1.0,25,255.248327
0.0,241,255.344852
1.0,15,255.350887
1.0,23,255.360216
1.0,26,255.370632
0.0,17,255.37745
1.0,13,255.382663
1.0,33,255.39607
1.0,26,255.406494
0.0,129,255.457961
1.0,11,255.46246
1.0,26,255.472993
1.0,23,255.482234
0.0,65,255.50829
1.0,15,255.514305
1.0,25,255.524512
1.0,25,255.534558
0.0,121,255.582987
1.0,13,255.5883
0.0,14,255.594
1.0,26,255.604389
0.0,313,255.730154
1.0,14,255.735875
1.0,26,255.746289
1.0,25,255.756278
0.0,233,255.849508
1.0,11,255.853931
0.0,8,255.857128
1.0,28,255.868343
0.0,157,255.931068
1.0,12,255.935892
1.0,28,255.947106
1.0,30,255.959124
0.0,398,256.118493
1.0,12,256.123317
1.0,25,256.133356
1.0,23,256.142604
0.0,38,256.157758
1.0,11,256.16218
1.0,28,256.173391
1.0,29,256.185051
0.0,30,256.197073
1.0,11,256.201537
1.0,23,256.21078
1.0,23,256.219989
0.0,417,256.386923
1.0,13,256.392218
0.0,14,256.397946
1.0,28,256.409129
0.0,304,256.530751
1.0,14,256.536371
0.0,6,256.538774
0.0,4,256.540382
0.0,49,256.559947
1.0,11,256.564355
1.0,23,256.573591
1.0,26,256.584078
0.0,396,256.743616
1.0,13,256.748862
0.0,4,256.750473
1.0,23,256.75988
0.0,133,256.813185
1.0,11,256.817621
1.0,23,256.826875
1.0,28,256.838184
0.0,2,256.838996
1.0,13,256.844207
1.0,27,256.855008
1.0,25,256.865058
0.0,74,256.894952
0.0,2,256.895766
1.0,26,256.906618
1.0,23,256.915962
0.0,823,257.24788
1.0,12,257.252958
1.0,23,257.262173
1.0,24,257.271786
0.0,303,257.394329
0.0,6,257.396751
1.0,28,257.408056
1.0,30,257.420065
0.0,74,257.44963
1.0,11,257.454044
1.0,23,257.463231
1.0,30,257.475585
0.0,735,257.769055
1.0,13,257.774293
1.0,23,257.783607
1.0,23,257.792811
0.0,335,257.926828
1.0,11,257.931286
0.0,19,257.938881
1.0,26,257.949304
0.0,105,257.991266
1.0,11,257.995671
1.0,23,258.004879
0.0,9,258.00848
0.0,226,258.098761
1.0,11,258.103466
1.0,23,258.112796
1.0,30,258.124863
0.0,59,258.148433
1.0,16,258.154885
0.0,6,258.157287
1.0,29,258.168865
0.0,157,258.231302
0.0,9,258.234926
0.0,16,258.241318
0.0,17,258.248126
0.0,297,258.366616
1.0,15,258.372601
1.0,26,258.383027
1.0,27,258.393872
0.0,190,258.469702
1.0,13,258.474916
0.0,14,258.480513
1.0,25,258.490504
0.0,249,258.589898
0.0,4,258.591526
1.0,26,258.60198
1.0,23,258.611326
0.0,273,258.720795
1.0,14,258.726516
0.0,8,258.729761
1.0,23,258.738972
0.0,194,258.816559
1.0,18,258.823762
1.0,25,258.833742
1.0,23,258.843053
0.0,255,258.944769
1.0,13,258.950045
1.0,23,258.95924
1.0,25,258.969409
0.0,336,259.103309
0.0,8,259.106537
1.0,23,259.115779
1.0,23,259.125002
0.0,270,259.232933
1.0,11,259.237455
1.0,23,259.246674
1.0,30,259.258724
0.0,47,259.277526
1.0,13,259.282733
0.0,17,259.289585
1.0,33,259.302874
0.0,66,259.329513
1.0,13,259.334873
1.0,29,259.346548
1.0,25,259.356597
0.0,38,259.371746
1.0,16,259.378175
1.0,26,259.388586
0.0,17,259.395804
0.0,207,259.479652
0.0,7,259.482478
0.0,4,259.484092
1.0,24,259.49368
0.0,18,259.500829
1.0,16,259.507259
1.0,23,259.51653
1.0,29,259.528198
0.0,210,259.611856
1.0,11,259.616269
0.0,19,259.623918
1.0,23,259.633229
0.0,606,259.874727
1.0,12,259.879596
1.0,25,259.889593
1.0,30,259.901649
0.0,665,260.167631
1.0,11,260.172064
1.0,28,260.183239
1.0,24,260.192794
0.0,107,260.2355
0.0,7,260.238315
1.0,23,260.247522
1.0,23,260.256697
0.0,391,260.412707
1.0,11,260.417139
1.0,28,260.428401
1.0,24,260.437986
0.0,18,260.445178
1.0,11,260.449606
0.0,15,260.455598
0.0,4,260.4572
0.0,262,260.562481
1.0,13,260.567716
1.0,24,260.577384
1.0,29,260.589131
0.0,124,260.639036
1.0,12,260.643876
1.0,25,260.653942
1.0,23,260.663239
0.0,67,260.689911
1.0,12,260.694731
1.0,26,260.705158
1.0,23,260.71441
0.0,267,260.821056
1.0,11,260.825488
1.0,24,260.835112
1.0,27,260.846004
0.0,1000,261.24701
1.0,11,261.251488
1.0,28,261.262778
1.0,24,261.272397
0.0,477,261.463042
1.0,14,261.468657
0.0,15,261.474679
1.0,23,261.483945
0.0,111,261.528271
1.0,11,261.532706
1.0,28,261.543921
1.0,29,261.555522
0.0,110,261.59965
1.0,15,261.605652
1.0,27,261.616468
1.0,28,261.627701
0.0,128,261.678907
1.0,11,261.683329
1.0,23,261.692549
1.0,23,261.701759
0.0,72,261.731045
1.0,13,261.736313
1.0,27,261.747254
1.0,25,261.757301
0.0,247,261.85598
1.0,11,261.860461
1.0,25,261.870497
1.0,31,261.882931
0.0,390,262.039322
1.0,11,262.043742
1.0,23,262.052994
1.0,23,262.062255
0.0,57,262.084927
1.0,13,262.09017
1.0,23,262.099407
1.0,23,262.108716
0.0,235,262.202569
1.0,11,262.206978
1.0,25,262.216994
1.0,25,262.226992
0.0,124,262.277206
0.0,4,262.278829
1.0,24,262.288471
1.0,24,262.298083
0.0,60,262.322462
1.0,19,262.330046
1.0,23,262.339293
1.0,23,262.348509
0.0,134,262.402054
1.0,15,262.408076
1.0,25,262.418089
1.0,28,262.429377
0.0,111,262.473633
1.0,11,262.478055
1.0,25,262.488065
1.0,25,262.498093
0.0,24,262.507751
1.0,11,262.512171
1.0,27,262.522985
1.0,27,262.533827
0.0,41,262.550156
1.0,11,262.554589
1.0,25,262.564597
1.0,23,262.573826
0.0,34,262.587491
1.0,12,262.592307
1.0,24,262.601926
1.0,23,262.61114
0.0,108,262.654401
1.0,12,262.659199
1.0,28,262.670393
1.0,25,262.680417
0.0,239,262.77555
1.0,12,262.780372
1.0,31,262.792825
1.0,27,262.803751
0.0,253,262.904828
1.0,11,262.909261
0.0,16,262.916094
1.0,25,262.926192
0.0,425,263.095936
1.0,12,263.100771
1.0,27,263.111707
0.0,9,263.11533
0.0,384,263.269256
1.0,11,263.27368
1.0,25,263.283709
1.0,23,263.292922
0.0,160,263.35692
1.0,13,263.362135
1.0,27,263.373067
1.0,26,263.38349
0.0,230,263.47603
1.0,11,263.480603
1.0,23,263.489951
1.0,23,263.499177
0.0,50,263.519552
1.0,13,263.524848
1.0,23,263.534152
0.0,14,263.539783
0.0,105,263.581955
1.0,11,263.586388
1.0,27,263.597313
0.0,6,263.599743
0.0,180,263.671671
1.0,11,263.676224
1.0,23,263.685436
1.0,30,263.697525
0.0,71,263.726027
0.0,2,263.726843
1.0,23,263.736054
1.0,29,263.747659
0.0,36,263.762046
1.0,11,263.766452
1.0,25,263.776515
1.0,25,263.786614
0.0,11,263.791018
1.0,12,263.795834
1.0,27,263.806617
1.0,25,263.816604
0.0,261,263.921227
1.0,19,263.928781
1.0,29,263.940475
1.0,24,263.950071
0.0,337,264.084827
1.0,11,264.089375
1.0,27,264.100226
1.0,24,264.109872
0.0,640,264.3668
1.0,13,264.37205
1.0,25,264.382074
1.0,27,264.393458
0.0,41,264.410458
1.0,11,264.415068
1.0,23,264.424339
1.0,24,264.434143
0.0,418,264.60258
0.0,4,264.6042
1.0,29,264.615838
1.0,31,264.628348
0.0,23,264.637539
1.0,13,264.642751
0.0,12,264.647564
1.0,24,264.657265
0.0,57,264.680079
1.0,11,264.684498
0.0,24,264.694253
1.0,27,264.705093
0.0,488,264.90115
1.0,11,264.905579
1.0,29,264.917388
1.0,25,264.927464
0.0,48,264.946595
1.0,12,264.951421
1.0,25,264.961483
0.0,8,264.964703
0.0,153,265.026324
0.0,2,265.02714
0.0,14,265.032938
1.0,23,265.042572
0.0,440,265.219409
1.0,11,265.223923
0.0,16,265.230341
1.0,30,265.242319
0.0,349,265.382042
1.0,11,265.386455
1.0,25,265.396757
1.0,34,265.410343
0.0,248,265.509599
1.0,11,265.514035
1.0,27,265.524843
1.0,25,265.535163
0.0,313,265.660455
1.0,11,265.664864
1.0,31,265.678041
1.0,25,265.688231
0.0,601,265.929528
0.0,9,265.933172
1.0,24,265.942799
1.0,23,265.952009
0.0,192,266.029119
1.0,11,266.033552
0.0,8,266.036741
1.0,27,266.047753
0.0,11,266.052165
1.0,11,266.056644
1.0,32,266.069442
1.0,26,266.079847
0.0,332,266.212539
1.0,11,266.216996
1.0,26,266.227398
1.0,27,266.238219
0.0,80,266.27015
1.0,12,266.274965
1.0,26,266.285433
1.0,29,266.29702
0.0,139,266.352259
1.0,11,266.356754
1.0,27,266.367566
0.0,12,266.372377
0.0,158,266.435891
0.0,10,266.439918
0.0,8,266.443119
1.0,26,266.453521
0.0,266,266.560913
1.0,13,266.566119
1.0,24,266.57573
1.0,31,266.588174
0.0,76,266.618517
1.0,11,266.623014
0.0,20,266.631017
1.0,24,266.640578
0.0,10,266.644577
1.0,15,266.650573
1.0,25,266.66066
1.0,26,266.67103
0.0,70,266.69878
1.0,11,266.703195
1.0,26,266.713561
1.0,25,266.723557
0.0,213,266.808565
1.0,11,266.813087
1.0,23,266.822297
1.0,28,266.833512
0.0,286,266.948727
1.0,11,266.953155
1.0,26,266.963886
1.0,25,266.973922
0.0,162,267.03911
1.0,11,267.043678
1.0,25,267.053793
1.0,23,267.06301
0.0,124,267.112573
1.0,14,267.118282
1.0,25,267.128615
1.0,29,267.140211
0.0,106,267.182631
1.0,11,267.187062
0.0,7,267.189957
1.0,24,267.199555
0.0,115,267.245754
1.0,13,267.250948
1.0,29,267.262864
1.0,24,267.272561
0.0,441,267.449021
1.0,11,267.453536
1.0,29,267.46515
1.0,23,267.474329
0.0,106,267.516606
1.0,11,267.521006
1.0,27,267.53219
0.0,18,267.539383
0.0,346,267.67744
1.0,11,267.681974
1.0,27,267.692804
1.0,29,267.704437
0.0,58,267.728047
1.0,13,267.733306
1.0,25,267.743351
1.0,27,267.754218
0.0,287,267.869146
0.0,7,267.872053
1.0,23,267.881361
1.0,23,267.890579
0.0,70,267.918989
1.0,12,267.923785
1.0,24,267.933407
1.0,23,267.942721
0.0,258,268.046782
1.0,11,268.051208
1.0,23,268.060445
1.0,31,268.072855
0.0,54,268.094451
1.0,11,268.098945
1.0,25,268.109058
1.0,23,268.118281
0.0,137,268.173054
1.0,13,268.178262
1.0,27,268.189133
1.0,27,268.19996
0.0,12,268.204777
0.0,9,268.2084
0.0,24,268.218071
0.0,23,268.227313
0.0,267,268.334563
1.0,11,268.338989
1.0,27,268.349809
1.0,26,268.36028
0.0,121,268.408853
1.0,13,268.414349
1.0,24,268.423963
1.0,26,268.434353
0.0,186,268.508623
1.0,11,268.513109
1.0,32,268.525914
1.0,23,268.53535
0.0,70,268.56367
1.0,11,268.568087
1.0,28,268.579292
1.0,30,268.591531
0.0,89,268.627337
1.0,11,268.63177
1.0,23,268.641007
1.0,25,268.651004
0.0,448,268.829882
1.0,13,268.835129
0.0,14,268.840759
1.0,25,268.850796
0.0,1000,269.253674
1.0,12,269.258543
1.0,23,269.267829
1.0,26,269.278201
0.0,65,269.304178
1.0,11,269.308708
1.0,23,269.317934
1.0,26,269.328372
0.0,349,269.468919
1.0,11,269.473345
1.0,26,269.483978
1.0,23,269.493338
0.0,314,269.62069
0.0,4,269.622324
1.0,25,269.632312
1.0,23,269.641515
0.0,116,269.687839
1.0,13,269.693043
1.0,24,269.702626
1.0,28,269.713807
0.0,67,269.740738
1.0,11,269.745161
1.0,25,269.75518
0.0,6,269.757596
0.0,144,269.815124
1.0,11,269.819541
0.0,20,269.827521
1.0,31,269.840025
0.0,55,269.86182
1.0,13,269.867053
1.0,25,269.87722
1.0,24,269.886806
0.0,65,269.913436
1.0,13,269.918642
0.0,21,269.927068
1.0,30,269.939146
0.0,241,270.035754
1.0,11,270.040178
1.0,28,270.051721
1.0,25,270.061748
0.0,250,270.162348
1.0,11,270.166797
0.0,8,270.170016
1.0,26,270.180528
0.0,24,270.190126
1.0,11,270.19456
1.0,23,270.203792
1.0,29,270.215488
0.0,51,270.235813
0.0,4,270.237436
1.0,25,270.247459
1.0,23,270.256764
0.0,35,270.270811
1.0,13,270.276019
1.0,26,270.286444
1.0,23,270.295707
0.0,50,270.31565
1.0,11,270.320082
1.0,24,270.32978
0.0,14,270.33539
0.0,376,270.486164
1.0,15,270.492134
1.0,27,270.502924
1.0,25,270.512898
0.0,335,270.647171
1.0,11,270.651595
1.0,27,270.662398
1.0,25,270.672489
0.0,68,270.699657
1.0,13,270.704928
1.0,25,270.714926
1.0,25,270.724915
0.0,99,270.764627
1.0,14,270.770252
1.0,23,270.779495
0.0,19,270.787191
0.0,166,270.853599
1.0,11,270.858094
0.0,19,270.865716
1.0,26,270.876136
0.0,322,271.006026
1.0,11,271.0105
0.0,21,271.018977
1.0,25,271.029336
0.0,587,271.264127
1.0,13,271.269357
1.0,25,271.27948
0.0,25,271.289506
0.0,47,271.308331
1.0,11,271.312831
0.0,8,271.316047
1.0,24,271.32565
0.0,147,271.385042
1.0,11,271.389465
1.0,23,271.398889
1.0,23,271.408123
0.0,37,271.423122
0.0,10,271.427142
1.0,25,271.437193
1.0,25,271.44721
0.0,201,271.527681
1.0,13,271.532913
1.0,25,271.543014
1.0,23,271.552525
0.0,156,271.61509
0.0,6,271.617523
1.0,28,271.628788
1.0,27,271.639656
0.0,33,271.652962
1.0,11,271.657404
1.0,23,271.666641
1.0,26,271.677091
0.0,94,271.714858
1.0,14,271.720485
0.0,6,271.722908
1.0,26,271.733483
0.0,273,271.84289
1.0,11,271.847411
1.0,27,271.858317
1.0,31,271.870773
0.0,192,271.948328
1.0,11,271.952817
1.0,25,271.962899
0.0,16,271.969341
0.0,124,272.019314
1.0,11,272.023767
1.0,25,272.034237
0.0,19,272.041932
0.0,589,272.278921
1.0,11,272.283373
1.0,23,272.292693
0.0,12,272.297542
0.0,71,272.326055
1.0,19,272.333719
1.0,23,272.342957
1.0,23,272.352178
0.0,55,272.374105
1.0,13,272.379336
1.0,25,272.389395
1.0,25,272.399724
0.0,87,272.434817
1.0,12,272.43964
1.0,24,272.449393
1.0,27,272.460195
0.0,86,272.495
0.0,5,272.497013
0.0,15,272.50304
1.0,25,272.513072
0.0,134,272.567402
1.0,17,272.574219
1.0,23,272.583515
0.0,6,272.586012
0.0,66,272.612631
1.0,11,272.617065
1.0,25,272.627064
0.0,4,272.628675
0.0,231,272.720883
1.0,13,272.726114
1.0,23,272.735359
1.0,24,272.745162
0.0,34,272.758785
1.0,11,272.763217
0.0,16,272.769647
1.0,33,272.782931
0.0,259,272.886516
1.0,11,272.890961
1.0,24,272.90101
1.0,25,272.911036
0.0,99,272.950898
1.0,11,272.955319
1.0,23,272.964577
0.0,4,272.966198
0.0,161,273.031037
0.0,7,273.033869
1.0,30,273.046174
1.0,23,273.055502
0.0,149,273.115498
1.0,11,273.119933
1.0,26,273.130466
1.0,23,273.139673
0.0,364,273.28721
1.0,13,273.292429
1.0,27,273.303241
1.0,28,273.314476
0.0,32,273.327298
1.0,13,273.33252
0.0,4,273.334131
1.0,27,273.344927
0.0,265,273.451536
0.0,6,273.453967
0.0,8,273.457186
1.0,28,273.468447
0.0,907,273.831158
1.0,13,273.836406
1.0,27,273.847249
0.0,15,273.853238
0.0,223,273.9434
0.0,4,273.945041
1.0,25,273.955128
1.0,25,273.965138
0.0,196,274.044996
1.0,13,274.050223
1.0,30,274.062287
1.0,29,274.073958
0.0,18,274.081161
1.0,11,274.085614
1.0,30,274.097633
1.0,27,274.108514
0.0,151,274.168706
1.0,15,274.174734
1.0,30,274.186845
0.0,6,274.189261
0.0,266,274.295816
1.0,12,274.300643
1.0,28,274.311816
1.0,24,274.321414
0.0,487,274.517906
1.0,11,274.522419
1.0,23,274.531905
1.0,29,274.543505
0.0,420,274.712057
1.0,13,274.717288
1.0,29,274.728895
0.0,20,274.736921
0.0,55,274.759007
1.0,17,274.76581
0.0,17,274.772647
1.0,23,274.781865
0.0,71,274.810259
1.0,13,274.815478
1.0,23,274.824806
1.0,27,274.835621
0.0,87,274.870474
1.0,11,274.874915
0.0,8,274.878192
1.0,24,274.887846
0.0,19,274.895473
1.0,11,274.900292
1.0,32,274.913105
1.0,29,274.924947
0.0,65,274.950954
1.0,14,274.95657
1.0,27,274.967766
0.0,6,274.970179
0.0,351,275.111285
1.0,11,275.115724
1.0,23,275.124934
1.0,26,275.135436
0.0,180,275.207443
1.0,11,275.211856
1.0,23,275.221061
1.0,28,275.23227
0.0,651,275.493724
1.0,14,275.499336
1.0,27,275.510201
1.0,23,275.51944
0.0,152,275.58114
0.0,4,275.582769
0.0,14,275.588384
1.0,23,275.597653
0.0,39,275.613253
1.0,14,275.61892
1.0,27,275.62976
1.0,25,275.639769
0.0,559,275.86324
1.0,13,275.868472
1.0,28,275.879744
0.0,17,275.886611
0.0,220,275.974787
1.0,11,275.979213
1.0,25,275.989207
0.0,12,275.994034
0.0,189,276.069963
1.0,13,276.075274
1.0,29,276.086888
1.0,31,276.099285
0.0,430,276.271853
0.0,6,276.27428
0.0,12,276.279103
1.0,29,276.290751
0.0,30,276.302855
1.0,12,276.307692
1.0,25,276.31772
1.0,25,276.327757
0.0,102,276.36854
1.0,11,276.372971
1.0,31,276.38551
1.0,24,276.395226
0.0,551,276.616925
0.0,8,276.620147
0.0,12,276.624934
0.0,6,276.627337
0.0,111,276.671647
1.0,13,276.676945
1.0,25,276.686984
0.0,16,276.693425
0.0,161,276.758288
1.0,11,276.762716
1.0,25,276.773103
1.0,25,276.783142
0.0,280,276.895109
1.0,14,276.901115
1.0,23,276.910501
1.0,26,276.92116
0.0,1000,277.326871
1.0,11,277.331381
1.0,26,277.341824
1.0,29,277.353458
0.0,56,277.376262
0.0,4,277.377886
1.0,24,277.387566
1.0,27,277.398889
0.0,483,277.59258
1.0,17,277.599422
0.0,22,277.608269
1.0,23,277.617518
0.0,72,277.646431
1.0,13,277.651653
1.0,23,277.660937
1.0,29,277.672574
0.0,93,277.709825
1.0,12,277.71466
1.0,27,277.725532
1.0,31,277.737988
0.0,7,277.7408
1.0,11,277.745214
1.0,27,277.756037
1.0,24,277.765722
0.0,307,277.888553
1.0,11,277.892992
1.0,27,277.90414
1.0,27,277.915262
0.0,218,278.003018
1.0,11,278.007465
1.0,25,278.017486
1.0,27,278.028311
0.0,135,278.082926
1.0,11,278.0874
0.0,8,278.090617
1.0,26,278.101029
0.0,207,278.183782
1.0,11,278.188236
0.0,21,278.196642
1.0,29,278.208235
0.0,803,278.530498
1.0,11,278.53493
1.0,23,278.544169
1.0,26,278.554893
0.0,270,278.663532
1.0,11,278.667973
1.0,25,278.678036
1.0,28,278.689346
0.0,70,278.717295
0.0,7,278.72012
1.0,25,278.730133
0.0,14,278.73575
0.0,63,278.760959
1.0,15,278.76699
1.0,25,278.777026
1.0,25,278.787041
0.0,178,278.858321
1.0,11,278.862735
0.0,18,278.870017
1.0,29,278.881726
0.0,76,278.912454
0.0,2,278.91327
0.0,6,278.915971
1.0,25,278.926026
0.0,705,279.208905
1.0,14,279.214552
1.0,25,279.224612
1.0,24,279.234254
0.0,185,279.308301
1.0,11,279.312739
0.0,8,279.315962
1.0,27,279.326872
0.0,92,279.363746
1.0,15,279.369948
1.0,25,279.380134
1.0,23,279.3894
0.0,96,279.428918
1.0,22,279.437871
1.0,27,279.448692
1.0,27,279.459534
0.0,885,279.813823
1.0,11,279.818248
1.0,25,279.828273
0.0,22,279.837077
0.0,805,280.160244
1.0,11,280.164676
1.0,23,280.173924
1.0,27,280.1847
0.0,158,280.247956
0.0,2,280.24877
1.0,32,280.261581
1.0,25,280.271656
0.0,89,280.307416
1.0,15,280.313447
1.0,27,280.324233
1.0,24,280.333836
0.0,130,280.386316
1.0,11,280.390745
1.0,25,280.401087
0.0,16,280.407501
0.0,119,280.455261
1.0,12,280.460644
1.0,29,280.472498
0.0,17,280.479422
0.0,441,280.656883
1.0,14,280.662518
0.0,17,280.669346
1.0,25,280.67935
0.0,137,280.734243
1.0,11,280.738672
1.0,25,280.748715
1.0,26,280.75919
0.0,313,280.884468
1.0,13,280.889735
1.0,23,280.899073
1.0,28,280.910481
0.0,46,280.929169
1.0,11,280.933618
1.0,25,280.943686
1.0,24,280.953433
0.0,125,281.004074
0.0,2,281.004897
1.0,28,281.016126
1.0,23,281.025467
0.0,85,281.060197
1.0,13,281.065415
1.0,23,281.074729
0.0,14,281.080358
0.0,184,281.154253
1.0,11,281.158696
1.0,25,281.168736
1.0,23,281.178137
0.0,318,281.306607
0.0,9,281.31025
0.0,12,281.315066
1.0,23,281.324371
0.0,556,281.548531
1.0,13,281.553798
0.0,6,281.556193
1.0,23,281.565434
0.0,256,281.668335
1.0,11,281.672772
1.0,26,281.683229
0.0,17,281.69008
0.0,123,281.739138
1.0,14,281.744791
1.0,25,281.754831
1.0,25,281.765009
0.0,155,281.826993
1.0,13,281.832278
1.0,27,281.843119
1.0,23,281.852356
0.0,144,281.910398
1.0,13,281.915695
1.0,25,281.925943
1.0,23,281.935227
0.0,180,282.007283
1.0,11,282.011709
1.0,27,282.022529
1.0,29,282.034403
0.0,246,282.133363
1.0,11,282.137793
1.0,23,282.147027
1.0,25,282.157186
0.0,49,282.176855
1.0,11,282.181348
1.0,24,282.190983
0.0,18,282.198321
0.0,178,282.2703
1.0,13,282.275526
0.0,4,282.277133
1.0,25,282.287163
0.0,95,282.325288
1.0,11,282.329717
1.0,25,282.340434
1.0,23,282.349777
0.0,132,282.402904
0.0,4,282.404517
1.0,27,282.415334
1.0,25,282.425694
0.0,265,282.531982
1.0,11,282.536484
0.0,12,282.541306
1.0,25,282.55163
0.0,155,282.613781
1.0,15,282.619771
1.0,23,282.629002
1.0,27,282.639837
0.0,20,282.647873
1.0,14,282.653523
1.0,23,282.662754
1.0,25,282.672737
0.0,274,282.78282
1.0,11,282.787241
1.0,24,282.79684
1.0,30,282.808906
0.0,181,282.881135
1.0,11,282.885571
0.0,17,282.89237
0.0,8,282.895591
0.0,393,283.054553
1.0,13,283.059802
1.0,29,283.07152
1.0,25,283.081577
0.0,202,283.162173
1.0,13,283.167411
1.0,27,283.178325
1.0,27,283.189185
0.0,57,283.212132
1.0,11,283.216596
1.0,25,283.226647
1.0,24,283.236302
0.0,27,283.24809
1.0,13,283.253399
1.0,25,283.263474
1.0,23,283.272729
0.0,426,283.444769
1.0,11,283.449238
1.0,24,283.458941
1.0,29,283.47065
0.0,123,283.520137
1.0,11,283.524709
1.0,26,283.535882
1.0,29,283.547945
0.0,236,283.642632
1.0,11,283.647096
0.0,17,283.653954
1.0,26,283.664422
0.0,155,283.726604
1.0,12,283.731446
1.0,23,283.740727
0.0,20,283.748827
0.0,61,283.773484
1.0,12,283.778348
1.0,23,283.787736
0.0,8,283.790987
0.0,79,283.822758
0.0,7,283.825608
1.0,23,283.834884
1.0,25,283.844977
0.0,198,283.925219
1.0,11,283.929692
1.0,25,283.939887
1.0,25,283.949967
0.0,96,283.988902
1.0,12,283.993762
0.0,6,283.99619
1.0,25,284.006311
0.0,192,284.084543
1.0,11,284.089018
0.0,8,284.092267
1.0,23,284.101548
0.0,213,284.187396
1.0,11,284.191855
0.0,19,284.199604
1.0,31,284.212108
0.0,29,284.223791
1.0,12,284.22865
1.0,34,284.243283
1.0,23,284.252553
0.0,241,284.349293
1.0,11,284.353753
1.0,27,284.364697
1.0,25,284.374764
0.0,221,284.46463
1.0,15,284.470701
0.0,8,284.473945
0.0,14,284.479614
0.0,40,284.495728
1.0,11,284.500474
1.0,30,284.512626
1.0,23,284.521931
0.0,134,284.576033
1.0,14,284.581759
1.0,23,284.591153
1.0,23,284.600525
0.0,41,284.617034
1.0,11,284.621482
1.0,23,284.630766
0.0,10,284.634827
0.0,54,284.656694
1.0,11,284.661151
0.0,4,284.662788
1.0,23,284.672054
0.0,377,284.823547
1.0,12,284.828414
1.0,29,284.84021
1.0,26,284.850731
0.0,253,284.953462
1.0,13,284.958722
1.0,23,284.968031
0.0,15,284.974123
0.0,259,285.079348
1.0,13,285.084621
1.0,23,285.09397
0.0,16,285.100456
0.0,78,285.132334
1.0,11,285.136791
1.0,27,285.147851
1.0,23,285.157193
0.0,147,285.21663
1.0,11,285.221169
1.0,29,285.233233
0.0,21,285.242063
0.0,176,285.314039
1.0,11,285.318518
0.0,8,285.321794
1.0,23,285.331146
0.0,156,285.394388
1.0,11,285.398859
1.0,25,285.409443
1.0,26,285.420207
0.0,24,285.429893
1.0,13,285.435158
0.0,15,285.44127
1.0,24,285.451117
0.0,352,285.594412
1.0,15,285.600518
1.0,27,285.611509
1.0,25,285.621622
0.0,195,285.700061
1.0,11,285.704516
1.0,27,285.71549
1.0,23,285.724805
0.0,24,285.7345
1.0,11,285.738975
0.0,16,285.745432
0.0,22,285.754415
0.0,307,285.878842
1.0,16,285.885306
1.0,29,285.897007
1.0,25,285.907526
0.0,204,285.989262
1.0,11,285.993735
1.0,25,286.004245
1.0,24,286.014011
0.0,69,286.042066
1.0,11,286.046505
1.0,26,286.057386
1.0,24,286.067032
0.0,35,286.081065
1.0,11,286.085586
1.0,25,286.09571
1.0,29,286.107434
0.0,237,286.20324
1.0,13,286.208496
1.0,33,286.221814
1.0,27,286.232702
0.0,307,286.356452
1.0,15,286.362507
1.0,23,286.371774
1.0,27,286.382678
0.0,52,286.404252
1.0,11,286.408705
1.0,27,286.419861
1.0,23,286.429221
0.0,303,286.552083
1.0,13,286.557357
1.0,25,286.56741
1.0,27,286.578356
0.0,19,286.586003
1.0,13,286.591245
1.0,23,286.600574
1.0,27,286.611492
0.0,34,286.625257
0.0,7,286.628114
1.0,27,286.638967
1.0,23,286.648267
0.0,259,286.752604
1.0,11,286.757111
1.0,26,286.767823
1.0,30,286.779901
0.0,41,286.796401
1.0,11,286.800846
0.0,19,286.808652
1.0,27,286.819534
0.0,60,286.843761
0.0,4,286.845389
1.0,23,286.854668
1.0,28,286.86592
0.0,51,286.886711
1.0,12,286.891538
1.0,29,286.903492
1.0,30,286.915546
0.0,14,286.921543
1.0,11,286.925985
1.0,24,286.935664
0.0,16,286.942115
0.0,223,287.031902
0.0,2,287.032727
1.0,29,287.044741
1.0,23,287.054373
0.0,196,287.133099
1.0,11,287.137537
1.0,25,287.147622
1.0,31,287.160069
0.0,198,287.240069
0.0,5,287.242096
0.0,8,287.245317
1.0,25,287.255606
0.0,163,287.320869
1.0,14,287.326501
1.0,23,287.335848
1.0,23,287.345102
0.0,69,287.372783
1.0,11,287.37723
0.0,20,287.385312
1.0,25,287.395391
0.0,123,287.445478
1.0,13,287.450811
0.0,10,287.454835
1.0,26,287.465313
0.0,218,287.553785
1.0,14,287.559439
1.0,29,287.571215
1.0,34,287.584879
0.0,83,287.618335
1.0,11,287.622788
0.0,16,287.629251
1.0,23,287.638725
0.0,424,287.809429
1.0,11,287.813869
1.0,28,287.825126
1.0,25,287.835279
0.0,162,287.900114
1.0,11,287.904845
0.0,13,287.910118
1.0,35,287.924379
0.0,392,288.082056
1.0,15,288.088122
1.0,25,288.098294
0.0,8,288.101534
0.0,263,288.207202
1.0,11,288.211649
0.0,17,288.218493
1.0,25,288.228546
0.0,342,288.366101
1.0,17,288.372925
1.0,25,288.382974
1.0,26,288.393492
0.0,112,288.43874
1.0,11,288.443172
1.0,27,288.454029
1.0,27,288.464884
0.0,36,288.479456
1.0,13,288.484666
1.0,23,288.493902
1.0,25,288.503939
0.0,123,288.554622
1.0,12,288.55944
1.0,23,288.568674
1.0,25,288.578709
0.0,756,288.883225
0.0,7,288.886193
0.0,14,288.891841
1.0,29,288.903691
0.0,33,288.916953
1.0,11,288.921671
0.0,17,288.928614
1.0,25,288.93869
0.0,231,289.03213
1.0,11,289.036679
0.0,19,289.044349
0.0,18,289.051895
0.0,256,289.154577
0.0,4,289.156209
0.0,23,289.165443
1.0,27,289.176296
0.0,132,289.229435
1.0,12,289.23428
1.0,25,289.24446
1.0,29,289.256186
0.0,896,289.619283
0.0,7,289.62213
1.0,23,289.631391
1.0,24,289.641006
0.0,76,289.671449
0.0,10,289.675484
1.0,25,289.68567
1.0,23,289.694904
0.0,308,289.818501
1.0,11,289.822947
0.0,6,289.825355
0.0,17,289.832287
0.0,9,289.835913
1.0,11,289.840347
1.0,26,289.850837
1.0,29,289.862472
0.0,448,290.043247
1.0,17,290.050435
1.0,29,290.062167
1.0,25,290.072159
0.0,174,290.142088
1.0,12,290.146927
0.0,23,290.156145
1.0,28,290.167402
0.0,94,290.205089
1.0,11,290.20961
1.0,25,290.219675
1.0,23,290.228927
0.0,74,290.258708
0.0,6,290.261131
1.0,26,290.271625
1.0,27,290.282456
0.0,176,290.35258
1.0,12,290.357408
0.0,8,290.360719
1.0,23,290.369942
0.0,647,290.630582
1.0,11,290.635023
1.0,23,290.644238
1.0,28,290.655818
0.0,273,290.766031
1.0,12,290.770849
1.0,29,290.782558
1.0,28,290.793775
0.0,59,290.817458
1.0,11,290.821887
1.0,25,290.831912
1.0,25,290.841954
0.0,407,291.005473
1.0,11,291.009903
0.0,15,291.015891
1.0,23,291.025099
0.0,580,291.258638
1.0,16,291.265073
0.0,20,291.273198
1.0,26,291.28364
0.0,133,291.336951
1.0,11,291.341368
0.0,12,291.346297
1.0,23,291.355492
0.0,27,291.366268
1.0,11,291.370689
1.0,25,291.380776
0.0,19,291.388534
0.0,139,291.444912
0.0,2,291.44573
1.0,25,291.455743
1.0,23,291.465055
0.0,416,291.631778
1.0,11,291.636199
0.0,18,291.643437
1.0,28,291.654736
0.0,157,291.717441
1.0,13,291.722742
1.0,23,291.731948
1.0,24,291.741559
0.0,82,291.774466
1.0,14,291.78013
1.0,25,291.790203
1.0,27,291.801053
0.0,512,292.006754
1.0,12,292.011719
1.0,23,292.020935
1.0,28,292.032289
0.0,228,292.123355
1.0,13,292.128564
1.0,23,292.137861
1.0,23,292.147072
0.0,183,292.22035
0.0,4,292.221975
1.0,25,292.232001
1.0,29,292.243865
0.0,528,292.456377
1.0,13,292.461646
1.0,29,292.47326
0.0,8,292.476454
0.0,245,292.575108
1.0,11,292.579517
1.0,30,292.591775
1.0,23,292.601102
0.0,705,292.883162
1.0,11,292.887598
0.0,16,292.894094
1.0,30,292.906332
0.0,296,293.025175
1.0,13,293.030397
1.0,24,293.040165
1.0,23,293.049758
0.0,416,293.216624
1.0,13,293.221857
1.0,24,293.231526
1.0,28,293.242881
0.0,22,293.251698
0.0,6,293.254124
1.0,29,293.265785
0.0,17,293.272692
0.0,108,293.316811
1.0,11,293.321468
1.0,25,293.331804
0.0,20,293.340077
0.0,39,293.355847
0.0,6,293.358268
1.0,27,293.369113
0.0,13,293.374339
0.0,338,293.510272
1.0,13,293.515566
0.0,6,293.517957
1.0,26,293.528385
0.0,306,293.651013
1.0,11,293.655433
1.0,27,293.6667
1.0,28,293.677889
0.0,211,293.762136
1.0,11,293.766678
0.0,17,293.773541
1.0,28,293.784764
0.0,279,293.897284
0.0,4,293.898911
1.0,27,293.909911
1.0,26,293.920579
0.0,77,293.95128
1.0,11,293.955747
1.0,25,293.965815
1.0,25,293.975851
0.0,47,293.994699
1.0,13,293.999933
1.0,29,294.011537
0.0,8,294.014753
0.0,102,294.055953
1.0,13,294.061183
1.0,28,294.07247
1.0,27,294.083277
0.0,70,294.11139
0.0,6,294.113817
0.0,6,294.116237
1.0,23,294.125472
0.0,240,294.221569
0.0,6,294.223988
1.0,23,294.233234
1.0,27,294.244196
0.0,126,294.295011
1.0,11,294.299443
0.0,8,294.302678
1.0,25,294.312732
0.0,11,294.317166
0.0,4,294.318791
1.0,27,294.329644
0.0,16,294.336134
0.0,210,294.421388
1.0,13,294.426606
0.0,22,294.435418
1.0,23,294.444784
0.0,734,294.738271
0.0,9,294.741902
1.0,27,294.752803
0.0,6,294.755219
0.0,249,294.854959
1.0,13,294.860546
1.0,27,294.871461
1.0,25,294.88152
0.0,60,294.905735
1.0,12,294.910545
1.0,23,294.919917
1.0,25,294.929948
0.0,538,295.145836
1.0,13,295.151074
1.0,23,295.160307
1.0,27,295.171257
0.0,111,295.215631
1.0,18,295.222828
0.0,8,295.226053
1.0,31,295.238462
0.0,251,295.339859
1.0,12,295.344684
0.0,12,295.349519
0.0,8,295.352786
0.0,202,295.43405
1.0,11,295.438488
1.0,26,295.449031
1.0,23,295.458261
0.0,73,295.487944
0.0,11,295.492373
1.0,25,295.502377
1.0,25,295.512474
0.0,354,295.65463
0.0,4,295.656362
1.0,27,295.66721
1.0,28,295.678457
0.0,106,295.721141
1.0,11,295.725602
1.0,25,295.735756
1.0,25,295.745794
0.0,250,295.846702
1.0,14,295.852359
0.0,17,295.859258
1.0,23,295.86861
0.0,58,295.892088
1.0,15,295.898136
1.0,26,295.908751
1.0,25,295.91899
0.0,82,295.951982
1.0,12,295.956816
1.0,27,295.967763
1.0,23,295.977016
0.0,26,295.987417
1.0,11,295.991852
1.0,29,296.003654
1.0,27,296.014494
0.0,183,296.088371
0.0,4,296.090004
1.0,25,296.100094
1.0,31,296.112704
0.0,20,296.120733
1.0,11,296.125185
0.0,20,296.133222
1.0,27,296.144086
0.0,91,296.180546
1.0,11,296.185099
1.0,27,296.195935
1.0,25,296.205988
0.0,159,296.270063
0.0,7,296.272902
1.0,25,296.282969
1.0,24,296.292623
0.0,47,296.311494
1.0,11,296.315931
1.0,29,296.327591
1.0,26,296.33808
0.0,552,296.560544
1.0,11,296.565108
0.0,12,296.569986
0.0,22,296.578814
0.0,50,296.599144
1.0,11,296.603695
0.0,16,296.610126
1.0,23,296.619366
0.0,288,296.735024
1.0,13,296.740276
0.0,11,296.744675
1.0,24,296.754424
0.0,35,296.768476
1.0,11,296.772897
1.0,24,296.782545
1.0,23,296.791957
0.0,38,296.8072
1.0,11,296.811638
1.0,24,296.821278
0.0,4,296.822913
0.0,293,296.940511
1.0,13,296.945873
1.0,24,296.955484
1.0,23,296.964749
0.0,89,297.00062
1.0,11,297.005063
1.0,23,297.014347
1.0,24,297.02414
0.0,304,297.147052
1.0,15,297.153107
0.0,9,297.156704
1.0,35,297.170889
0.0,46,297.189165
1.0,19,297.196794
1.0,26,297.207327
1.0,27,297.21816
0.0,82,297.251241
1.0,11,297.255665
1.0,25,297.266018
1.0,23,297.275267
0.0,67,297.302191
1.0,12,297.307003
1.0,23,297.316264
1.0,25,297.326826
0.0,81,297.360209
1.0,11,297.364638
0.0,9,297.368284
1.0,26,297.378844
0.0,31,297.391356
1.0,11,297.395852
1.0,27,297.40703
0.0,21,297.415448
0.0,89,297.451472
1.0,15,297.457506
1.0,29,297.469112
1.0,26,297.479573
0.0,23,297.488757
1.0,11,297.493167
0.0,6,297.495576
0.0,8,297.498774
0.0,207,297.582114
1.0,11,297.586666
0.0,19,297.594304
1.0,25,297.604351
0.0,52,297.625301
1.0,12,297.63012
0.0,14,297.635733
1.0,32,297.648571
0.0,8,297.651775
1.0,11,297.65621
1.0,23,297.665577
1.0,25,297.675606
0.0,37,297.69047
1.0,11,297.694895
0.0,4,297.696498
1.0,25,297.706652
0.0,171,297.775045
1.0,11,297.779487
1.0,28,297.79074
1.0,25,297.801023
0.0,72,297.829865
1.0,11,297.834306
0.0,4,297.835908
1.0,25,297.845948
0.0,132,297.898968
1.0,11,297.903708
0.0,4,297.905318
1.0,24,297.914947
0.0,146,297.974235
1.0,11,297.978669
1.0,26,297.989094
0.0,6,297.991523
0.0,44,298.009263
1.0,11,298.014034
1.0,27,298.024984
1.0,27,298.036069
0.0,102,298.077257
0.0,2,298.078079
1.0,23,298.087373
1.0,25,298.097434
0.0,244,298.195083
1.0,11,298.199509
1.0,29,298.211141
1.0,23,298.220412
0.0,348,298.359768
1.0,11,298.364195
1.0,27,298.374989
1.0,26,298.385509
0.0,147,298.444128
1.0,12,298.448938
1.0,24,298.458609
1.0,25,298.468585
0.0,20,298.47655
0.0,6,298.478971
1.0,25,298.488992
0.0,4,298.490612
0.0,123,298.540531
1.0,11,298.544977
1.0,23,298.55437
1.0,27,298.565165
0.0,92,298.601996
1.0,11,298.6065
0.0,8,298.60971
1.0,25,298.619746
0.0,307,298.7421
1.0,11,298.746533
1.0,26,298.75698
0.0,17,298.7638
0.0,277,298.874364
1.0,11,298.878861
1.0,26,298.889237
1.0,27,298.900065
0.0,115,298.946496
0.0,8,298.94971
1.0,23,298.958939
1.0,23,298.968192
0.0,244,299.066809
1.0,11,299.071251
1.0,23,299.080536
1.0,23,299.08976
0.0,148,299.149423
0.0,7,299.152251
1.0,27,299.163083
1.0,25,299.173194
0.0,186,299.247817
1.0,11,299.252262
1.0,23,299.261493
1.0,36,299.275936
0.0,25,299.286005
1.0,14,299.291621
1.0,26,299.302053
1.0,27,299.312905
0.0,175,299.38325
0.0,6,299.385682
0.0,18,299.392899
0.0,19,299.401016
0.0,87,299.436578
1.0,11,299.44099
1.0,27,299.451862
1.0,26,299.46232
0.0,116,299.508788
1.0,13,299.514308
1.0,23,299.523714
0.0,4,299.525338
0.0,340,299.662271
1.0,12,299.667181
1.0,25,299.677196
0.0,4,299.678823
0.0,241,299.775458
1.0,13,299.780753
1.0,25,299.790807
1.0,26,299.801268
0.0,30,299.813382
1.0,13,299.818647
1.0,27,299.829489
1.0,29,299.841171
0.0,44,299.858846
1.0,11,299.86329
0.0,4,299.864906
1.0,25,299.874923
0.0,241,299.972126
1.0,13,299.977361
1.0,23,299.986598
1.0,25,299.996626
0.0,56,300.019122
1.0,11,300.023547
1.0,27,300.034628
1.0,30,300.04673
0.0,280,300.15911
1.0,13,300.16434
1.0,23,300.173647
1.0,27,300.184493
0.0,61,300.208979
1.0,11,300.213409
1.0,30,300.225472
0.0,17,300.23243
0.0,269,300.3402
1.0,11,300.34501
1.0,25,300.355122
1.0,23,300.364347
0.0,119,300.412269
1.0,13,300.417498
1.0,25,300.427994
0.0,16,300.43447
0.0,155,300.496702
0.0,2,300.497519
1.0,31,300.509959
0.0,8,300.513187
0.0,540,300.730577
1.0,13,300.735837
0.0,14,300.741489
1.0,25,300.751521
0.0,271,300.8599
1.0,14,300.865541
1.0,26,300.876174
1.0,23,300.885489
0.0,131,300.938192
0.0,4,300.939811
0.0,19,300.947866
1.0,23,300.957127
0.0,85,300.991219
1.0,16,300.997717
1.0,24,301.007313
1.0,26,301.018047
0.0,144,301.076078
1.0,11,301.080498
1.0,23,301.089715
1.0,27,301.101446
0.0,307,301.224509
1.0,16,301.230911
0.0,19,301.238563
1.0,38,301.253789
0.0,110,301.29755
1.0,13,301.302762
1.0,23,301.311984
1.0,25,301.322079
0.0,20,301.330106
1.0,14,301.335729
1.0,24,301.345363
1.0,28,301.356848
0.0,119,301.406044
1.0,11,301.410485
1.0,29,301.422449
0.0,12,301.427297
0.0,52,301.448152
1.0,14,301.45378
0.0,14,301.459404
1.0,23,301.468665
0.0,109,301.512446
1.0,14,301.518152
1.0,23,301.527392
1.0,25,301.537758
0.0,228,301.629779
1.0,13,301.635025
1.0,29,301.646644
1.0,26,301.657075
0.0,40,301.673183
1.0,13,301.67842
0.0,8,301.681646
1.0,26,301.692101
0.0,209,301.775928
1.0,11,301.780447
1.0,25,301.790502
1.0,23,301.7999
0.0,256,301.902229
1.0,17,301.909335
1.0,25,301.919407
1.0,31,301.932148
0.0,56,301.954523
1.0,11,301.958964
1.0,23,301.968291
1.0,25,301.978357
0.0,94,302.015938
1.0,12,302.020757
1.0,27,302.031576
0.0,21,302.040289
0.0,528,302.25275
1.0,11,302.257534
1.0,23,302.266765
0.0,6,302.269178
0.0,307,302.39214
1.0,14,302.397771
1.0,29,302.409639
1.0,27,302.420656
0.0,91,302.456878
0.0,9,302.460573
1.0,25,302.470605
1.0,25,302.48061
0.0,206,302.563804
1.0,11,302.56824
1.0,23,302.577538
0.0,16,302.583965
0.0,68,302.61123
1.0,13,302.616441
0.0,8,302.619638
0.0,11,302.624046
0.0,274,302.733012
1.0,15,302.73919
0.0,19,302.74716
1.0,25,302.757225
0.0,84,302.790706
0.0,4,302.792327
1.0,23,302.801637
1.0,25,302.811712
0.0,221,302.900383
1.0,11,302.905135
1.0,27,302.916022
1.0,23,302.925691
0.0,74,302.955348
1.0,13,302.960577
1.0,25,302.97059
1.0,27,302.981415
0.0,43,302.998681
1.0,12,303.003505
1.0,30,303.015553
0.0,4,303.017197
0.0,510,303.222727
1.0,12,303.227585
1.0,23,303.236841
1.0,23,303.246157
0.0,188,303.32139
1.0,11,303.325829
1.0,27,303.336996
1.0,23,303.346334
0.0,191,303.42365
1.0,11,303.428082
1.0,35,303.442222
1.0,27,303.453067
0.0,409,303.617987
1.0,13,303.623232
1.0,25,303.633384
1.0,23,303.642628
0.0,133,303.696152
1.0,11,303.700587
1.0,25,303.71073
1.0,27,303.721628
0.0,230,303.814028
1.0,11,303.818463
1.0,23,303.827776
1.0,25,303.83781
0.0,39,303.853388
1.0,12,303.858299
1.0,25,303.868355
1.0,25,303.878497
0.0,44,303.896195
1.0,11,303.900628
1.0,23,303.910253
1.0,31,303.923029
0.0,340,304.060498
1.0,13,304.065746
1.0,25,304.075793
1.0,26,304.086253
0.0,248,304.185387
1.0,11,304.18983
1.0,23,304.199112
1.0,25,304.209177
0.0,135,304.263354
1.0,11,304.267787
0.0,20,304.275869
0.0,4,304.277483
0.0,23,304.286715
1.0,11,304.291138
1.0,29,304.302832
1.0,25,304.312906
0.0,100,304.352979
1.0,12,304.357804
1.0,26,304.368228
1.0,35,304.38223
0.0,333,304.516237
1.0,15,304.522236
0.0,26,304.532671
1.0,29,304.544638
0.0,164,304.61132
1.0,14,304.616965
1.0,23,304.626252
1.0,24,304.635913
0.0,206,304.718472
1.0,13,304.723725
1.0,25,304.733822
1.0,28,304.74504
0.0,464,304.931612
1.0,12,304.936454
0.0,12,304.941295
1.0,31,304.953746
0.0,196,305.032259
1.0,12,305.037398
1.0,27,305.048215
1.0,24,305.058192
0.0,622,305.307072
1.0,13,305.312317
1.0,35,305.326385
1.0,28,305.337672
0.0,23,305.346855
1.0,13,305.352134
1.0,25,305.36218
0.0,23,305.371451
0.0,130,305.425191
1.0,13,305.430412
1.0,27,305.441234
1.0,26,305.451667
0.0,1000,305.852566
1.0,11,305.857014
0.0,12,305.861892
1.0,26,305.87229
0.0,88,305.907408
1.0,11,305.911822
1.0,27,305.922783
1.0,27,305.933544
0.0,91,305.969812
0.0,7,305.972625
1.0,29,305.984228
1.0,23,305.993406
0.0,78,306.024559
0.0,4,306.026168
1.0,28,306.037718
1.0,25,306.047696
0.0,501,306.247843
1.0,13,306.253093
0.0,19,306.260755
0.0,12,306.265585
0.0,184,306.339204
0.0,4,306.340832
1.0,23,306.35011
1.0,33,306.363754
0.0,145,306.422265
1.0,15,306.428351
1.0,23,306.437583
1.0,25,306.447608
0.0,31,306.459999
1.0,11,306.464424
1.0,23,306.473758
1.0,29,306.485416
0.0,98,306.524532
0.0,4,306.52615
0.0,4,306.527762
1.0,23,306.537275
0.0,97,306.576261
1.0,11,306.580723
1.0,28,306.591937
1.0,28,306.603219
0.0,10,306.607235
1.0,11,306.611655
1.0,25,306.621772
0.0,4,306.62339
0.0,124,306.673172
1.0,11,306.677606
1.0,23,306.686856
0.0,6,306.689282
0.0,350,306.82937
1.0,13,306.834582
1.0,25,306.844638
1.0,35,306.85871
0.0,224,306.94846
1.0,13,306.953987
0.0,8,306.957363
0.0,17,306.964235
0.0,56,306.986629
1.0,13,306.991851
1.0,27,307.002728
1.0,23,307.011925
0.0,89,307.048282
1.0,15,307.054756
0.0,12,307.05958
1.0,29,307.07124
0.0,144,307.129142
0.0,2,307.129963
1.0,26,307.140455
1.0,30,307.152572
0.0,143,307.209765
1.0,16,307.216184
1.0,30,307.228305
1.0,25,307.238319
0.0,621,307.489008
1.0,11,307.493484
1.0,25,307.503545
1.0,26,307.513968
0.0,96,307.552906
1.0,13,307.558549
1.0,23,307.5679
1.0,27,307.578774
0.0,156,307.641179
1.0,11,307.645608
1.0,28,307.656864
1.0,28,307.668084
0.0,172,307.736677
1.0,13,307.741924
1.0,30,307.754062
1.0,27,307.764877
0.0,240,307.860894
1.0,11,307.865427
1.0,32,307.878294
1.0,28,307.889559
0.0,221,307.978896
1.0,11,307.983315
1.0,23,307.992558
0.0,16,307.999002
0.0,376,308.149883
1.0,11,308.15432
1.0,27,308.165493
1.0,28,308.176783
0.0,167,308.243638
1.0,12,308.248446
1.0,27,308.259314
1.0,27,308.270097
0.0,191,308.346324
1.0,13,308.351547
1.0,29,308.363266
0.0,6,308.365675
0.0,24,308.375268
1.0,11,308.379691
1.0,23,308.388919
0.0,7,308.39175
0.0,163,308.457521
1.0,11,308.461936
0.0,14,308.467557
1.0,27,308.478465
0.0,99,308.518021
1.0,11,308.522439
1.0,23,308.531912
0.0,17,308.539041
0.0,46,308.557717
1.0,12,308.562524
0.0,16,308.568931
1.0,24,308.578534
0.0,473,308.768353
1.0,15,308.774506
1.0,25,308.784558
1.0,24,308.794185
0.0,480,308.987079
1.0,14,308.99273
1.0,32,309.005797
0.0,18,309.013009
0.0,38,309.028213
0.0,10,309.032255
1.0,25,309.042588
0.0,6,309.044997
0.0,37,309.06012
1.0,12,309.064932
1.0,27,309.075807
1.0,23,309.085045
0.0,164,309.151135
0.0,6,309.153551
1.0,25,309.16357
1.0,28,309.174808
0.0,318,309.301854
1.0,11,309.3063
1.0,25,309.316364
1.0,25,309.326439
0.0,155,309.388686
1.0,11,309.393111
1.0,27,309.404617
1.0,25,309.415395
0.0,4,309.417008
1.0,11,309.421502
1.0,29,309.433707
1.0,25,309.443748
0.0,76,309.474221
1.0,11,309.478685
0.0,23,309.487888
1.0,31,309.500435
0.0,580,309.733439
1.0,13,309.738669
1.0,27,309.749508
1.0,27,309.760403
0.0,65,309.786249
0.0,7,309.789068
1.0,23,309.798402
1.0,25,309.808468
0.0,182,309.881522
1.0,13,309.886737
0.0,19,309.894361
1.0,25,309.904361
0.0,190,309.980605
1.0,11,309.985154
1.0,27,309.995977
1.0,29,310.007889
0.0,223,310.098607
1.0,11,310.103045
1.0,27,310.113983
1.0,29,310.125674
0.0,490,310.32237
1.0,12,310.32721
1.0,27,310.338084
0.0,19,310.345731
0.0,507,310.550384
1.0,11,310.555032
1.0,31,310.567493
1.0,29,310.579158
0.0,198,310.65905
0.0,7,310.661883
1.0,25,310.672031
0.0,4,310.673668
0.0,781,310.987316
1.0,11,310.991822
1.0,23,311.001186
0.0,21,311.009799
0.0,472,311.20033
1.0,14,311.205979
1.0,30,311.21842
0.0,6,311.220843
0.0,19,311.228492
1.0,11,311.233082
1.0,25,311.243158
1.0,25,311.253206
0.0,146,311.311733
1.0,11,311.316174
1.0,23,311.325432
1.0,27,311.336323
0.0,414,311.502986
0.0,4,311.504609
1.0,23,311.513806
1.0,23,311.523034
0.0,168,311.591395
1.0,11,311.595826
1.0,27,311.606657
0.0,20,311.614767
0.0,223,311.703887
1.0,15,311.709923
1.0,23,311.71917
1.0,23,311.728525
0.0,467,311.916655
1.0,12,311.921509
1.0,25,311.931747
1.0,28,311.94294
0.0,11,311.947326
1.0,11,311.951816
0.0,6,311.954242
1.0,29,311.965875
0.0,76,311.996334
1.0,11,312.000769
0.0,21,312.009216
1.0,27,312.020052
0.0,50,312.040537
1.0,11,312.045
1.0,25,312.055371
1.0,27,312.066313
0.0,46,312.084641
1.0,15,312.090647
1.0,28,312.102003
1.0,28,312.113334
0.0,372,312.263313
1.0,13,312.26854
1.0,23,312.277772
1.0,23,312.287019
0.0,186,312.361681
1.0,11,312.36622
1.0,25,312.376255
1.0,24,312.385855
0.0,106,312.429336
1.0,12,312.434133
1.0,29,312.445917
0.0,21,312.454295
0.0,145,312.512295
1.0,11,312.516804
0.0,8,312.520076
0.0,18,312.527282
0.0,694,312.805687
1.0,11,312.810132
1.0,27,312.821096
1.0,27,312.831912
0.0,372,312.982019
1.0,11,312.986452
1.0,25,312.996495
1.0,23,313.00572
0.0,24,313.015737
0.0,12,313.02059
1.0,25,313.030928
1.0,24,313.040923
0.0,296,313.160282
1.0,11,313.164726
1.0,25,313.174771
1.0,25,313.184797
0.0,10,313.1888
1.0,13,313.194049
1.0,27,313.205037
1.0,23,313.214291
0.0,98,313.254294
1.0,12,313.259137
1.0,25,313.269232
0.0,6,313.271653
0.0,256,313.37444
1.0,11,313.378878
1.0,23,313.388224
1.0,29,313.399871
0.0,54,313.421871
1.0,13,313.427689
1.0,26,313.43845
1.0,29,313.450246
0.0,246,313.549649
1.0,14,313.555587
1.0,31,313.568013
1.0,25,313.57819
0.0,936,313.954747
1.0,15,313.960846
1.0,26,313.971317
1.0,23,313.980562
0.0,95,314.018575
0.0,9,314.022203
1.0,30,314.03447
1.0,23,314.044074
0.0,97,314.083216
1.0,13,314.088428
1.0,25,314.098505
1.0,25,314.108956
0.0,26,314.119383
1.0,13,314.124987
1.0,27,314.135868
1.0,23,314.145171
0.0,90,314.181288
1.0,11,314.185731
0.0,8,314.188953
1.0,25,314.198982
0.0,33,314.212167
1.0,11,314.216799
1.0,30,314.229064
1.0,26,314.239504
0.0,726,314.531907
1.0,14,314.537702
1.0,25,314.547889
1.0,26,314.558569
0.0,187,314.633624
1.0,17,314.640503
1.0,31,314.65288
1.0,23,314.662151
0.0,115,314.708128
1.0,13,314.713508
1.0,33,314.726745
1.0,25,314.736764
0.0,115,314.782575
0.0,4,314.784189
1.0,25,314.794304
1.0,26,314.804708
0.0,24,314.814302
1.0,15,314.820592
1.0,29,314.83236
1.0,26,314.842763
0.0,65,314.868823
1.0,11,314.873253
1.0,23,314.882577
1.0,23,314.891791
0.0,956,315.276829
1.0,11,315.281403
1.0,27,315.292265
1.0,32,315.30506
0.0,445,315.484751
1.0,12,315.489575
1.0,23,315.498934
1.0,27,315.509829
0.0,36,315.524263
1.0,11,315.528695
1.0,27,315.539822
1.0,25,315.550013
0.0,162,315.615336
1.0,11,315.619853
1.0,23,315.629131
1.0,29,315.640822
0.0,86,315.675275
1.0,11,315.679725
1.0,25,315.6905
1.0,28,315.701804
0.0,141,315.758451
1.0,12,315.763287
1.0,27,315.774392
1.0,31,315.786849
0.0,189,315.862845
1.0,11,315.86728
1.0,23,315.876513
1.0,24,315.886294
0.0,95,315.92484
1.0,13,315.930068
1.0,23,315.939318
1.0,23,315.948606
0.0,18,315.955826
1.0,11,315.96036
1.0,29,315.971941
0.0,10,315.97596
0.0,126,316.026687
1.0,11,316.031175
1.0,29,316.043619
1.0,23,316.052865
0.0,357,316.196295
1.0,11,316.200717
1.0,25,316.210744
1.0,28,316.221952
0.0,63,316.247344
1.0,11,316.251765
1.0,28,316.263048
0.0,21,316.271399
0.0,724,316.561734
1.0,12,316.566654
0.0,17,316.573452
0.0,16,316.579875
0.0,212,316.665408
1.0,11,316.669878
1.0,23,316.679208
1.0,28,316.690411
0.0,1000,317.091898
1.0,11,317.096459
1.0,27,317.107247
1.0,25,317.117264
0.0,488,317.313476
1.0,13,317.31873
1.0,27,317.32975
0.0,6,317.332166
0.0,65,317.358919
0.0,4,317.360519
0.0,14,317.366155
1.0,29,317.377762
0.0,71,317.406302
1.0,13,317.4118
1.0,26,317.422264
1.0,27,317.43343
0.0,224,317.524428
1.0,13,317.529654
1.0,25,317.540293
1.0,25,317.550432
0.0,234,317.644141
1.0,11,317.648563
1.0,27,317.659399
1.0,26,317.669983
0.0,201,317.750146
1.0,11,317.754557
1.0,30,317.766552
1.0,25,317.776663
0.0,205,317.858993
1.0,13,317.864254
1.0,25,317.874307
0.0,8,317.877529
0.0,216,317.963961
1.0,11,317.968398
1.0,32,317.981219
1.0,27,317.992084
0.0,766,318.299136
1.0,15,318.305233
1.0,23,318.314503
1.0,29,318.32614
0.0,56,318.348515
1.0,11,318.352942
0.0,14,318.358566
1.0,23,318.367889
0.0,50,318.387925
0.0,4,318.389546
1.0,25,318.399566
1.0,30,318.411866
0.0,178,318.483632
1.0,11,318.48806
1.0,23,318.497364
1.0,27,318.508143
0.0,55,318.530085
1.0,15,318.536099
1.0,27,318.547116
0.0,13,318.552345
0.0,158,318.6157
1.0,11,318.620129
1.0,28,318.631344
1.0,23,318.640549
0.0,314,318.766165
1.0,11,318.770581
1.0,29,318.782205
1.0,25,318.792215
0.0,83,318.825513
1.0,11,318.82995
1.0,23,318.839327
1.0,25,318.849344
0.0,172,318.918508
1.0,12,318.923326
1.0,25,318.933494
1.0,29,318.945169
0.0,279,319.058077
1.0,14,319.063785
1.0,25,319.073819
1.0,25,319.083866
0.0,75,319.113995
1.0,11,319.118413
1.0,27,319.129228
1.0,25,319.139322
0.0,141,319.195687
1.0,15,319.201728
1.0,23,319.211028
0.0,4,319.212656
0.0,152,319.273793
1.0,11,319.278331
0.0,8,319.281544
0.0,19,319.289191
0.0,165,319.354968
1.0,11,319.359403
1.0,23,319.368671
1.0,24,319.378311
0.0,249,319.478503
1.0,14,319.48412
1.0,28,319.495347
1.0,24,319.50498
0.0,606,319.748133
1.0,14,319.753754
1.0,29,319.765375
1.0,28,319.776542
0.0,117,319.823247
1.0,16,319.829657
0.0,6,319.832056
1.0,29,319.84367
0.0,144,319.901483
0.0,2,319.902301
0.0,14,319.907908
1.0,24,319.917786
0.0,178,319.989073
1.0,11,319.993504
1.0,24,320.00312
0.0,8,320.00637
0.0,98,320.045879
1.0,13,320.05111
1.0,23,320.060598
1.0,24,320.070242
0.0,243,320.167567
1.0,11,320.171995
1.0,27,320.182814
1.0,29,320.194538
0.0,65,320.220542
1.0,15,320.226572
0.0,6,320.229337
1.0,25,320.240178
0.0,167,320.307615
1.0,13,320.312902
1.0,24,320.32259
0.0,6,320.325015
0.0,85,320.359394
1.0,11,320.363817
1.0,32,320.376626
1.0,27,320.387613
0.0,587,320.623709
1.0,11,320.628139
1.0,24,320.637747
1.0,25,320.647834
0.0,206,320.730319
1.0,12,320.735126
1.0,23,320.744363
1.0,29,320.756016
0.0,67,320.782713
1.0,11,320.78715
1.0,26,320.797687
0.0,16,320.804133
0.0,578,321.036729
1.0,14,321.042658
1.0,28,321.053917
1.0,31,321.066699
0.0,157,321.129686
1.0,11,321.13413
1.0,29,321.145819
1.0,23,321.155105
0.0,35,321.169148
1.0,11,321.173568
1.0,23,321.182913
1.0,27,321.193726
0.0,53,321.214973
1.0,11,321.219382
1.0,27,321.230251
1.0,27,321.241086
0.0,365,321.387672
1.0,11,321.392099
0.0,8,321.395316
0.0,8,321.398528
0.0,273,321.509379
1.0,13,321.514751
1.0,27,321.525675
0.0,4,321.527277
0.0,9,321.530895
1.0,11,321.53532
1.0,26,321.546077
1.0,23,321.555326
0.0,278,321.666761
1.0,11,321.671188
0.0,4,321.672791
1.0,23,321.682033
0.0,59,321.705587
1.0,11,321.71
1.0,26,321.720432
0.0,8,321.723644
0.0,499,321.923774
1.0,11,321.928375
1.0,27,321.939319
1.0,28,321.950554
0.0,248,322.050477
1.0,11,322.054904
1.0,23,322.06431
1.0,24,322.073937
0.0,112,322.119291
0.0,8,322.122608
1.0,30,322.134677
1.0,25,322.144686
0.0,287,322.259885
1.0,11,322.264305
0.0,16,322.270732
1.0,24,322.280412
0.0,395,322.439154
0.0,9,322.442786
1.0,25,322.452811
1.0,23,322.462108
0.0,321,322.590726
0.0,2,322.591547
1.0,25,322.601642
1.0,23,322.610864
0.0,190,322.686728
1.0,11,322.691488
1.0,23,322.700776
1.0,27,322.711599
0.0,369,322.858883
1.0,11,322.863297
1.0,27,322.87409
0.0,16,322.880625
0.0,120,322.928902
1.0,11,322.933329
1.0,26,322.943744
1.0,23,322.953033
0.0,65,322.978948
1.0,11,322.983365
1.0,27,322.994199
1.0,23,323.003402
0.0,60,323.02738
1.0,11,323.031802
1.0,24,323.041633
0.0,6,323.04404
0.0,39,323.059664
1.0,11,323.064095
1.0,26,323.074573
1.0,29,323.086135
0.0,120,323.133836
0.0,4,323.135446
1.0,23,323.144691
0.0,4,323.146298
0.0,106,323.188477
1.0,13,323.193704
0.0,14,323.199306
1.0,25,323.209322
0.0,193,323.286549
0.0,6,323.288967
1.0,27,323.300355
1.0,25,323.310379
0.0,204,323.392023
0.0,6,323.394434
1.0,27,323.405276
1.0,24,323.415141
0.0,422,323.584364
1.0,11,323.588789
1.0,29,323.600584
1.0,24,323.610214
0.0,83,323.643365
1.0,13,323.648578
1.0,27,323.659401
1.0,23,323.668613
0.0,615,323.915438
1.0,11,323.919878
1.0,27,323.930937
1.0,23,323.94023
0.0,705,324.22415
1.0,14,324.22979
1.0,29,324.24149
1.0,23,324.250828
0.0,116,324.297031
1.0,11,324.301478
1.0,28,324.312748
1.0,23,324.321953
0.0,23,324.331158
1.0,16,324.337563
1.0,25,324.347574
1.0,27,324.35845
0.0,293,324.476435
1.0,14,324.482065
1.0,25,324.49209
1.0,24,324.502142
0.0,616,324.749351
1.0,11,324.753774
0.0,19,324.761399
1.0,23,324.770686
0.0,42,324.787452
1.0,14,324.793057
1.0,23,324.802282
1.0,25,324.812349
0.0,38,324.827528
1.0,11,324.831969
0.0,14,324.837701
1.0,25,324.847825
0.0,612,325.093741
1.0,13,325.099296
1.0,23,325.108603
1.0,25,325.118693
0.0,71,325.147166
1.0,11,325.151566
1.0,25,325.161552
0.0,19,325.16915
0.0,125,325.219007
0.0,9,325.222727
1.0,25,325.232714
1.0,25,325.242742
0.0,45,325.260793
1.0,12,325.265616
1.0,31,325.278033
0.0,16,325.284412
0.0,280,325.396685
1.0,11,325.401099
1.0,26,325.411819
1.0,27,325.422641
0.0,91,325.459182
1.0,13,325.464399
1.0,23,325.473616
1.0,26,325.484038
0.0,1000,325.886582
1.0,14,325.892238
1.0,27,325.903115
1.0,27,325.914226
0.0,153,325.975301
1.0,13,325.980555
1.0,26,325.990949
1.0,28,326.00214
0.0,517,326.209594
1.0,11,326.214026
1.0,27,326.224865
1.0,26,326.235294
0.0,115,326.281375
1.0,13,326.286621
0.0,6,326.289031
0.0,16,326.295477
0.0,70,326.323873
1.0,11,326.328332
1.0,29,326.339971
1.0,31,326.352434
0.0,333,326.486331
1.0,15,326.492373
1.0,25,326.502419
1.0,26,326.512868
0.0,84,326.547099
1.0,13,326.552383
1.0,23,326.561882
1.0,27,326.572693
0.0,16,326.579115
1.0,12,326.583968
1.0,30,326.595982
0.0,21,326.604454
0.0,358,326.747743
1.0,13,326.752973
0.0,4,326.754576
1.0,27,326.765446
0.0,250,326.865403
1.0,11,326.869821
0.0,20,326.877818
1.0,25,326.888014
0.0,613,327.134177
1.0,11,327.138687
1.0,27,327.149621
1.0,24,327.159244
0.0,158,327.222466
0.0,7,327.225356
1.0,25,327.235376
1.0,25,327.245536
0.0,77,327.276273
1.0,11,327.280682
1.0,25,327.29069
0.0,19,327.298321
0.0,155,327.360237
1.0,15,327.36626
0.0,20,327.374329
1.0,23,327.383653
0.0,57,327.406421
1.0,12,327.411579
1.0,30,327.423623
1.0,32,327.43668
0.0,272,327.545668
0.0,2,327.546488
1.0,23,327.55575
1.0,24,327.565659
0.0,129,327.617134
0.0,9,327.620743
1.0,23,327.629936
1.0,23,327.639408
0.0,466,327.824956
1.0,12,327.829845
0.0,4,327.831454
1.0,23,327.840688
0.0,68,327.867764
1.0,12,327.872575
1.0,23,327.881888
1.0,23,327.891124
0.0,455,328.074632
1.0,13,328.079859
1.0,25,328.089888
0.0,14,328.095575
0.0,370,328.243639
0.0,6,328.246115
1.0,25,328.256114
1.0,23,328.265313
0.0,48,328.284588
0.0,7,328.28741
1.0,26,328.297889
1.0,26,328.308285
0.0,61,328.332744
1.0,11,328.337173
1.0,23,328.346397
1.0,26,328.356804
0.0,167,328.424278
1.0,13,328.429822
1.0,28,328.441103
1.0,25,328.451116
0.0,237,328.546436
1.0,11,328.550877
1.0,25,328.561135
1.0,25,328.571181
0.0,672,328.840721
1.0,12,328.845548
0.0,23,328.854902
1.0,27,328.865767
0.0,158,328.929721
1.0,11,328.934205
1.0,23,328.943543
1.0,25,328.953559
0.0,352,329.095458
1.0,11,329.099937
1.0,27,329.110954
1.0,26,329.121579
0.0,27,329.132517
0.0,7,329.135347
1.0,23,329.144624
1.0,23,329.15398
0.0,44,329.171699
1.0,11,329.176126
1.0,25,329.186186
1.0,25,329.196346
0.0,92,329.233406
1.0,11,329.237864
1.0,27,329.248828
1.0,23,329.258102
0.0,27,329.269094
1.0,12,329.273937
0.0,18,329.281228
0.0,21,329.289733
0.0,217,329.377095
1.0,11,329.381615
1.0,28,329.392881
1.0,23,329.402538
0.0,389,329.561182
1.0,11,329.56565
1.0,23,329.574972
1.0,23,329.584255
0.0,202,329.665291
1.0,13,329.670524
0.0,12,329.675341
1.0,23,329.684619
0.0,438,329.859711
1.0,14,329.865376
1.0,29,329.877088
1.0,24,329.886779
0.0,329,330.019824
1.0,14,330.025482
1.0,30,330.037473
0.0,10,330.041565
0.0,111,330.086284
1.0,11,330.090707
1.0,23,330.100056
1.0,27,330.110994
0.0,241,330.207365
1.0,11,330.211907
1.0,29,330.223512
1.0,25,330.233535
0.0,640,330.489932
1.0,13,330.495157
1.0,23,330.50439
0.0,18,330.511972
0.0,454,330.694154
1.0,11,330.698592
0.0,19,330.706298
1.0,26,330.716719
0.0,157,330.779474
1.0,11,330.7839
1.0,28,330.795128
1.0,23,330.804348
0.0,624,331.054909
1.0,11,331.059612
1.0,25,331.069653
1.0,25,331.079674
0.0,123,331.129648
0.0,4,331.131268
1.0,24,331.140929
1.0,25,331.150991
0.0,77,331.181774
0.0,9,331.185394
1.0,26,331.19596
1.0,27,331.20679
0.0,157,331.269639
1.0,11,331.274069
1.0,23,331.283298
1.0,23,331.292517
0.0,69,331.320218
1.0,12,331.325029
1.0,28,331.336275
1.0,23,331.345593
0.0,137,331.400592
1.0,11,331.405018
1.0,27,331.416065
1.0,23,331.425414
0.0,172,331.493893
1.0,12,331.498818
1.0,29,331.510422
0.0,4,331.512034
0.0,37,331.526836
1.0,12,331.531633
0.0,4,331.533234
1.0,27,331.544446
0.0,73,331.57394
1.0,11,331.57836
1.0,26,331.588755
0.0,8,331.592478
0.0,25,331.602459
1.0,11,331.60687
1.0,31,331.619797
1.0,23,331.629
0.0,54,331.650589
1.0,16,331.656997
1.0,27,331.667795
1.0,27,331.678562
0.0,63,331.703784
0.0,2,331.704598
1.0,25,331.715082
1.0,27,331.726024
0.0,36,331.740451
1.0,12,331.745264
1.0,29,331.756914
1.0,25,331.766987
0.0,26,331.777366
1.0,11,331.781787
1.0,28,331.792986
1.0,25,331.803092
0.0,49,331.822592
1.0,12,331.827396
0.0,16,331.833799
1.0,27,331.844692
0.0,562,332.069959
1.0,14,332.075567
1.0,25,332.085595
1.0,23,332.094811
0.0,249,332.194166
1.0,13,332.199381
1.0,28,332.210593
0.0,12,332.215472
0.0,42,332.23223
1.0,11,332.236672
1.0,25,332.24707
1.0,24,332.256778
0.0,382,332.411204
0.0,7,332.414289
0.0,4,332.415898
0.0,8,332.4191
0.0,175,332.489449
1.0,15,332.495455
1.0,23,332.504696
0.0,13,332.509904
0.0,128,332.561866
1.0,11,332.566276
1.0,27,332.577058
1.0,24,332.586769
0.0,43,332.604176
0.0,6,332.606588
1.0,23,332.615776
1.0,23,332.624968
0.0,215,332.711108
1.0,13,332.716317
1.0,31,332.728713
1.0,23,332.737919
0.0,182,332.810827
1.0,11,332.815258
1.0,23,332.824536
1.0,27,332.835371
0.0,91,332.871786
0.0,9,332.875409
1.0,23,332.884708
1.0,25,332.894738
0.0,817,333.221375
1.0,13,333.226695
0.0,17,333.233488
1.0,25,333.243596
0.0,62,333.268344
1.0,14,333.27407
1.0,25,333.284088
1.0,27,333.294881
0.0,465,333.48174
1.0,11,333.486161
1.0,27,333.496952
0.0,10,333.501081
0.0,344,333.640106
1.0,11,333.644528
1.0,23,333.653834
1.0,31,333.666254
0.0,194,333.744074
1.0,11,333.748498
1.0,26,333.758899
1.0,28,333.77018
0.0,64,333.795871
0.0,2,333.796685
1.0,23,333.806014
1.0,23,333.815235
0.0,85,333.849137
1.0,14,333.854758
1.0,25,333.864831
1.0,26,333.875254
0.0,109,333.920081
1.0,11,333.924631
1.0,26,333.935531
0.0,16,333.942055
0.0,1000,334.34368
1.0,13,334.348959
0.0,4,334.350578
1.0,27,334.361334
0.0,782,334.67481
1.0,13,334.680043
0.0,19,334.687662
0.0,4,334.68928
0.0,132,334.742164
1.0,11,334.747026
1.0,25,334.757209
1.0,23,334.76646
0.0,618,335.015046
1.0,11,335.019514
1.0,23,335.02881
1.0,27,335.039681
0.0,49,335.059937
1.0,13,335.065202
1.0,23,335.074473
1.0,25,335.08459
0.0,46,335.103055
1.0,11,335.107505
1.0,30,335.119716
0.0,17,335.126662
0.0,409,335.291942
1.0,11,335.296421
1.0,26,335.306896
1.0,27,335.317927
0.0,113,335.364089
1.0,11,335.368557
1.0,25,335.378676
1.0,23,335.388011
0.0,255,335.491296
1.0,11,335.49579
1.0,27,335.506829
1.0,26,335.517357
0.0,152,335.579466
1.0,12,335.584338
1.0,23,335.593683
1.0,23,335.603005
0.0,315,335.730028
1.0,16,335.736549
0.0,16,335.743026
0.0,6,335.74543
0.0,777,336.060379
1.0,14,336.066076
1.0,24,336.075891
1.0,25,336.085971
0.0,16,336.092381
1.0,13,336.097641
1.0,24,336.107399
1.0,25,336.117577
0.0,230,336.210257
1.0,13,336.215503
1.0,28,336.226931
1.0,25,336.237029
0.0,342,336.374925
1.0,12,336.379766
1.0,29,336.391511
1.0,25,336.401746
0.0,60,336.426213
1.0,11,336.430873
1.0,27,336.441764
1.0,25,336.451931
0.0,744,336.75169
1.0,13,336.756964
1.0,27,336.76782
1.0,26,336.778284
0.0,166,336.844993
0.0,4,336.846625
0.0,19,336.854251
1.0,23,336.863574
0.0,102,336.904508
1.0,13,336.909776
1.0,27,336.920956
1.0,30,336.933254
0.0,99,336.973136
1.0,11,336.977584
0.0,6,336.980058
1.0,23,336.989357
0.0,230,337.082915
1.0,11,337.087406
1.0,25,337.097625
1.0,26,337.108105
0.0,191,337.185439
0.0,4,337.187068
0.0,14,337.19273
1.0,24,337.202463
0.0,248,337.303673
1.0,11,337.308135
1.0,25,337.318294
1.0,23,337.327621
0.0,35,337.34176
1.0,14,337.347397
1.0,25,337.357582
0.0,8,337.36082
0.0,257,337.464912
1.0,14,337.470676
1.0,23,337.480036
1.0,25,337.490108
0.0,109,337.534165
1.0,12,337.539029
1.0,29,337.551114
1.0,25,337.561565
0.0,320,337.692511
1.0,15,337.698662
1.0,28,337.709943
1.0,24,337.719581
0.0,300,337.840699
1.0,14,337.846334
0.0,12,337.851243
1.0,25,337.861297
0.0,25,337.871275
1.0,11,337.87571
1.0,25,337.885858
1.0,23,337.895121
0.0,118,337.943061
1.0,11,337.947514
1.0,25,337.957595
1.0,24,337.967298
0.0,162,338.032391
1.0,13,338.037679
1.0,27,338.048744
0.0,10,338.052767
0.0,63,338.078158
1.0,11,338.082586
0.0,6,338.084999
1.0,26,338.09549
0.0,209,338.179091
1.0,16,338.185515
0.0,6,338.188006
0.0,4,338.189627
0.0,4,338.191236
1.0,11,338.195679
1.0,23,338.204979
0.0,12,338.209893
0.0,189,338.28621
1.0,12,338.29107
0.0,18,338.298329
1.0,29,338.310074
0.0,121,338.359165
0.0,4,338.360798
1.0,25,338.370835
1.0,25,338.380995
0.0,162,338.446718
1.0,12,338.451555
1.0,25,338.461714
1.0,28,338.473092
0.0,203,338.554853
1.0,13,338.560504
1.0,25,338.570803
0.0,6,338.5732
0.0,348,338.713181
0.0,2,338.714006
1.0,29,338.725782
1.0,27,338.736662
0.0,217,338.824299
1.0,12,338.829142
1.0,27,338.840066
1.0,26,338.850556
0.0,32,338.863435
0.0,9,338.867068
1.0,23,338.876424
1.0,25,338.886567
0.0,77,338.918812
1.0,14,338.925018
0.0,14,338.930942
1.0,23,338.94033
0.0,501,339.143285
1.0,11,339.147718
1.0,29,339.159433
1.0,24,339.169113
0.0,114,339.215301
0.0,5,339.217329
0.0,19,339.225002
1.0,23,339.234301
0.0,11,339.238734
1.0,11,339.243188
1.0,26,339.253796
1.0,26,339.264271
0.0,50,339.284432
0.0,9,339.288079
1.0,25,339.298158
1.0,25,339.308163
0.0,559,339.534785
0.0,9,339.538438
1.0,23,339.547966
1.0,25,339.558456
0.0,98,339.598235
1.0,11,339.602839
1.0,23,339.61205
1.0,25,339.622157
0.0,69,339.649879
1.0,12,339.654717
1.0,26,339.665395
0.0,16,339.671862
0.0,81,339.704703
0.0,11,339.709169
1.0,25,339.719269
1.0,27,339.730131
0.0,8,339.733365
0.0,7,339.736198
1.0,25,339.746335
1.0,23,339.755559
0.0,389,339.911831
1.0,13,339.91734
1.0,29,339.929021
1.0,24,339.938879
0.0,211,340.023303
1.0,14,340.028903
1.0,25,340.038954
1.0,24,340.048834
0.0,33,340.062487
1.0,11,340.067036
1.0,30,340.079197
0.0,4,340.080823
0.0,175,340.151092
1.0,12,340.156325
1.0,26,340.166842
1.0,30,340.17902
0.0,194,340.257311
1.0,11,340.261733
0.0,19,340.269502
1.0,26,340.279912
0.0,447,340.460321
0.0,7,340.463205
0.0,19,340.470849
0.0,25,340.480899
0.0,277,340.592401
1.0,11,340.596878
1.0,27,340.60795
1.0,27,340.618878
0.0,774,340.93189
0.0,10,340.93593
1.0,26,340.946368
0.0,23,340.955708
0.0,484,341.149946
1.0,13,341.15517
0.0,19,341.162822
1.0,23,341.172055
0.0,87,341.207054
1.0,11,341.211495
1.0,30,341.223657
1.0,25,341.233694
0.0,66,341.260261
1.0,11,341.264691
1.0,25,341.274716
1.0,27,341.28553
0.0,243,341.383544
1.0,17,341.390385
1.0,30,341.40261
0.0,4,341.40422
0.0,209,341.488404
1.0,12,341.493252
1.0,23,341.502526
1.0,27,341.513336
0.0,2,341.514155
1.0,11,341.518631
1.0,25,341.528689
1.0,23,341.537967
0.0,130,341.591031
1.0,11,341.595586
1.0,25,341.605702
1.0,29,341.617652
0.0,306,341.741738
1.0,13,341.746991
1.0,23,341.756241
1.0,24,341.765905
0.0,32,341.778867
1.0,11,341.783311
0.0,4,341.784904
1.0,33,341.798148
0.0,72,341.82715
1.0,11,341.831611
1.0,23,341.840878
1.0,23,341.850091
0.0,267,341.9585
1.0,11,341.963049
1.0,27,341.973978
1.0,23,341.983243
0.0,4,341.984849
1.0,11,341.989278
0.0,25,341.999366
1.0,24,342.00905
0.0,462,342.194961
1.0,16,342.20138
1.0,25,342.211497
1.0,23,342.220721
0.0,104,342.262831
1.0,11,342.267292
0.0,4,342.268891
1.0,31,342.281307
0.0,185,342.355056
1.0,13,342.360265
1.0,29,342.371881
1.0,27,342.382716
0.0,135,342.437074
1.0,11,342.441519
1.0,24,342.451139
1.0,28,342.462444
0.0,183,342.535628
1.0,12,342.540448
1.0,25,342.550884
1.0,27,342.562326
0.0,148,342.621609
1.0,11,342.62604
1.0,24,342.635667
1.0,28,342.646845
0.0,94,342.684372
1.0,11,342.688869
1.0,29,342.700496
1.0,23,342.709711
0.0,137,342.764526
0.0,4,342.76615
1.0,31,342.778581
0.0,25,342.788589
0.0,173,342.857679
0.0,7,342.860498
1.0,25,342.870508
1.0,28,342.881853
0.0,40,342.897913
1.0,12,342.902722
1.0,36,342.917684
0.0,14,342.923311
0.0,196,343.00192
1.0,11,343.006344
1.0,23,343.015568
1.0,24,343.025165
0.0,88,343.06087
0.0,7,343.063854
1.0,27,343.074904
0.0,8,343.07816
0.0,121,343.126393
1.0,11,343.130824
0.0,23,343.140157
1.0,25,343.150183
0.0,125,343.200462
1.0,14,343.206091
1.0,28,343.217321
1.0,29,343.228972
0.0,201,343.310313
1.0,11,343.314756
0.0,7,343.317579
1.0,26,343.328008
0.0,170,343.396073
1.0,12,343.400918
1.0,27,343.412059
1.0,25,343.422377
0.0,123,343.471624
1.0,11,343.476065
1.0,25,343.486163
0.0,16,343.492591
0.0,309,343.617069
1.0,11,343.621541
1.0,32,343.634447
1.0,30,343.646481
0.0,100,343.686517
1.0,12,343.691353
1.0,24,343.701008
1.0,23,343.710347
0.0,153,343.77227
1.0,13,343.777498
0.0,18,343.784816
1.0,28,343.796048
0.0,274,343.906447
1.0,14,343.912079
1.0,25,343.922388
1.0,25,343.932674
0.0,573,344.162849
0.0,2,344.163669
1.0,29,344.175281
1.0,25,344.185299
0.0,65,344.211278
1.0,12,344.216081
1.0,25,344.226237
0.0,8,344.229498
0.0,140,344.286122
1.0,14,344.291767
1.0,23,344.300987
1.0,31,344.31348
0.0,41,344.329695
1.0,12,344.334552
1.0,23,344.343776
1.0,27,344.35464
0.0,37,344.369848
1.0,12,344.374709
1.0,23,344.383938
1.0,26,344.39444
0.0,268,344.502972
0.0,9,344.506602
1.0,24,344.516213
1.0,23,344.525433
0.0,6,344.527844
1.0,13,344.53306
1.0,23,344.542367
1.0,28,344.553812
0.0,296,344.672972
1.0,14,344.678614
1.0,24,344.688258
1.0,29,344.700001
0.0,80,344.73224
1.0,11,344.736676
1.0,25,344.746763
1.0,27,344.757621
0.0,97,344.796375
1.0,11,344.800818
0.0,17,344.807725
1.0,28,344.818948
0.0,69,344.846536
0.0,9,344.850178
1.0,23,344.859413
1.0,23,344.86863
0.0,169,344.937009
1.0,12,344.941843
1.0,23,344.951092
0.0,18,344.958391
0.0,53,344.979618
0.0,4,344.981235
0.0,6,344.98364
0.0,19,344.991262
0.0,79,345.022712
1.0,11,345.027133
0.0,16,345.033645
0.0,14,345.039274
0.0,137,345.094749
1.0,13,345.100008
1.0,25,345.11013
1.0,25,345.120121
0.0,705,345.401727
1.0,11,345.406177
1.0,26,345.416954
1.0,31,345.429362
0.0,385,345.584367
1.0,11,345.588774
0.0,6,345.591184
1.0,29,345.60283
0.0,90,345.638842
1.0,11,345.643549
1.0,28,345.655231
1.0,23,345.66447
0.0,151,345.725502
1.0,13,345.730731
1.0,25,345.74074
1.0,25,345.750838
0.0,183,345.823835
1.0,15,345.829885
1.0,26,345.840301
0.0,12,345.845104
0.0,419,346.013839
1.0,12,346.018655
0.0,14,346.024256
1.0,25,346.034409
0.0,151,346.095726
1.0,11,346.100302
1.0,24,346.109915
1.0,26,346.120325
0.0,67,346.147229
1.0,11,346.151657
1.0,25,346.16168
1.0,25,346.17175
0.0,46,346.190192
1.0,14,346.195785
1.0,29,346.207499
1.0,28,346.21874
0.0,237,346.314106
0.0,11,346.318648
1.0,26,346.329074
1.0,23,346.338284
0.0,47,346.35715
1.0,11,346.361577
1.0,24,346.371205
1.0,29,346.382951
0.0,13,346.388155
1.0,11,346.39265
1.0,25,346.40274
1.0,27,346.413584
0.0,173,346.483361
1.0,13,346.488608
0.0,6,346.491018
0.0,12,346.49585
0.0,1000,346.896913
1.0,11,346.901399
0.0,8,346.9046
1.0,25,346.914604
0.0,347,347.05361
1.0,11,347.058039
1.0,23,347.067621
1.0,32,347.080448
0.0,27,347.09131
1.0,14,347.096967
1.0,27,347.107805
1.0,25,347.117855
0.0,118,347.165015
1.0,13,347.170236
1.0,25,347.180298
1.0,27,347.191146
0.0,107,347.233703
1.0,11,347.238125
0.0,16,347.244536
1.0,25,347.254913
0.0,157,347.317791
1.0,11,347.322214
1.0,25,347.332206
1.0,23,347.341567
0.0,85,347.375458
1.0,12,347.380255
1.0,27,347.391121
1.0,23,347.400389
0.0,56,347.423002
1.0,11,347.427418
1.0,23,347.436935
1.0,25,347.446939
0.0,72,347.476067
1.0,14,347.481696
1.0,23,347.49093
1.0,26,347.501307
0.0,284,347.615403
1.0,11,347.619837
1.0,25,347.629884
1.0,31,347.642395
0.0,660,347.906269
1.0,11,347.910774
1.0,29,347.922637
1.0,23,347.932065
0.0,98,347.971164
1.0,14,347.976756
1.0,27,347.987655
1.0,25,347.997695
0.0,445,348.176755
1.0,11,348.181173
1.0,23,348.190536
0.0,6,348.192927
0.0,105,348.23486
1.0,11,348.239278
1.0,24,348.248971
0.0,4,348.250594
0.0,22,348.25938
1.0,11,348.263801
0.0,4,348.265404
0.0,14,348.27099
0.0,182,348.344022
1.0,12,348.348836
1.0,26,348.359332
0.0,19,348.366951
0.0,30,348.378917
1.0,11,348.383323
1.0,27,348.394301
1.0,25,348.404374
0.0,305,348.527207
1.0,14,348.532795
1.0,23,348.542031
0.0,6,348.544535
0.0,245,348.64345
1.0,11,348.647863
1.0,23,348.657064
1.0,26,348.667865
0.0,122,348.716853
1.0,11,348.721293
1.0,26,348.731719
1.0,23,348.74104
0.0,431,348.91365
1.0,15,348.920045
1.0,30,348.932417
1.0,25,348.9424
0.0,50,348.962361
0.0,7,348.965187
1.0,30,348.977242
1.0,30,348.989465
0.0,89,349.025177
1.0,11,349.029603
1.0,27,349.041218
1.0,25,349.051675
0.0,83,349.085632
1.0,11,349.090057
0.0,16,349.096475
1.0,26,349.10689
0.0,64,349.132625
1.0,11,349.137041
1.0,25,349.147076
1.0,30,349.15919
0.0,419,349.327443
1.0,12,349.332236
0.0,16,349.338784
0.0,19,349.346478
0.0,378,349.499389
1.0,11,349.503828
1.0,27,349.514679
0.0,21,349.523102
0.0,197,349.602394
1.0,11,349.606924
1.0,25,349.616983
1.0,28,349.628159
0.0,412,349.793816
1.0,13,349.799041
1.0,26,349.809451
1.0,25,349.819445
0.0,114,349.865438
1.0,13,349.870755
1.0,27,349.881901
1.0,23,349.8911
0.0,206,349.974311
1.0,12,349.979127
1.0,29,349.990796
1.0,25,350.000821
0.0,166,350.068115
1.0,11,350.072551
1.0,36,350.087032
1.0,23,350.096334
0.0,34,350.109913
1.0,12,350.114741
1.0,27,350.12557
1.0,24,350.135303
0.0,353,350.276495
1.0,11,350.280939
1.0,23,350.290286
1.0,26,350.300661
0.0,555,350.523355
1.0,12,350.528184
1.0,23,350.537417
1.0,25,350.54757
0.0,753,350.849238
1.0,11,350.853766
1.0,28,350.864954
0.0,8,350.868182
0.0,197,350.947365
1.0,11,350.951785
1.0,26,350.962199
1.0,25,350.972341
0.0,60,350.996249
1.0,12,351.0011
1.0,32,351.014026
1.0,29,351.025664
0.0,108,351.069594
1.0,11,351.074051
1.0,23,351.083361
1.0,26,351.093798
0.0,121,351.142467
0.0,7,351.145289
1.0,25,351.155425
1.0,25,351.165465
0.0,34,351.179156
1.0,11,351.183573
1.0,25,351.193651
1.0,24,351.203264
0.0,212,351.288117
1.0,11,351.292549
1.0,27,351.303371
1.0,26,351.313926
0.0,92,351.350761
1.0,14,351.356387
0.0,20,351.364449
0.0,12,351.369283
0.0,17,351.376219
1.0,11,351.380718
1.0,23,351.389976
1.0,23,351.399192
0.0,482,351.593932
1.0,11,351.598393
1.0,33,351.611784
1.0,30,351.62399
0.0,182,351.697654
1.0,13,351.702895
1.0,27,351.713773
1.0,25,351.724081
0.0,380,351.876338
1.0,15,351.88255
1.0,23,351.891911
1.0,23,351.901124
0.0,219,351.989168
1.0,13,351.994382
1.0,27,352.005376
1.0,23,352.014617
0.0,26,352.025101
1.0,11,352.029527
1.0,25,352.039585
1.0,27,352.050698
0.0,121,352.100037
1.0,11,352.104461
1.0,24,352.11406
1.0,27,352.124867
0.0,85,352.158948
1.0,11,352.163368
0.0,16,352.16981
1.0,27,352.180696
0.0,45,352.198636
1.0,13,352.203857
1.0,23,352.213189
1.0,23,352.222424
0.0,29,352.234098
1.0,13,352.239318
0.0,22,352.248391
1.0,24,352.258119
0.0,84,352.29237
1.0,14,352.297975
1.0,23,352.30719
1.0,23,352.316387
0.0,159,352.379812
1.0,12,352.384632
1.0,25,352.394687
1.0,25,352.404786
0.0,19,352.41239
1.0,11,352.417085
1.0,26,352.427481
1.0,27,352.438561
0.0,258,352.542012
1.0,13,352.547371
1.0,25,352.557756
0.0,18,352.565247
0.0,181,352.637966
1.0,13,352.643191
1.0,23,352.6524
1.0,24,352.662004
0.0,52,352.682873
1.0,14,352.688491
0.0,8,352.691699
1.0,24,352.701323
0.0,518,352.90904
1.0,13,352.914266
1.0,28,352.926059
1.0,31,352.939034
0.0,709,353.223093
1.0,15,353.229258
1.0,25,353.239403
1.0,26,353.249768
0.0,61,353.274046
1.0,11,353.278452
0.0,6,353.280843
0.0,15,353.286922
0.0,47,353.305706
1.0,11,353.310224
1.0,25,353.320259
1.0,23,353.329484
0.0,57,353.352247
0.0,6,353.354672
1.0,27,353.365464
0.0,19,353.373088
0.0,9,353.376692
1.0,13,353.38194
1.0,25,353.392032
1.0,23,353.401235
0.0,214,353.487766
0.0,10,353.491782
1.0,23,353.501151
1.0,27,353.511966
0.0,369,353.660785
1.0,11,353.665213
1.0,23,353.674457
1.0,29,353.686074
0.0,643,353.945598
1.0,11,353.950029
1.0,27,353.960981
1.0,24,353.97065
0.0,260,354.076051
1.0,13,354.081299
1.0,24,354.090952
1.0,25,354.100999
0.0,14,354.106757
1.0,11,354.111236
1.0,23,354.120497
1.0,27,354.13136
0.0,142,354.188327
1.0,11,354.192758
1.0,31,354.205188
1.0,25,354.215233
0.0,227,354.306558
1.0,15,354.312585
0.0,7,354.315396
1.0,23,354.324626
0.0,12,354.329415
1.0,11,354.333954
1.0,23,354.343175
1.0,24,354.352804
0.0,209,354.437464
1.0,11,354.441907
1.0,33,354.455315
1.0,27,354.466145
0.0,165,354.532433
1.0,11,354.536858
1.0,30,354.549156
1.0,25,354.55928
0.0,100,354.599625
1.0,11,354.604068
0.0,18,354.611296
1.0,24,354.620943
0.0,149,354.681368
1.0,11,354.685797
1.0,25,354.69581
0.0,19,354.703484
0.0,383,354.857158
0.0,6,354.859676
1.0,24,354.869309
1.0,27,354.880154
0.0,397,355.039644
0.0,7,355.042487
1.0,29,355.054513
1.0,29,355.066512
0.0,34,355.0806
1.0,11,355.085093
1.0,27,355.095995
0.0,8,355.099221
0.0,73,355.12853
1.0,13,355.13379
0.0,6,355.136211
1.0,24,355.145826
0.0,27,355.156635
0.0,11,355.161064
1.0,23,355.170378
1.0,27,355.181261
0.0,131,355.233629
1.0,13,355.238959
1.0,23,355.248262
0.0,14,355.25388
0.0,62,355.279056
0.0,2,355.279869
1.0,26,355.290291
0.0,6,355.292708
0.0,50,355.31271
1.0,12,355.317544
0.0,8,355.320763
1.0,25,355.330836
0.0,97,355.369545
1.0,11,355.373984
1.0,29,355.3856
1.0,29,355.39735
0.0,34,355.410966
1.0,11,355.41539
1.0,25,355.425818
1.0,26,355.436548
0.0,69,355.464258
1.0,12,355.469144
0.0,6,355.471559
1.0,23,355.480794
0.0,190,355.557303
1.0,14,355.563
1.0,27,355.57408
1.0,27,355.584998
0.0,134,355.638498
1.0,13,355.643724
1.0,28,355.655011
1.0,34,355.668663
0.0,99,355.708233
0.0,9,355.711852
1.0,30,355.72388
1.0,26,355.734383
0.0,96,355.772895
1.0,11,355.777318
1.0,27,355.788154
1.0,31,355.800592
0.0,739,356.097881
1.0,11,356.102332
1.0,27,356.113259
1.0,25,356.12331
0.0,494,356.321768
1.0,15,356.32778
1.0,23,356.337111
0.0,14,356.342726
0.0,64,356.368231
1.0,13,356.373514
1.0,24,356.383131
1.0,25,356.393176
0.0,180,356.465776
1.0,11,356.470194
1.0,24,356.480295
1.0,26,356.490817
0.0,182,356.563921
1.0,11,356.568649
1.0,26,356.579311
1.0,23,356.588703
0.0,474,356.778444
0.0,2,356.779261
1.0,25,356.789438
1.0,31,356.801849
0.0,68,356.829226
0.0,2,356.830042
0.0,4,356.83166
1.0,26,356.842072
0.0,61,356.86663
1.0,11,356.871051
1.0,23,356.880272
1.0,23,356.889571
0.0,336,357.025125
1.0,11,357.029556
1.0,23,357.038842
0.0,4,357.040454
0.0,785,357.35634
1.0,12,357.361175
1.0,29,357.373535
1.0,23,357.382823
0.0,69,357.41052
1.0,13,357.415748
1.0,29,357.427652
1.0,25,357.438018
0.0,41,357.454419
1.0,13,357.459647
0.0,4,357.461244
1.0,25,357.471355
0.0,174,357.54087
0.0,6,357.543294
1.0,27,357.554572
0.0,4,357.556188
0.0,196,357.634868
1.0,11,357.6394
0.0,6,357.641796
0.0,4,357.643424
0.0,51,357.663844
0.0,8,357.667062
1.0,29,357.678698
0.0,23,357.687922
0.0,51,357.708347
1.0,13,357.713563
1.0,23,357.723044
0.0,13,357.728571
0.0,21,357.737102
1.0,12,357.741928
1.0,25,357.75211
1.0,27,357.762977
0.0,273,357.872671
1.0,16,357.879092
0.0,20,357.887239
1.0,23,357.896496
0.0,173,357.966527
1.0,11,357.970974
1.0,25,357.981027
1.0,25,357.991071
0.0,135,358.045206
0.0,6,358.047644
0.0,4,358.049566
1.0,27,358.060431
0.0,43,358.078232
1.0,13,358.083466
1.0,24,358.093266
0.0,4,358.094887
0.0,114,358.140431
0.0,9,358.144066
1.0,25,358.15416
1.0,24,358.163812
0.0,70,358.191939
1.0,11,358.196368
0.0,16,358.202805
1.0,23,358.212051
0.0,94,358.249729
1.0,12,358.254557
1.0,27,358.265454
1.0,25,358.27547
0.0,136,358.33016
1.0,13,358.335431
0.0,18,358.342701
1.0,25,358.352764
0.0,174,358.423005
1.0,13,358.428227
1.0,28,358.439788
1.0,25,358.44984
0.0,287,358.56437
1.0,13,358.569912
0.0,6,358.572323
1.0,27,358.583148
0.0,83,358.616366
0.0,9,358.620009
1.0,25,358.630064
0.0,21,358.638518
0.0,282,358.75112
0.0,4,358.752777
1.0,29,358.764414
1.0,31,358.77685
0.0,882,359.131268
1.0,11,359.135708
1.0,23,359.144912
1.0,27,359.15568
0.0,40,359.171603
1.0,11,359.176004
1.0,29,359.18761
1.0,24,359.197181
0.0,405,359.358485
1.0,11,359.362911
1.0,27,359.373742
1.0,27,359.384752
0.0,145,359.44371
1.0,11,359.448131
1.0,23,359.45734
0.0,18,359.464534
0.0,122,359.513385
1.0,13,359.518612
1.0,28,359.529845
0.0,23,359.539469
0.0,171,359.609036
1.0,11,359.613467
1.0,27,359.624347
1.0,28,359.635572
0.0,111,359.679753
1.0,11,359.684173
0.0,8,359.687382
1.0,23,359.696579
0.0,57,359.719418
1.0,11,359.723828
1.0,28,359.735095
1.0,25,359.745084
0.0,294,359.862213
0.0,7,359.865042
1.0,30,359.877061
1.0,23,359.886402
0.0,252,359.987295
0.0,9,359.99092
1.0,27,360.00181
0.0,8,360.005023
0.0,199,360.08492
1.0,11,360.089362
0.0,21,360.097781
1.0,24,360.107408
0.0,150,360.16788
1.0,11,360.172306
1.0,25,360.182306
1.0,27,360.193156
0.0,380,360.345074
1.0,15,360.351087
1.0,23,360.360309
1.0,32,360.373155
0.0,107,360.415671
1.0,11,360.420395
1.0,23,360.42968
1.0,32,360.442846
0.0,22,360.451667
0.0,9,360.455422
1.0,23,360.464677
1.0,27,360.475522
0.0,140,360.531488
1.0,13,360.536689
1.0,25,360.546704
0.0,4,360.548321
0.0,149,360.608832
0.0,10,360.612853
1.0,23,360.622086
1.0,25,360.632107
0.0,158,360.695357
1.0,11,360.699789
0.0,18,360.706992
1.0,23,360.716234
0.0,145,360.774815
0.0,10,360.778843
1.0,30,360.790892
1.0,25,360.800987
0.0,298,360.920943
1.0,13,360.926188
1.0,27,360.937162
1.0,26,360.947605
0.0,6,360.950024
1.0,17,360.956859
0.0,21,360.965282
1.0,27,360.976084
0.0,435,361.151952
0.0,4,361.153582
1.0,26,361.164001
0.0,25,361.17409
0.0,32,361.186855
1.0,11,361.191339
1.0,24,361.201014
1.0,25,361.211138
0.0,291,361.327188
1.0,11,361.331626
1.0,26,361.342473
1.0,27,361.353307
0.0,155,361.41542
1.0,13,361.420916
1.0,29,361.432584
1.0,25,361.442945
0.0,57,361.46564
1.0,11,361.470046
1.0,36,361.484516
1.0,27,361.495313
0.0,137,361.550284
1.0,13,361.555509
1.0,25,361.565536
0.0,4,361.56746
0.0,297,361.686058
1.0,13,361.691263
1.0,25,361.701357
1.0,25,361.711392
0.0,49,361.730985
1.0,11,361.735677
0.0,14,361.741422
1.0,24,361.751397
0.0,186,361.826786
1.0,11,361.831202
1.0,23,361.84039
1.0,27,361.851163
0.0,98,361.890301
1.0,11,361.894759
1.0,24,361.90437
1.0,27,361.91529
0.0,72,361.944982
1.0,11,361.949406
1.0,24,361.959026
1.0,23,361.968323
0.0,90,362.004275
1.0,14,362.00988
0.0,21,362.018286
1.0,23,362.027488
0.0,233,362.121192
1.0,13,362.126408
1.0,24,362.136014
1.0,23,362.145217
0.0,359,362.289023
1.0,15,362.295042
1.0,24,362.304639
1.0,24,362.314328
0.0,291,362.430796
1.0,13,362.436234
1.0,23,362.44545
0.0,16,362.451852
0.0,77,362.482623
1.0,11,362.487032
1.0,25,362.497105
1.0,27,362.507903
0.0,84,362.541671
1.0,11,362.546114
1.0,27,362.557175
1.0,25,362.567523
0.0,77,362.598535
1.0,12,362.603324
1.0,30,362.615353
1.0,24,362.62493
0.0,229,362.715991
0.0,7,362.718803
1.0,23,362.728079
1.0,23,362.737265
0.0,65,362.763232
1.0,11,362.767649
1.0,26,362.778017
1.0,26,362.788387
0.0,151,362.848548
1.0,16,362.854955
1.0,27,362.865729
1.0,27,362.876616
0.0,29,362.888324
1.0,11,362.892728
1.0,27,362.903525
1.0,25,362.913582
0.0,213,362.999185
0.0,9,363.002799
1.0,28,363.01396
1.0,23,363.023213
0.0,123,363.07274
1.0,12,363.077535
1.0,26,363.08794
1.0,23,363.097132
0.0,95,363.13548
1.0,17,363.14268
1.0,27,363.15352
1.0,27,363.164319
0.0,126,363.214915
0.0,8,363.21813
1.0,26,363.228559
1.0,24,363.238188
0.0,19,363.2458
1.0,11,363.2503
1.0,28,363.261482
1.0,30,363.273446
0.0,496,363.472539
1.0,11,363.477037
1.0,27,363.48781
0.0,8,363.491006
0.0,97,363.529777
0.0,11,363.534179
1.0,23,363.543383
1.0,23,363.552957
0.0,440,363.728743
1.0,11,363.733163
1.0,23,363.742892
1.0,25,363.752936
0.0,71,363.781487
1.0,12,363.786304
1.0,26,363.796726
1.0,24,363.806313
0.0,59,363.829852
1.0,16,363.836249
1.0,23,363.845492
0.0,17,363.85228
0.0,200,363.93295
1.0,11,363.937653
1.0,23,363.946951
1.0,27,363.957788
0.0,84,363.991278
1.0,11,363.995686
0.0,21,364.004078
1.0,27,364.014935
0.0,448,364.194401
1.0,18,364.201653
1.0,23,364.210868
0.0,8,364.214074
0.0,123,364.263147
1.0,13,364.268337
1.0,26,364.27878
0.0,17,364.285584
0.0,142,364.34247
1.0,15,364.348674
1.0,25,364.358727
1.0,28,364.369951
0.0,79,364.401471
0.0,9,364.405359
1.0,25,364.415386
1.0,23,364.425346
0.0,310,364.549152
1.0,11,364.553891
1.0,23,364.563114
1.0,23,364.572698
0.0,66,364.599408
1.0,11,364.603857
1.0,23,364.613114
1.0,26,364.623552
0.0,127,364.674401
1.0,12,364.679221
1.0,23,364.688529
1.0,31,364.700876
0.0,360,364.844726
1.0,11,364.84915
1.0,23,364.858383
1.0,25,364.868412
0.0,190,364.945481
1.0,13,364.950855
1.0,27,364.961658
1.0,27,364.972466
0.0,27,364.983294
1.0,11,364.987696
0.0,18,364.994922
1.0,28,365.006114
0.0,124,365.055839
1.0,11,365.060251
1.0,25,365.07067
1.0,23,365.079884
0.0,426,365.249515
1.0,16,365.256014
1.0,24,365.265666
1.0,31,365.278054
0.0,62,365.302804
1.0,11,365.307222
1.0,23,365.316464
0.0,6,365.31888
0.0,6,365.321322
0.0,11,365.325746
1.0,26,365.33621
1.0,24,365.345826
0.0,96,365.384292
1.0,11,365.388723
0.0,8,365.391952
1.0,23,365.401191
0.0,100,365.441507
1.0,11,365.446012
1.0,30,365.458034
0.0,21,365.466447
0.0,85,365.50054
1.0,11,365.504972
0.0,10,365.508986
1.0,25,365.519049
0.0,65,365.545397
1.0,11,365.549882
0.0,19,365.55779
0.0,12,365.562621
0.0,89,365.598873
1.0,15,365.604918
1.0,29,365.616599
1.0,30,365.628645
0.0,117,365.675519
1.0,11,365.679965
1.0,25,365.690105
1.0,25,365.700133
0.0,208,365.785082
1.0,13,365.79042
1.0,26,365.801012
1.0,25,365.811088
0.0,15,365.817165
0.0,7,365.820072
1.0,25,365.830106
1.0,31,365.84251
0.0,7,365.845303
1.0,11,365.849733
1.0,25,365.859827
1.0,24,365.869446
0.0,157,365.932739
1.0,11,365.937438
0.0,24,365.947026
0.0,8,365.950287
0.0,461,366.135366
1.0,11,366.139785
1.0,26,366.150622
0.0,8,366.153868
0.0,332,366.286527
1.0,12,366.291343
1.0,23,366.300567
0.0,17,366.307352
0.0,244,366.404957
1.0,11,366.409553
1.0,29,366.421289
1.0,24,366.431037
0.0,42,366.448092
1.0,11,366.452497
0.0,4,366.454101
1.0,23,366.463397
0.0,167,366.52997
1.0,11,366.534378
1.0,23,366.543672
1.0,30,366.556001
0.0,178,366.627328
1.0,11,366.631763
1.0,27,366.642563
1.0,26,366.653059
0.0,173,366.722237
1.0,12,366.727137
1.0,27,366.737982
1.0,26,366.748756
0.0,603,366.990476
1.0,11,366.994944
1.0,30,367.006951
1.0,30,367.018928
0.0,316,367.14655
1.0,12,367.151354
1.0,28,367.162575
1.0,24,367.172173
0.0,283,367.285714
1.0,11,367.290141
1.0,27,367.301036
0.0,16,367.30747
0.0,206,367.390305
1.0,11,367.394745
1.0,27,367.405695
0.0,14,367.411426
0.0,286,367.526494
1.0,11,367.530932
0.0,4,367.532537
1.0,23,367.54178
0.0,373,367.692204
1.0,15,367.698228
0.0,4,367.699833
1.0,27,367.710771
0.0,640,367.967655
1.0,16,367.974097
0.0,21,367.982623
1.0,24,367.992298
0.0,15,367.998282
1.0,12,368.003126
1.0,25,368.013267
1.0,25,368.023289
0.0,159,368.087821
1.0,11,368.092355
1.0,23,368.10162
1.0,23,368.110916
0.0,1000,368.512745
1.0,11,368.517201
1.0,30,368.529237
1.0,28,368.540424
0.0,325,368.67195
1.0,11,368.676378
1.0,27,368.687157
0.0,17,368.694094
0.0,214,368.779849
1.0,14,368.785467
1.0,25,368.795527
1.0,27,368.80639
0.0,157,368.8692
1.0,11,368.87362
1.0,25,368.88381
1.0,27,368.894632
0.0,174,368.964736
0.0,9,368.968373
1.0,31,368.980794
1.0,23,368.990037
0.0,2,368.990849
1.0,13,368.996138
1.0,25,369.00641
1.0,25,369.016737
0.0,458,369.202882
1.0,13,369.208166
1.0,23,369.217445
0.0,12,369.222249
0.0,9,369.225891
1.0,14,369.231514
1.0,26,369.24196
1.0,25,369.252087
0.0,54,369.273772
1.0,11,369.278202
1.0,29,369.28986
1.0,25,369.299917
0.0,15,369.305933
1.0,12,369.310746
1.0,25,369.320823
1.0,25,369.330849
0.0,58,369.354157
1.0,12,369.358958
0.0,10,369.362982
1.0,27,369.373835
0.0,210,369.459288
1.0,11,369.463722
1.0,28,369.474957
0.0,12,369.479797
0.0,46,369.498101
1.0,13,369.503321
1.0,31,369.515734
1.0,25,369.5258
0.0,192,369.603241
1.0,11,369.607733
1.0,29,369.619378
1.0,24,369.629029
0.0,43,369.64634
1.0,11,369.650764
1.0,23,369.659975
1.0,27,369.670834
0.0,134,369.724483
1.0,14,369.730076
1.0,31,369.742525
1.0,23,369.751822
0.0,115,369.798652
1.0,11,369.803127
1.0,23,369.812731
1.0,27,369.823564
0.0,423,369.993019
1.0,13,369.998242
0.0,18,370.005438
1.0,27,370.016287
0.0,63,370.041452
1.0,11,370.045877
1.0,25,370.05622
1.0,24,370.065845
0.0,25,370.076154
1.0,15,370.082172
1.0,29,370.094046
1.0,27,370.10498
0.0,157,370.167867
1.0,15,370.173881
1.0,28,370.185135
1.0,29,370.196789
0.0,104,370.238338
1.0,13,370.243635
0.0,25,370.253642
1.0,25,370.263651
0.0,110,370.307484
1.0,11,370.311912
0.0,17,370.318784
1.0,26,370.329219
0.0,237,370.424745
1.0,11,370.429176
1.0,23,370.438741
1.0,25,370.448779
0.0,135,370.502794
1.0,11,370.507235
1.0,27,370.518116
1.0,33,370.531334
0.0,331,370.664139
1.0,11,370.668578
0.0,8,370.6718
1.0,25,370.681816
0.0,694,370.959607
1.0,13,370.964926
1.0,24,370.974556
1.0,25,370.984588
0.0,146,371.043424
1.0,11,371.047857
1.0,28,371.059372
1.0,27,371.070398
0.0,163,371.136113
1.0,11,371.140548
1.0,25,371.150658
1.0,29,371.162287
0.0,62,371.187109
1.0,13,371.192401
1.0,25,371.202434
1.0,28,371.213657
0.0,469,371.401357
1.0,13,371.40666
1.0,23,371.415993
1.0,25,371.426371
0.0,247,371.525107
1.0,11,371.52974
1.0,25,371.539718
1.0,23,371.548927
0.0,559,371.773611
0.0,2,371.774437
0.0,6,371.776848
1.0,29,371.78844
0.0,312,371.913409
0.0,4,371.91504
1.0,23,371.924665
1.0,27,371.93546
0.0,49,371.955345
1.0,11,371.959774
1.0,29,371.971422
0.0,4,371.973035
0.0,33,371.986311
1.0,11,371.990719
1.0,27,372.001565
1.0,27,372.01239
0.0,114,372.05841
1.0,15,372.064419
1.0,25,372.074765
1.0,25,372.084799
0.0,112,372.129658
1.0,12,372.134584
1.0,27,372.145409
0.0,6,372.147829
0.0,137,372.203108
1.0,11,372.207545
1.0,27,372.218529
1.0,29,372.230169
0.0,37,372.244999
1.0,12,372.250103
0.0,14,372.255787
0.0,12,372.260627
0.0,607,372.504225
1.0,13,372.509488
1.0,25,372.519635
1.0,27,372.530463
0.0,162,372.596374
1.0,11,372.600852
1.0,23,372.610125
1.0,23,372.61936
0.0,56,372.641734
1.0,13,372.646978
1.0,26,372.657401
1.0,27,372.668317
0.0,619,372.915996
1.0,11,372.920432
1.0,25,372.930801
1.0,23,372.940336
0.0,4,372.941943
1.0,11,372.946338
1.0,27,372.957133
1.0,29,372.968837
0.0,366,373.116147
1.0,13,373.121352
1.0,23,373.130594
1.0,27,373.141424
0.0,271,373.250298
1.0,11,373.254744
1.0,23,373.264006
0.0,8,373.267295
0.0,650,373.528045
1.0,12,373.532926
0.0,14,373.53854
1.0,25,373.548546
0.0,27,373.559597
0.0,6,373.562023
0.0,19,373.56998
1.0,35,373.583957
0.0,107,373.626776
1.0,13,373.631967
0.0,17,373.638789
1.0,25,373.648871
0.0,206,373.731445
1.0,11,373.735866
1.0,27,373.746663
1.0,29,373.758257
0.0,111,373.803046
1.0,11,373.80777
0.0,16,373.81428
1.0,29,373.82611
0.0,135,373.880571
1.0,11,373.885066
1.0,25,373.895095
1.0,25,373.905088
0.0,242,374.002579
1.0,12,374.007393
1.0,25,374.017433
0.0,21,374.025931
0.0,31,374.038305
1.0,13,374.044247
1.0,26,374.054839
1.0,28,374.066014
0.0,141,374.122385
1.0,13,374.127598
1.0,27,374.138467
0.0,19,374.146055
0.0,38,374.161206
0.0,2,374.162022
1.0,23,374.171225
1.0,23,374.180502
0.0,402,374.34105
1.0,11,374.3455
1.0,24,374.355137
1.0,23,374.364396
0.0,16,374.370803
0.0,2,374.371613
0.0,21,374.380006
0.0,10,374.384022
0.0,23,374.393217
1.0,11,374.397624
1.0,24,374.407619
1.0,27,374.418441
0.0,265,374.524673
1.0,11,374.529198
1.0,25,374.539173
1.0,25,374.54916
0.0,34,374.563019
1.0,11,374.567428
1.0,26,374.578083
1.0,23,374.587392
0.0,13,374.592669
1.0,15,374.599126
1.0,30,374.611209
1.0,27,374.621979
0.0,52,374.642789
1.0,13,374.647997
1.0,25,374.657959
0.0,15,374.663941
0.0,146,374.722128
1.0,11,374.726538
1.0,25,374.736486
1.0,23,374.745704
0.0,251,374.84512
1.0,11,374.849526
1.0,29,374.861178
1.0,24,374.870761
0.0,376,375.021554
1.0,14,375.027165
1.0,23,375.036394
0.0,6,375.038805
0.0,65,375.06513
1.0,14,375.07105
1.0,24,375.080712
1.0,23,375.090037
0.0,523,375.299377
1.0,13,375.304606
1.0,25,375.314727
1.0,31,375.327202
0.0,206,375.409568
1.0,12,375.414367
1.0,23,375.423989
1.0,27,375.434814
0.0,336,375.569391
1.0,11,375.573996
1.0,25,375.584034
1.0,25,375.594118
0.0,90,375.630385
1.0,11,375.634811
0.0,6,375.637216
1.0,25,375.647253
0.0,168,375.714839
1.0,11,375.71926
0.0,7,375.72207
1.0,25,375.732193
0.0,96,375.770758
0.0,4,375.772486
1.0,23,375.781733
1.0,28,375.792963
0.0,76,375.823508
1.0,11,375.827944
1.0,32,375.840823
1.0,23,375.850075
0.0,90,375.88626
1.0,11,375.890702
1.0,29,375.902332
1.0,29,375.914091
0.0,955,376.298621
1.0,13,376.303865
0.0,12,376.308684
1.0,28,376.319838
0.0,181,376.392121
1.0,13,376.397347
1.0,26,376.408203
1.0,25,376.418344
0.0,26,376.429151
1.0,15,376.435277
1.0,25,376.445788
0.0,16,376.452237
0.0,137,376.507104
1.0,11,376.51154
1.0,27,376.522561
0.0,20,376.530667
0.0,142,376.588157
1.0,12,376.593034
1.0,26,376.603766
0.0,8,376.606974
0.0,101,376.647463
1.0,11,376.651891
1.0,31,376.664418
1.0,28,376.675757
0.0,17,376.682559
1.0,13,376.687789
0.0,18,376.695014
1.0,34,376.708776
0.0,150,376.768914
1.0,11,376.773355
1.0,25,376.78354
1.0,25,376.79362
0.0,109,376.837024
0.0,9,376.840644
1.0,23,376.849969
1.0,24,376.859727
0.0,295,376.978602
1.0,13,376.983854
1.0,25,376.993904
1.0,27,377.004953
0.0,101,377.045687
1.0,15,377.051829
0.0,21,377.060565
1.0,23,377.069889
0.0,558,377.293939
1.0,13,377.299208
1.0,23,377.308537
1.0,29,377.320417
0.0,151,377.381848
1.0,15,377.387963
0.0,17,377.39487
1.0,23,377.404489
0.0,56,377.427447
1.0,12,377.432288
1.0,27,377.443353
0.0,18,377.450595
0.0,323,377.580459
1.0,11,377.584956
1.0,23,377.594205
0.0,4,377.595822
0.0,273,377.70624
1.0,11,377.710673
1.0,24,377.720349
1.0,27,377.731341
0.0,29,377.74294
1.0,12,377.747778
1.0,25,377.757934
1.0,24,377.767652
0.0,1000,378.168786
1.0,12,378.173639
0.0,15,378.179642
1.0,23,378.188903
0.0,40,378.204904
1.0,11,378.209408
1.0,23,378.218576
1.0,28,378.229825
0.0,16,378.236224
1.0,15,378.242218
0.0,20,378.25023
0.0,18,378.257492
0.0,715,378.543469
1.0,11,378.547917
1.0,25,378.558389
1.0,25,378.568475
0.0,135,378.62258
1.0,12,378.627395
1.0,28,378.638687
1.0,26,378.649137
0.0,13,378.654345
1.0,11,378.658776
1.0,28,378.670036
0.0,24,378.679675
0.0,172,378.748288
1.0,11,378.752706
0.0,14,378.758329
1.0,26,378.768737
0.0,85,378.80265
1.0,15,378.808786
1.0,25,378.818823
0.0,21,378.82725
0.0,199,378.906561
1.0,11,378.91096
1.0,27,378.92177
0.0,18,378.92937
0.0,92,378.966158
0.0,10,378.97018
1.0,26,378.980617
1.0,25,378.990691
0.0,72,379.019439
1.0,11,379.023856
1.0,28,379.035035
1.0,27,379.045808
0.0,265,379.152395
1.0,19,379.160026
1.0,27,379.170898
0.0,14,379.176514
0.0,31,379.188897
1.0,12,379.193704
0.0,6,379.196115
1.0,24,379.205774
0.0,30,379.217761
1.0,11,379.222178
1.0,27,379.232988
1.0,25,379.243109
0.0,22,379.252006
1.0,13,379.257205
1.0,24,379.266801
1.0,31,379.279238
0.0,34,379.292826
1.0,13,379.29809
1.0,26,379.3085
1.0,25,379.31856
0.0,18,379.325736
1.0,13,379.330933
0.0,16,379.337484
0.0,12,379.342308
0.0,173,379.411995
1.0,14,379.417679
1.0,27,379.429011
1.0,29,379.440802
0.0,196,379.519123
1.0,16,379.525523
1.0,26,379.535939
1.0,23,379.545252
0.0,44,379.563148
1.0,11,379.567575
0.0,14,379.573434
1.0,25,379.583561
0.0,479,379.775056
1.0,12,379.779849
1.0,29,379.791462
0.0,10,379.795475
0.0,191,379.872166
1.0,13,379.877434
1.0,28,379.888847
0.0,12,379.893674
0.0,35,379.907605
1.0,11,379.91204
1.0,27,379.923139
1.0,25,379.9333
0.0,929,380.306406
0.0,2,380.307238
1.0,27,380.318099
1.0,23,380.327329
0.0,164,380.392897
1.0,13,380.398135
1.0,23,380.407383
1.0,25,380.417479
0.0,184,380.491603
1.0,11,380.496032
1.0,23,380.505265
1.0,30,380.51725
0.0,31,380.529688
1.0,11,380.534103
1.0,23,380.543286
1.0,23,380.552479
0.0,131,380.606036
1.0,11,380.610594
1.0,35,380.624672
1.0,25,380.6347
0.0,222,380.72339
1.0,12,380.728207
1.0,26,380.738613
1.0,27,380.749566
0.0,88,380.784623
1.0,11,380.789042
1.0,26,380.799572
1.0,25,380.80959
0.0,403,380.971179
1.0,13,380.976418
1.0,26,380.986939
1.0,23,380.99617
0.0,263,381.101994
1.0,11,381.106461
1.0,27,381.117359
1.0,27,381.128188
0.0,64,381.153823
1.0,11,381.158249
0.0,6,381.160664
0.0,16,381.167071
0.0,125,381.21715
1.0,11,381.221624
0.0,11,381.226022
1.0,23,381.235213
0.0,79,381.266761
1.0,14,381.272359
0.0,19,381.279986
1.0,29,381.291669
0.0,34,381.305191
1.0,11,381.309614
1.0,24,381.31932
1.0,24,381.328961
0.0,315,381.45533
1.0,13,381.460573
1.0,25,381.47067
1.0,26,381.481059
0.0,90,381.516997
1.0,11,381.521417
1.0,26,381.531849
1.0,25,381.541831
0.0,172,381.611485
0.0,12,381.616313
1.0,25,381.626402
1.0,25,381.63644
0.0,174,381.706139
1.0,11,381.710566
1.0,26,381.720999
1.0,23,381.730261
0.0,172,381.79915
0.0,6,381.801577
1.0,27,381.812461
1.0,23,381.821712
0.0,52,381.842782
1.0,11,381.847318
1.0,27,381.858319
0.0,17,381.865216
0.0,10,381.869317
1.0,13,381.874704
1.0,23,381.88403
1.0,28,381.895319
0.0,114,381.941552
1.0,11,381.946095
1.0,25,381.956134
1.0,24,381.965837
0.0,14,381.971461
1.0,12,381.976289
1.0,25,381.986419
1.0,25,381.996453
0.0,177,382.06777
0.0,9,382.071698
1.0,25,382.081818
1.0,25,382.091892
0.0,59,382.115942
1.0,11,382.120377
1.0,23,382.129683
1.0,26,382.14013
0.0,31,382.15262
1.0,13,382.157852
1.0,24,382.1675
1.0,25,382.177546
0.0,341,382.314919
1.0,11,382.319365
1.0,26,382.329832
1.0,23,382.339107
0.0,234,382.433393
1.0,11,382.437864
1.0,27,382.449209
1.0,23,382.458567
0.0,205,382.540564
1.0,13,382.545802
1.0,27,382.556913
0.0,21,382.565354
0.0,98,382.605035
1.0,13,382.610282
1.0,30,382.622372
1.0,29,382.634049
0.0,206,382.71681
0.0,4,382.71844
1.0,23,382.727705
1.0,28,382.738944
0.0,346,382.877
1.0,11,382.881438
1.0,23,382.890732
1.0,29,382.902336
0.0,73,382.931835
1.0,13,382.937063
1.0,23,382.946621
1.0,26,382.957012
0.0,111,383.001502
1.0,11,383.005925
1.0,23,383.015144
1.0,25,383.025272
0.0,203,383.107407
1.0,13,383.112645
1.0,25,383.122666
1.0,26,383.133197
0.0,12,383.138005
0.0,9,383.141611
1.0,24,383.151202
1.0,27,383.162018
0.0,147,383.220795
1.0,11,383.225216
0.0,19,383.232841
1.0,27,383.243703
0.0,698,383.524295
0.0,9,383.527986
1.0,23,383.537243
1.0,27,383.548054
0.0,984,383.94295
1.0,11,383.947397
1.0,23,383.956612
1.0,23,383.965859
0.0,36,383.98028
1.0,16,383.986687
1.0,29,383.998312
1.0,27,384.009173
0.0,103,384.050166
1.0,11,384.054585
1.0,25,384.064878
1.0,23,384.074391
0.0,56,384.096821
1.0,13,384.102072
1.0,26,384.112401
1.0,25,384.122435
0.0,273,384.230911
1.0,12,384.235706
0.0,4,384.237299
1.0,25,384.247291
0.0,414,384.412411
1.0,11,384.416828
1.0,27,384.428063
1.0,25,384.438095
0.0,283,384.551042
1.0,12,384.55612
1.0,23,384.565338
0.0,13,384.570646
0.0,271,384.679157
1.0,11,384.683663
1.0,23,384.692866
1.0,27,384.703657
0.0,282,384.816104
1.0,11,384.820523
1.0,27,384.831291
1.0,24,384.841162
0.0,943,385.218685
1.0,13,385.223936
1.0,26,385.234292
0.0,14,385.239886
0.0,75,385.269801
0.0,4,385.271411
1.0,23,385.280582
1.0,25,385.290623
0.0,245,385.387846
1.0,11,385.392278
1.0,25,385.402299
1.0,25,385.41227
0.0,42,385.42932
1.0,12,385.434116
1.0,25,385.444395
1.0,25,385.454447
0.0,125,385.504122
0.0,2,385.504935
0.0,16,385.511345
1.0,24,385.521033
0.0,201,385.602007
1.0,11,385.606475
0.0,4,385.608071
1.0,26,385.618452
0.0,340,385.754264
1.0,12,385.759068
0.0,21,385.767467
1.0,25,385.777606
0.0,46,385.795944
1.0,14,385.801516
1.0,23,385.810716
1.0,27,385.821589
0.0,49,385.841058
1.0,13,385.846272
0.0,9,385.850204
1.0,30,385.862391
0.0,309,385.986503
1.0,11,385.990958
1.0,24,386.0006
1.0,25,386.010698
0.0,300,386.131573
1.0,13,386.136854
1.0,23,386.146179
1.0,27,386.15721
0.0,111,386.202121
1.0,13,386.207406
1.0,27,386.21835
1.0,26,386.228879
0.0,166,386.295774
1.0,11,386.300244
1.0,23,386.309603
1.0,29,386.321358
0.0,377,386.474799
1.0,13,386.480072
1.0,25,386.490214
0.0,14,386.495891
0.0,141,386.552756
1.0,11,386.557493
0.0,13,386.562752
1.0,31,386.575531
0.0,34,386.589233
0.0,7,386.592078
1.0,26,386.602656
1.0,25,386.613012
0.0,72,386.642057
1.0,11,386.646514
1.0,23,386.655967
1.0,26,386.666572
0.0,169,386.734912
1.0,14,386.740583
1.0,26,386.751093
1.0,30,386.763378
0.0,56,386.78584
0.0,6,386.788261
1.0,23,386.797569
0.0,4,386.799277
0.0,379,386.953462
1.0,11,386.958102
1.0,24,386.967796
1.0,25,386.977863
0.0,32,386.990832
1.0,17,386.997731
1.0,27,387.008631
1.0,23,387.017944
0.0,219,387.107177
1.0,11,387.111673
1.0,23,387.120994
1.0,25,387.131103
0.0,201,387.212046
1.0,11,387.216584
1.0,27,387.227508
1.0,27,387.238447
0.0,147,387.298432
1.0,13,387.303695
0.0,16,387.310149
1.0,23,387.319475
0.0,97,387.358595
1.0,11,387.363039
1.0,23,387.372453
0.0,16,387.378927
0.0,149,387.439905
1.0,23,387.449545
1.0,29,387.461275
1.0,25,387.47139
0.0,270,387.580471
1.0,12,387.585313
0.0,16,387.591764
1.0,25,387.601887
0.0,151,387.662657
1.0,11,387.667135
0.0,21,387.675604
1.0,25,387.685696
0.0,20,387.693698
1.0,11,387.698121
1.0,30,387.710294
1.0,27,387.721213
0.0,394,387.879671
1.0,11,387.884167
0.0,12,387.889013
1.0,23,387.898316
0.0,163,387.963795
1.0,13,387.969021
1.0,30,387.981089
1.0,25,387.991154
0.0,66,388.01745
1.0,11,388.02188
0.0,14,388.027513
1.0,24,388.037119
0.0,30,388.049153
1.0,12,388.053988
1.0,27,388.065145
1.0,27,388.076226
0.0,33,388.089498
1.0,13,388.094755
1.0,27,388.105574
1.0,26,388.116309
0.0,304,388.237926
0.0,7,388.240767
1.0,27,388.25158
1.0,25,388.261626
0.0,114,388.307032
1.0,13,388.312305
1.0,25,388.322341
0.0,6,388.32477
0.0,183,388.39835
1.0,12,388.403166
1.0,30,388.415229
0.0,4,388.416848
0.0,50,388.437132
1.0,14,388.443017
1.0,27,388.453936
1.0,23,388.463502
0.0,25,388.473539
1.0,11,388.477979
1.0,25,388.488049
1.0,28,388.499439
0.0,113,388.544685
1.0,13,388.549937
1.0,27,388.561043
1.0,31,388.573921
0.0,319,388.701528
0.0,7,388.70437
1.0,24,388.714006
1.0,24,388.723718
0.0,328,388.85598
1.0,13,388.861249
1.0,29,388.872954
1.0,30,388.885266
0.0,29,388.89693
1.0,11,388.90135
1.0,25,388.911419
1.0,28,388.922709
0.0,21,388.931512
1.0,11,388.935963
1.0,23,388.945546
1.0,26,388.956076
0.0,164,389.021947
1.0,11,389.026373
1.0,29,389.038079
0.0,18,389.045317
0.0,239,389.142741
1.0,11,389.1473
1.0,27,389.158156
1.0,25,389.168216
0.0,307,389.29118
1.0,11,389.295732
1.0,27,389.306638
0.0,14,389.312282
0.0,147,389.371198
1.0,11,389.375699
1.0,29,389.387372
1.0,23,389.396643
0.0,724,389.690112
1.0,13,389.695351
1.0,24,389.705033
1.0,25,389.715238
0.0,125,389.765406
1.0,11,389.769864
1.0,26,389.780336
0.0,18,389.787637
0.0,136,389.842271
1.0,12,389.847093
1.0,23,389.856369
0.0,14,389.86215
0.0,570,390.091681
1.0,14,390.097355
1.0,25,390.107467
1.0,29,390.119295
0.0,80,390.151346
1.0,12,390.15615
1.0,25,390.166314
1.0,25,390.176317
0.0,285,390.291335
1.0,13,390.296627
1.0,27,390.307436
1.0,23,390.316776
0.0,536,390.532753
1.0,15,390.538835
1.0,24,390.548593
0.0,6,390.551017
0.0,43,390.56852
0.0,8,390.571746
1.0,23,390.581436
1.0,28,390.592739
0.0,248,390.692173
1.0,11,390.696677
1.0,30,390.70871
1.0,31,390.721898
0.0,149,390.781332
1.0,13,390.786561
1.0,28,390.797785
1.0,29,390.809493
0.0,319,390.937996
1.0,12,390.943105
1.0,26,390.953541
1.0,23,390.962847
0.0,268,391.070283
1.0,11,391.075063
1.0,29,391.086765
1.0,23,391.096018
0.0,346,391.234704
1.0,13,391.239933
1.0,23,391.249146
1.0,26,391.259556
0.0,188,391.334461
1.0,11,391.338995
1.0,27,391.34984
1.0,27,391.360649
0.0,196,391.439825
1.0,14,391.445722
1.0,23,391.455
0.0,17,391.461847
0.0,31,391.474462
1.0,11,391.478882
1.0,23,391.488227
1.0,25,391.498256
0.0,97,391.537054
1.0,11,391.541496
1.0,28,391.552723
1.0,27,391.563878
0.0,107,391.60701
1.0,11,391.611447
1.0,23,391.620677
1.0,28,391.63191
0.0,37,391.64672
1.0,11,391.651144
1.0,27,391.662058
1.0,27,391.672911
0.0,104,391.714787
1.0,12,391.71964
0.0,19,391.727274
1.0,25,391.737316
0.0,9,391.740913
0.0,4,391.742532
1.0,25,391.75265
1.0,25,391.762701
0.0,118,391.809962
1.0,11,391.814396
1.0,26,391.824791
1.0,24,391.834486
0.0,66,391.860877
1.0,11,391.865454
0.0,16,391.871865
1.0,25,391.881871
0.0,173,391.951891
1.0,11,391.956324
1.0,27,391.96725
1.0,25,391.977331
0.0,811,392.303112
1.0,13,392.308345
1.0,30,392.320488
1.0,29,392.332167
0.0,108,392.375376
1.0,13,392.380598
1.0,27,392.391516
1.0,27,392.402363
0.0,118,392.449926
1.0,12,392.454791
1.0,25,392.464791
1.0,27,392.475659
0.0,447,392.655419
1.0,15,392.661472
1.0,27,392.672421
1.0,27,392.683244
0.0,442,392.859725
1.0,14,392.865301
0.0,20,392.873268
1.0,25,392.883322
0.0,63,392.90872
0.0,6,392.911149
1.0,25,392.921182
0.0,6,392.923693
0.0,722,393.213487
1.0,14,393.219092
1.0,30,393.231144
1.0,29,393.242737
0.0,224,393.332017
1.0,13,393.337224
1.0,23,393.346494
1.0,27,393.357293
0.0,189,393.433064
1.0,11,393.437483
1.0,25,393.44778
0.0,12,393.452627
0.0,139,393.508208
1.0,13,393.513406
1.0,25,393.523408
1.0,23,393.53264
0.0,377,393.683435
1.0,11,393.687858
1.0,29,393.699533
1.0,26,393.709928
0.0,326,393.840719
1.0,15,393.846737
1.0,27,393.857518
1.0,23,393.86673
0.0,6,393.869207
0.0,9,393.872812
1.0,25,393.882803
0.0,23,393.892062
0.0,285,394.008137
1.0,11,394.012576
1.0,25,394.022668
1.0,25,394.032684
0.0,78,394.064195
1.0,12,394.069016
0.0,15,394.075328
0.0,10,394.079319
0.0,417,394.245771
1.0,13,394.250965
1.0,25,394.261098
1.0,27,394.271946
0.0,8,394.275161
1.0,11,394.279592
0.0,18,394.286816
1.0,25,394.296856
0.0,437,394.4728
1.0,12,394.477623
1.0,26,394.488023
1.0,26,394.49843
0.0,193,394.576569
1.0,11,394.581
1.0,27,394.591969
1.0,24,394.601646
0.0,147,394.660352
0.0,12,394.66526
1.0,23,394.674534
1.0,27,394.685363
0.0,96,394.723919
0.0,4,394.725543
1.0,28,394.736786
1.0,25,394.746889
0.0,395,394.904776
1.0,12,394.909604
1.0,25,394.919613
0.0,8,394.922837
0.0,246,395.021683
1.0,11,395.026108
1.0,24,395.035756
1.0,25,395.045845
0.0,284,395.160658
1.0,12,395.165481
0.0,4,395.167089
1.0,23,395.17631
0.0,251,395.277207
1.0,12,395.282026
1.0,25,395.292024
1.0,24,395.301637
0.0,50,395.321675
0.0,6,395.324096
1.0,29,395.335898
1.0,30,395.347993
0.0,159,395.411613
1.0,11,395.41609
1.0,25,395.42617
1.0,31,395.43895
0.0,11,395.443645
1.0,19,395.451372
1.0,25,395.4615
1.0,25,395.471571
0.0,654,395.735835
1.0,12,395.740678
1.0,25,395.750833
1.0,25,395.760955
0.0,292,395.878353
1.0,13,395.883657
1.0,31,395.896124
0.0,12,395.900939
0.0,107,395.944258
1.0,13,395.949568
1.0,29,395.961195
0.0,17,395.968026
0.0,279,396.080292
1.0,11,396.084738
1.0,29,396.096381
1.0,30,396.108568
0.0,111,396.152849
1.0,11,396.157277
1.0,25,396.167301
1.0,25,396.177509
0.0,358,396.321235
1.0,11,396.325834
1.0,23,396.335513
1.0,26,396.345969
0.0,56,396.368492
1.0,13,396.373718
0.0,18,396.38101
1.0,23,396.390289
0.0,382,396.544307
1.0,13,396.549583
1.0,24,396.559582
1.0,26,396.569998
0.0,144,396.628017
1.0,11,396.632447
1.0,26,396.642876
1.0,23,396.652084
0.0,790,396.968423
1.0,14,396.974107
0.0,19,396.981739
1.0,24,396.99135
0.0,196,397.071028
1.0,11,397.075783
1.0,25,397.085901
1.0,23,397.095188
0.0,288,397.211747
1.0,11,397.216195
1.0,23,397.225786
1.0,23,397.235226
0.0,220,397.325097
0.0,11,397.329544
1.0,27,397.340434
1.0,25,397.350637
0.0,145,397.408941
1.0,11,397.413367
0.0,14,397.418993
1.0,25,397.429543
0.0,348,397.569858
1.0,11,397.574365
1.0,27,397.585456
1.0,27,397.596309
0.0,18,397.603507
1.0,15,397.60954
1.0,24,397.619186
1.0,24,397.62883
0.0,120,397.676923
1.0,11,397.681348
1.0,23,397.690659
1.0,28,397.701887
0.0,286,397.816946
1.0,14,397.822603
0.0,4,397.82423
1.0,23,397.833487
0.0,33,397.846753
1.0,13,397.851975
1.0,27,397.862842
1.0,25,397.872887
0.0,343,398.013102
1.0,11,398.017555
1.0,25,398.027774
1.0,25,398.037837
0.0,886,398.394242
1.0,15,398.40026
1.0,28,398.411592
1.0,30,398.423629
0.0,156,398.486887
1.0,11,398.491302
1.0,30,398.503343
1.0,25,398.513508
0.0,14,398.519184
1.0,11,398.523613
1.0,27,398.534446
1.0,31,398.546863
0.0,205,398.630007
1.0,11,398.634487
1.0,27,398.645303
0.0,24,398.654944
0.0,270,398.763867
1.0,11,398.768294
1.0,25,398.778379
1.0,25,398.788556
0.0,53,398.80969
0.0,4,398.811313
1.0,24,398.821019
1.0,27,398.831854
0.0,145,398.889955
1.0,16,398.896472
1.0,24,398.906143
1.0,25,398.91618
0.0,41,398.933041
1.0,13,398.938379
1.0,27,398.949476
0.0,21,398.95788
0.0,132,399.010843
1.0,13,399.016067
1.0,23,399.025302
1.0,27,399.036133
0.0,514,399.243308
1.0,12,399.248131
1.0,23,399.257524
1.0,25,399.267514
0.0,142,399.324377
0.0,2,399.325189
1.0,24,399.335166
1.0,30,399.347285
0.0,140,399.403644
1.0,13,399.409241
1.0,26,399.419725
1.0,23,399.429582
0.0,204,399.511696
1.0,11,399.516147
1.0,27,399.527023
1.0,27,399.53789
0.0,102,399.57962
1.0,11,399.584074
0.0,17,399.591023
1.0,29,399.602748
0.0,40,399.618823
1.0,11,399.623231
1.0,27,399.634098
1.0,24,399.643749
0.0,145,399.702037
1.0,15,399.708075
1.0,25,399.718179
1.0,27,399.72906
0.0,196,399.807754
1.0,11,399.812193
1.0,25,399.822279
0.0,14,399.827926
0.0,42,399.844667
1.0,11,399.8491
1.0,23,399.858385
1.0,23,399.867658
0.0,32,399.880574
1.0,11,399.885082
0.0,21,399.893533
1.0,28,399.904794
0.0,162,399.970837
0.0,2,399.971653
1.0,25,399.981694
1.0,30,399.993843
0.0,333,400.128051
1.0,18,400.135355
1.0,26,400.145923
1.0,25,400.155984
0.0,20,400.164049
0.0,13,400.169296
0.0,6,400.171727
0.0,16,400.178159
0.0,212,400.263304
1.0,11,400.267721
1.0,30,400.279773
1.0,23,400.289026
0.0,13,400.294247
1.0,11,400.298783
1.0,26,400.309233
1.0,34,400.322869
0.0,42,400.339769
1.0,11,400.344198
1.0,24,400.353863
1.0,26,400.364287
0.0,171,400.433022
1.0,12,400.437875
1.0,25,400.448285
1.0,26,400.458788
0.0,69,400.486546
1.0,15,400.492576
1.0,26,400.503044
0.0,8,400.506287
0.0,38,400.521493
1.0,11,400.525973
1.0,28,400.537513
0.0,14,400.543183
0.0,157,400.607269
1.0,14,400.612914
1.0,23,400.622198
1.0,26,400.632635
0.0,158,400.696042
1.0,16,400.702469
1.0,26,400.713033
1.0,27,400.723933
0.0,397,400.883036
1.0,14,400.888746
1.0,23,400.897983
1.0,29,400.909738
0.0,114,400.956095
1.0,15,400.962156
1.0,28,400.973444
1.0,27,400.984412
0.0,510,401.190077
0.0,7,401.19291
1.0,23,401.202165
1.0,25,401.212296
0.0,186,401.286825
1.0,11,401.291249
0.0,12,401.296069
1.0,33,401.309295
0.0,71,401.337652
1.0,12,401.34248
1.0,27,401.353314
1.0,26,401.36385
0.0,176,401.434825
1.0,11,401.439251
1.0,24,401.449135
1.0,29,401.460746
0.0,399,401.621233
1.0,12,401.626199
1.0,23,401.635604
1.0,29,401.647202
0.0,188,401.722602
1.0,11,401.727044
1.0,27,401.738005
0.0,9,401.741992
0.0,104,401.783736
0.0,2,401.78455
1.0,27,401.79536
1.0,26,401.805785
0.0,59,401.829446
1.0,14,401.835064
1.0,24,401.844726
1.0,24,401.854453
0.0,201,401.935511
1.0,12,401.94033
1.0,23,401.949845
1.0,23,401.959197
0.0,53,401.981267
