# {"t_start": 1641709547.8488083, "env_id": "Office-v0"} 
r,l,t
0.0,7,0.0005
0.0,32,0.001648
0.0,65,0.003916
1.0,29,0.004952
0.0,36,0.006208
0.0,14,0.006725
0.0,7,0.006995
1.0,13,0.007483
0.0,67,0.009797
0.0,74,0.012243
0.0,11,0.012626
0.0,4,0.012793
0.0,24,0.013554
0.0,7,0.013807
0.0,57,0.015602
1.0,83,0.018505
0.0,68,0.020742
0.0,7,0.021013
0.0,5,0.021204
0.0,19,0.021771
0.0,9,0.022065
0.0,15,0.022529
0.0,21,0.023151
0.0,2,0.023237
0.0,12,0.023641
0.0,58,0.025364
0.0,7,0.0256
0.0,22,0.02625
0.0,24,0.026958
0.0,24,0.027692
0.0,76,0.029897
1.0,34,0.030887
0.0,11,0.031232
0.0,24,0.031934
0.0,15,0.032383
1.0,6,0.032587
0.0,17,0.033456
0.0,26,0.03422
0.0,28,0.035019
0.0,35,0.03604
0.0,25,0.036783
0.0,19,0.037399
0.0,131,0.041153
1.0,45,0.042506
0.0,58,0.044198
0.0,75,0.046415
0.0,72,0.04852
0.0,4,0.048668
1.0,121,0.052218
0.0,64,0.054152
0.0,12,0.054601
1.0,18,0.055233
0.0,54,0.056935
0.0,25,0.057715
0.0,33,0.058686
0.0,16,0.059194
0.0,19,0.059773
0.0,100,0.062732
0.0,60,0.064698
1.0,20,0.065296
1.0,32,0.066258
0.0,15,0.066716
0.0,38,0.067829
0.0,53,0.069388
0.0,82,0.071767
0.0,48,0.073241
0.0,30,0.074124
0.0,12,0.074505
0.0,53,0.076057
0.0,40,0.077276
0.0,15,0.077738
1.0,23,0.078499
0.0,17,0.07903
0.0,90,0.08162
0.0,72,0.083732
0.0,26,0.084515
0.0,30,0.085413
0.0,52,0.086938
0.0,74,0.089139
0.0,52,0.090679
0.0,59,0.092665
0.0,146,0.097699
0.0,90,0.100369
0.0,34,0.101415
0.0,17,0.10194
0.0,78,0.104359
0.0,53,0.105909
1.0,12,0.106295
0.0,47,0.107681
0.0,79,0.11009
0.0,20,0.1107
0.0,21,0.111331
0.0,2,0.111418
0.0,81,0.113908
0.0,71,0.116031
0.0,47,0.11743
0.0,18,0.117993
0.0,21,0.118622
0.0,58,0.120342
0.0,12,0.12072
0.0,17,0.121235
0.0,8,0.121495
0.0,8,0.121754
1.0,6,0.121963
1.0,54,0.123577
0.0,89,0.1264
0.0,41,0.127634
1.0,10,0.127954
0.0,8,0.128218
0.0,77,0.130441
0.0,11,0.130784
0.0,40,0.132021
1.0,31,0.133006
0.0,112,0.136308
0.0,66,0.138337
1.0,16,0.138841
0.0,40,0.140091
0.0,148,0.144438
0.0,133,0.148323
1.0,21,0.148975
1.0,62,0.150978
0.0,14,0.151482
0.0,20,0.152184
1.0,4,0.152335
1.0,32,0.153373
0.0,30,0.154263
0.0,24,0.15523
0.0,41,0.156464
0.0,59,0.158223
0.0,142,0.1623
0.0,119,0.165903
0.0,69,0.167926
0.0,35,0.168993
0.0,51,0.170508
0.0,23,0.171308
1.0,4,0.171473
1.0,69,0.173554
1.0,170,0.178561
0.0,148,0.182848
1.0,8,0.183121
1.0,105,0.186387
0.0,103,0.189388
0.0,85,0.1919
1.0,7,0.192137
0.0,9,0.192429
0.0,192,0.198159
0.0,70,0.200264
0.0,91,0.202906
1.0,23,0.203593
0.0,50,0.205049
0.0,48,0.206446
1.0,6,0.206655
0.0,58,0.208598
1.0,164,0.213464
0.0,66,0.215683
1.0,11,0.216042
1.0,31,0.217003
0.0,39,0.218185
0.0,130,0.221972
1.0,8,0.222241
1.0,36,0.22332
1.0,230,0.230351
0.0,122,0.233952
1.0,4,0.234108
0.0,46,0.235465
1.0,183,0.241124
0.0,204,0.247309
1.0,4,0.247469
0.0,53,0.24906
0.0,201,0.25513
0.0,40,0.256374
1.0,19,0.257007
0.0,2,0.257097
0.0,25,0.257845
0.0,37,0.258947
1.0,6,0.259153
0.0,8,0.259413
1.0,146,0.263652
0.0,41,0.264884
1.0,4,0.265088
0.0,145,0.269661
1.0,269,0.277636
0.0,91,0.280314
1.0,4,0.28047
1.0,36,0.281557
1.0,173,0.286646
0.0,54,0.288306
1.0,12,0.288722
1.0,67,0.290704
1.0,217,0.296981
0.0,63,0.298852
1.0,4,0.299006
0.0,38,0.300132
0.0,82,0.30253
0.0,4,0.302773
1.0,4,0.302963
0.0,45,0.304445
0.0,12,0.304822
0.0,199,0.310923
1.0,9,0.311224
1.0,20,0.311837
0.0,87,0.314382
0.0,5,0.314562
1.0,4,0.314713
0.0,106,0.317931
0.0,48,0.319346
0.0,96,0.322245
1.0,4,0.322402
1.0,23,0.323269
0.0,22,0.324002
0.0,7,0.324236
1.0,4,0.324386
1.0,35,0.325465
0.0,11,0.325822
0.0,64,0.327808
1.0,4,0.32796
1.0,31,0.328897
0.0,73,0.331073
0.0,16,0.331571
1.0,7,0.331805
0.0,27,0.332615
1.0,124,0.336203
0.0,41,0.337746
1.0,11,0.338109
1.0,50,0.339576
1.0,221,0.345892
0.0,81,0.348374
1.0,4,0.348526
1.0,45,0.349911
0.0,12,0.350294
0.0,58,0.352015
1.0,4,0.352167
1.0,61,0.353993
1.0,234,0.36108
0.0,51,0.362595
1.0,4,0.362775
0.0,58,0.364476
0.0,15,0.364938
0.0,137,0.369214
1.0,4,0.369373
1.0,51,0.370904
0.0,37,0.372
0.0,32,0.372966
1.0,6,0.373219
1.0,35,0.374273
0.0,95,0.377049
0.0,53,0.378626
1.0,4,0.378778
1.0,15,0.379244
0.0,9,0.37954
0.0,52,0.381145
1.0,8,0.381408
1.0,45,0.382736
1.0,115,0.386139
0.0,68,0.388164
1.0,4,0.388314
1.0,29,0.389189
0.0,10,0.389512
0.0,97,0.392319
1.0,4,0.392471
1.0,54,0.394055
1.0,145,0.398634
0.0,155,0.403221
1.0,4,0.403379
1.0,14,0.403822
0.0,25,0.404576
0.0,145,0.408818
1.0,4,0.409013
1.0,40,0.410292
1.0,124,0.413909
0.0,127,0.417827
1.0,4,0.418066
0.0,7,0.418295
0.0,142,0.422523
0.0,43,0.423803
1.0,4,0.423953
0.0,19,0.424526
1.0,154,0.429295
0.0,140,0.433475
1.0,4,0.433648
1.0,34,0.434672
0.0,172,0.439634
1.0,135,0.443693
1.0,4,0.44385
0.0,7,0.444087
1.0,78,0.446371
0.0,94,0.449123
1.0,4,0.449278
1.0,34,0.4503
1.0,134,0.454226
0.0,175,0.460037
1.0,4,0.460194
1.0,36,0.461307
0.0,43,0.462579
0.0,87,0.465176
1.0,4,0.465335
0.0,12,0.465716
0.0,45,0.467054
0.0,11,0.467404
1.0,4,0.467557
1.0,35,0.468599
1.0,189,0.474337
0.0,213,0.480771
1.0,6,0.481026
1.0,19,0.481618
0.0,128,0.485384
1.0,147,0.489969
1.0,4,0.490127
0.0,13,0.490541
0.0,69,0.492556
0.0,42,0.493818
1.0,4,0.493973
0.0,12,0.494351
0.0,59,0.496074
0.0,14,0.496519
1.0,4,0.496669
1.0,25,0.497471
1.0,153,0.502033
1.0,151,0.506445
1.0,4,0.506598
1.0,18,0.50715
0.0,131,0.510994
0.0,259,0.519059
1.0,12,0.519484
1.0,11,0.51984
1.0,92,0.522599
0.0,228,0.529333
1.0,4,0.529492
1.0,14,0.529928
1.0,183,0.535322
1.0,164,0.540143
1.0,4,0.540301
1.0,14,0.540746
1.0,61,0.542551
0.0,352,0.55335
1.0,11,0.553714
1.0,17,0.554248
0.0,124,0.557856
0.0,11,0.558208
1.0,4,0.55836
1.0,38,0.559484
0.0,49,0.560934
1.0,258,0.568566
1.0,28,0.569405
1.0,11,0.569801
0.0,82,0.572377
0.0,182,0.577815
1.0,4,0.577974
1.0,19,0.578759
0.0,69,0.580798
0.0,79,0.583157
1.0,9,0.583454
0.0,57,0.585188
1.0,68,0.587192
0.0,17,0.587723
0.0,48,0.589147
1.0,20,0.589767
0.0,14,0.590201
0.0,57,0.591884
1.0,6,0.592125
1.0,17,0.59274
0.0,66,0.594788
0.0,2,0.594878
1.0,14,0.59532
1.0,15,0.595787
1.0,72,0.598009
0.0,138,0.602064
1.0,6,0.602275
1.0,31,0.603201
0.0,48,0.604611
0.0,222,0.611607
1.0,4,0.611765
1.0,11,0.612123
0.0,30,0.613064
0.0,47,0.614444
1.0,6,0.614653
1.0,12,0.615037
0.0,60,0.616802
0.0,327,0.626501
1.0,4,0.62666
1.0,22,0.62732
1.0,96,0.630418
1.0,109,0.633696
1.0,7,0.633933
1.0,30,0.634837
1.0,156,0.639545
0.0,89,0.642257
1.0,4,0.642415
0.0,4,0.642563
0.0,41,0.643779
0.0,77,0.646018
1.0,4,0.646172
1.0,22,0.646849
1.0,103,0.649857
0.0,176,0.655032
1.0,4,0.655189
1.0,15,0.655652
0.0,56,0.657298
1.0,143,0.661489
1.0,4,0.661647
1.0,18,0.662201
1.0,88,0.664782
1.0,268,0.67308
1.0,4,0.673239
1.0,16,0.673766
0.0,58,0.675453
1.0,117,0.678879
1.0,4,0.679036
1.0,14,0.679476
0.0,85,0.681955
1.0,331,0.69199
1.0,4,0.692151
1.0,12,0.692534
0.0,18,0.693097
0.0,69,0.695122
1.0,4,0.695275
1.0,15,0.695744
0.0,10,0.696062
0.0,33,0.697059
1.0,4,0.697213
0.0,9,0.697505
1.0,83,0.700151
0.0,8,0.700415
1.0,4,0.700566
0.0,14,0.701037
1.0,78,0.703328
0.0,68,0.705345
1.0,6,0.705556
1.0,11,0.705911
1.0,134,0.709791
0.0,17,0.710329
0.0,74,0.712483
1.0,13,0.712896
1.0,156,0.717571
0.0,156,0.722139
1.0,4,0.722296
1.0,11,0.722684
0.0,2,0.722772
0.0,61,0.724808
1.0,4,0.724966
1.0,28,0.725845
0.0,55,0.727457
0.0,90,0.730244
1.0,4,0.730471
1.0,11,0.730821
1.0,52,0.732339
0.0,40,0.733521
1.0,4,0.733672
1.0,13,0.734073
0.0,24,0.734792
1.0,80,0.737194
1.0,19,0.737767
0.0,7,0.738003
1.0,71,0.740063
0.0,12,0.740444
1.0,4,0.740594
1.0,11,0.740948
0.0,34,0.741958
0.0,115,0.745389
1.0,4,0.745544
1.0,21,0.746258
0.0,23,0.746949
0.0,56,0.748605
1.0,4,0.748758
1.0,14,0.749205
0.0,11,0.749557
1.0,140,0.753658
1.0,4,0.753816
1.0,11,0.754176
1.0,62,0.75599
0.0,12,0.756373
1.0,4,0.756524
1.0,14,0.756966
1.0,69,0.758999
0.0,250,0.766822
1.0,4,0.766982
1.0,11,0.767342
0.0,56,0.769029
0.0,101,0.771967
1.0,4,0.772122
1.0,11,0.772478
1.0,54,0.774129
1.0,243,0.781517
1.0,4,0.781695
1.0,11,0.782105
1.0,126,0.785828
1.0,323,0.795432
1.0,4,0.795601
1.0,15,0.796207
1.0,79,0.798528
0.0,236,0.805447
1.0,4,0.805606
1.0,11,0.805967
0.0,58,0.807762
0.0,286,0.816186
1.0,4,0.816346
1.0,11,0.816705
1.0,32,0.817675
1.0,76,0.820191
1.0,4,0.820343
1.0,11,0.820699
1.0,54,0.822574
0.0,38,0.823701
1.0,4,0.823852
1.0,36,0.824919
1.0,84,0.827372
0.0,57,0.829063
1.0,8,0.829328
1.0,12,0.82971
1.0,47,0.831107
0.0,32,0.832067
1.0,4,0.832219
1.0,11,0.832579
1.0,49,0.834068
0.0,55,0.835679
1.0,4,0.83583
1.0,12,0.836212
0.0,103,0.839346
0.0,149,0.843727
1.0,4,0.843882
1.0,12,0.844266
1.0,43,0.845538
0.0,31,0.846464
1.0,4,0.846615
1.0,11,0.846969
1.0,58,0.84868
0.0,198,0.854726
1.0,4,0.854889
1.0,12,0.855298
1.0,81,0.857856
1.0,181,0.863229
1.0,4,0.863387
1.0,11,0.863747
1.0,57,0.865477
1.0,137,0.869562
1.0,4,0.869719
1.0,11,0.870075
1.0,76,0.872308
0.0,100,0.87524
1.0,4,0.875393
0.0,9,0.875687
1.0,47,0.877241
0.0,121,0.880877
1.0,4,0.881038
0.0,10,0.881361
0.0,21,0.881996
1.0,133,0.886126
1.0,4,0.886284
1.0,12,0.886664
1.0,77,0.888949
0.0,12,0.889337
1.0,4,0.889484
1.0,48,0.89092
1.0,58,0.892628
0.0,25,0.893378
1.0,4,0.893532
1.0,13,0.893944
0.0,35,0.894977
0.0,50,0.896443
1.0,4,0.896594
1.0,12,0.897046
1.0,54,0.898672
0.0,8,0.898999
1.0,4,0.899148
0.0,4,0.899291
1.0,36,0.900428
1.0,127,0.9041
1.0,4,0.904256
1.0,11,0.904616
1.0,51,0.906125
0.0,27,0.906934
1.0,4,0.907086
1.0,12,0.907469
1.0,106,0.910553
0.0,224,0.917528
1.0,4,0.917688
1.0,11,0.918041
0.0,68,0.920023
0.0,9,0.920317
1.0,4,0.920468
1.0,25,0.921273
1.0,117,0.924705
0.0,39,0.925878
1.0,4,0.926033
1.0,11,0.926392
1.0,34,0.927409
0.0,121,0.931079
1.0,4,0.931235
1.0,13,0.931651
1.0,60,0.933468
1.0,257,0.941214
1.0,4,0.941369
1.0,11,0.94173
0.0,43,0.943011
0.0,26,0.943983
1.0,4,0.944137
1.0,14,0.944578
1.0,71,0.946722
1.0,108,0.949865
1.0,4,0.950023
1.0,11,0.95038
1.0,80,0.952726
0.0,61,0.954521
1.0,4,0.954675
1.0,11,0.955034
1.0,32,0.955997
0.0,110,0.959224
1.0,4,0.959381
1.0,17,0.959902
0.0,9,0.960196
1.0,346,0.970454
1.0,4,0.970613
1.0,11,0.971006
0.0,40,0.972447
0.0,179,0.977942
1.0,4,0.978101
1.0,15,0.978568
1.0,62,0.980376
0.0,51,0.981879
1.0,4,0.982035
1.0,11,0.98239
1.0,97,0.985222
1.0,77,0.98748
1.0,4,0.987633
1.0,11,0.987987
1.0,40,0.98918
0.0,59,0.990913
1.0,4,0.991065
0.0,4,0.991243
1.0,40,0.992504
0.0,25,0.993292
1.0,4,0.993445
0.0,2,0.993566
0.0,17,0.994092
0.0,5,0.994268
1.0,4,0.994418
1.0,23,0.995119
0.0,33,0.996093
0.0,117,0.999494
1.0,4,0.999651
1.0,11,1.000009
1.0,32,1.001059
0.0,209,1.007305
0.0,30,1.008202
1.0,11,1.008622
0.0,2,1.008772
0.0,93,1.011641
0.0,125,1.015313
1.0,12,1.015703
0.0,23,1.016402
0.0,145,1.020645
1.0,4,1.020802
1.0,13,1.021221
1.0,73,1.023468
0.0,33,1.024452
1.0,4,1.024602
1.0,13,1.025017
0.0,7,1.025254
0.0,75,1.027494
1.0,4,1.027647
1.0,11,1.028005
1.0,41,1.029264
0.0,7,1.029574
1.0,4,1.029773
1.0,13,1.030271
0.0,11,1.030617
0.0,124,1.034327
1.0,4,1.034484
1.0,17,1.035257
1.0,24,1.035991
1.0,101,1.039019
1.0,4,1.039174
1.0,13,1.039585
1.0,40,1.040765
1.0,254,1.048199
1.0,4,1.048357
1.0,11,1.048717
1.0,54,1.050313
0.0,15,1.050778
1.0,4,1.05093
1.0,14,1.051376
0.0,23,1.05207
0.0,226,1.05875
1.0,7,1.058994
1.0,13,1.059406
0.0,11,1.059751
1.0,93,1.062442
1.0,4,1.062597
1.0,12,1.062981
1.0,32,1.063935
0.0,87,1.067183
1.0,4,1.06734
1.0,13,1.067753
1.0,63,1.069675
1.0,250,1.076946
1.0,8,1.077217
0.0,2,1.077305
1.0,29,1.078183
1.0,234,1.085123
1.0,4,1.085281
1.0,11,1.085659
1.0,76,1.088125
0.0,38,1.089345
1.0,7,1.089587
1.0,11,1.089942
1.0,34,1.090993
1.0,56,1.092651
1.0,4,1.092803
1.0,11,1.0932
0.0,31,1.094135
0.0,10,1.094457
1.0,9,1.094743
1.0,11,1.095101
0.0,2,1.095188
0.0,96,1.098254
1.0,4,1.098412
1.0,11,1.098767
1.0,29,1.099646
0.0,31,1.100574
1.0,4,1.100726
0.0,2,1.100812
0.0,37,1.101936
0.0,72,1.104047
1.0,6,1.104256
1.0,11,1.104607
0.0,65,1.106556
0.0,110,1.109797
1.0,4,1.109952
1.0,11,1.11031
1.0,36,1.111382
0.0,61,1.113189
1.0,4,1.113343
1.0,11,1.113803
0.0,19,1.114381
0.0,143,1.118622
1.0,4,1.118778
1.0,11,1.119138
1.0,39,1.120291
1.0,158,1.125206
1.0,4,1.125364
1.0,11,1.125722
1.0,29,1.12665
0.0,100,1.129815
1.0,4,1.130005
0.0,2,1.130093
0.0,15,1.130556
0.0,11,1.130905
1.0,4,1.131056
1.0,11,1.131411
1.0,47,1.132797
1.0,233,1.13956
1.0,4,1.13972
1.0,11,1.140079
1.0,69,1.142093
0.0,19,1.142695
1.0,4,1.142847
0.0,2,1.142933
1.0,71,1.14508
0.0,81,1.147538
1.0,4,1.14769
1.0,11,1.14804
1.0,41,1.149263
1.0,67,1.151283
1.0,4,1.151434
1.0,13,1.15185
1.0,24,1.152588
0.0,45,1.153935
1.0,4,1.154085
1.0,13,1.154499
1.0,34,1.155509
0.0,103,1.158725
1.0,4,1.158883
0.0,9,1.159173
0.0,7,1.159407
0.0,96,1.162348
1.0,4,1.162503
0.0,2,1.162624
0.0,14,1.163064
0.0,273,1.171005
1.0,7,1.171246
1.0,12,1.171636
1.0,32,1.172608
0.0,47,1.174001
1.0,6,1.174213
1.0,14,1.17465
0.0,8,1.174914
0.0,132,1.178907
1.0,4,1.179064
1.0,11,1.17942
1.0,32,1.180395
0.0,34,1.181588
1.0,6,1.181799
1.0,11,1.182154
1.0,44,1.183502
0.0,43,1.184773
1.0,7,1.185013
1.0,12,1.185396
0.0,16,1.18589
0.0,129,1.189996
1.0,4,1.190156
1.0,13,1.190572
0.0,21,1.191204
1.0,48,1.192636
1.0,4,1.192787
0.0,4,1.192935
1.0,39,1.1941
1.0,204,1.200045
1.0,4,1.200203
1.0,11,1.200561
1.0,67,1.202588
0.0,98,1.205484
1.0,4,1.20567
1.0,11,1.20603
1.0,48,1.207508
0.0,4,1.207654
1.0,4,1.207804
1.0,11,1.208156
1.0,23,1.208861
0.0,2,1.208948
1.0,4,1.209103
1.0,11,1.209463
1.0,23,1.210173
1.0,117,1.213636
1.0,4,1.213791
0.0,7,1.214026
0.0,4,1.214171
0.0,40,1.215344
1.0,4,1.215492
1.0,15,1.215964
0.0,8,1.216227
0.0,2,1.216314
1.0,4,1.216463
1.0,11,1.216838
1.0,25,1.217791
1.0,111,1.221361
1.0,4,1.221519
1.0,11,1.221877
0.0,14,1.222314
0.0,7,1.222545
1.0,4,1.222696
1.0,13,1.223111
1.0,28,1.223961
0.0,115,1.227349
1.0,4,1.227502
1.0,11,1.227861
1.0,24,1.228593
1.0,115,1.231982
1.0,4,1.232135
1.0,13,1.232548
1.0,39,1.233723
0.0,9,1.234039
1.0,4,1.234205
1.0,13,1.234618
1.0,33,1.235614
0.0,14,1.236049
1.0,4,1.236199
1.0,12,1.236617
1.0,25,1.237419
0.0,32,1.238444
1.0,13,1.238842
1.0,11,1.239193
0.0,8,1.239462
1.0,83,1.241951
1.0,4,1.242106
1.0,11,1.242463
1.0,33,1.243447
1.0,132,1.247348
1.0,4,1.247504
1.0,11,1.247864
1.0,25,1.248633
1.0,59,1.250568
1.0,4,1.250726
1.0,19,1.251314
1.0,24,1.252047
0.0,2,1.252134
1.0,7,1.252367
1.0,11,1.252726
1.0,25,1.253492
0.0,155,1.258381
1.0,4,1.258538
1.0,11,1.258897
0.0,14,1.259321
0.0,140,1.263462
1.0,6,1.263676
1.0,14,1.264126
1.0,25,1.264929
0.0,10,1.265254
1.0,4,1.265407
1.0,13,1.26582
0.0,15,1.26632
0.0,109,1.26967
1.0,4,1.269827
1.0,11,1.270188
0.0,14,1.270616
0.0,10,1.270932
1.0,4,1.271083
1.0,19,1.271654
1.0,23,1.272359
0.0,28,1.27323
1.0,6,1.273437
1.0,11,1.273795
0.0,22,1.274457
0.0,23,1.275259
1.0,4,1.275427
1.0,14,1.275975
1.0,24,1.276712
1.0,193,1.28259
1.0,13,1.283009
1.0,16,1.283506
0.0,16,1.284003
0.0,10,1.284321
1.0,4,1.284472
1.0,12,1.284852
1.0,25,1.285618
0.0,192,1.291196
1.0,4,1.291354
1.0,11,1.291714
1.0,26,1.292498
1.0,115,1.295846
1.0,7,1.296089
1.0,11,1.296448
0.0,14,1.29689
0.0,77,1.299248
1.0,6,1.29946
1.0,11,1.299817
1.0,25,1.300576
0.0,223,1.307194
1.0,6,1.30741
0.0,9,1.307708
1.0,23,1.308416
1.0,78,1.310706
1.0,4,1.31086
1.0,12,1.311245
1.0,25,1.31238
1.0,98,1.315464
1.0,6,1.315676
0.0,8,1.315939
0.0,27,1.316753
0.0,10,1.317075
1.0,4,1.317227
1.0,11,1.317585
1.0,37,1.318685
0.0,52,1.320234
1.0,8,1.320497
1.0,12,1.320882
1.0,30,1.321834
1.0,75,1.324057
1.0,4,1.32421
1.0,11,1.324567
1.0,25,1.325335
1.0,77,1.327584
1.0,4,1.327737
1.0,12,1.328115
1.0,25,1.328906
0.0,5,1.329115
1.0,4,1.329267
1.0,11,1.329695
1.0,29,1.3306
0.0,144,1.3351
1.0,4,1.335259
1.0,13,1.335708
0.0,6,1.335915
0.0,273,1.344059
1.0,4,1.344218
1.0,12,1.344606
1.0,25,1.345366
0.0,61,1.3472
1.0,4,1.34735
1.0,11,1.347709
1.0,27,1.348519
1.0,48,1.350044
1.0,4,1.350198
1.0,13,1.350611
1.0,23,1.351316
1.0,26,1.352107
1.0,15,1.352573
1.0,11,1.352927
1.0,28,1.353823
0.0,2,1.353913
1.0,4,1.354065
1.0,49,1.355524
1.0,26,1.35632
1.0,102,1.359365
1.0,4,1.359521
0.0,9,1.359817
1.0,28,1.360726
0.0,61,1.362573
1.0,4,1.362728
1.0,11,1.363087
1.0,25,1.363886
0.0,145,1.368112
1.0,6,1.368327
1.0,13,1.368743
1.0,46,1.370353
1.0,128,1.374438
1.0,4,1.374596
1.0,11,1.374956
1.0,29,1.375826
0.0,27,1.376641
1.0,4,1.376791
1.0,13,1.37724
1.0,25,1.378039
1.0,108,1.381211
1.0,4,1.381367
1.0,11,1.381728
1.0,25,1.382489
1.0,34,1.383523
1.0,4,1.383674
1.0,11,1.38403
1.0,44,1.385337
1.0,82,1.387747
1.0,4,1.387899
1.0,11,1.388254
1.0,28,1.389096
0.0,99,1.392138
1.0,4,1.392291
0.0,6,1.392497
1.0,46,1.393897
1.0,64,1.39578
1.0,6,1.396022
1.0,11,1.396378
1.0,28,1.397287
0.0,29,1.398154
1.0,4,1.398303
1.0,11,1.398658
1.0,27,1.399476
1.0,97,1.402307
1.0,4,1.402463
1.0,11,1.402817
1.0,26,1.403602
0.0,94,1.406681
1.0,4,1.406842
1.0,16,1.40738
1.0,23,1.408144
1.0,148,1.412558
1.0,6,1.412769
1.0,11,1.413164
1.0,26,1.413954
1.0,34,1.414983
1.0,4,1.415133
1.0,11,1.41549
0.0,26,1.416306
1.0,251,1.423736
1.0,9,1.424035
1.0,11,1.424389
1.0,50,1.425911
0.0,123,1.429792
1.0,4,1.429948
1.0,13,1.430359
1.0,25,1.431116
0.0,14,1.431556
1.0,4,1.431707
1.0,12,1.432085
1.0,31,1.433054
1.0,79,1.435536
1.0,4,1.435721
1.0,18,1.436272
1.0,36,1.437379
1.0,25,1.438154
1.0,4,1.438304
1.0,11,1.43866
1.0,23,1.439365
0.0,18,1.439918
1.0,4,1.440069
1.0,12,1.440452
1.0,23,1.441164
0.0,30,1.442073
1.0,4,1.442224
0.0,11,1.442565
1.0,25,1.443325
1.0,50,1.444836
1.0,4,1.444993
1.0,18,1.445555
1.0,27,1.446371
1.0,30,1.447276
1.0,4,1.447426
1.0,12,1.447809
1.0,23,1.448518
0.0,95,1.451301
1.0,4,1.451457
1.0,21,1.45212
1.0,23,1.452819
0.0,37,1.453995
1.0,4,1.454149
0.0,9,1.454431
1.0,28,1.455272
0.0,28,1.456105
1.0,4,1.456255
1.0,12,1.456632
1.0,25,1.457433
1.0,82,1.459837
1.0,4,1.45999
0.0,7,1.46022
1.0,27,1.461033
0.0,141,1.465474
1.0,4,1.465629
0.0,7,1.465863
1.0,25,1.466835
0.0,15,1.46732
1.0,4,1.467473
0.0,8,1.467735
1.0,25,1.46849
0.0,32,1.469458
1.0,4,1.469611
1.0,13,1.470022
1.0,26,1.470815
0.0,55,1.472444
1.0,4,1.472595
1.0,15,1.473066
1.0,32,1.474011
1.0,107,1.477133
1.0,4,1.477289
1.0,11,1.477679
1.0,25,1.478431
0.0,25,1.479192
1.0,4,1.479343
1.0,11,1.479703
0.0,4,1.479846
0.0,26,1.480632
1.0,7,1.480866
1.0,11,1.481359
1.0,27,1.482191
1.0,35,1.48335
1.0,4,1.483498
1.0,11,1.483854
1.0,23,1.48456
0.0,11,1.484905
1.0,4,1.48506
1.0,11,1.485415
1.0,27,1.486231
0.0,24,1.48696
1.0,4,1.48711
1.0,12,1.487489
1.0,27,1.488301
1.0,41,1.489521
1.0,4,1.48967
1.0,12,1.490051
0.0,8,1.49031
1.0,84,1.492812
1.0,4,1.492967
1.0,12,1.493349
0.0,4,1.493494
0.0,16,1.493988
1.0,4,1.494138
1.0,11,1.494488
1.0,26,1.49527
1.0,29,1.496141
1.0,11,1.496489
1.0,12,1.49687
1.0,42,1.498312
1.0,32,1.499272
1.0,6,1.499478
1.0,11,1.499826
1.0,26,1.500641
0.0,147,1.505099
1.0,7,1.50534
1.0,11,1.505699
1.0,35,1.506737
1.0,28,1.50759
1.0,4,1.507742
1.0,11,1.508101
1.0,26,1.508895
1.0,60,1.510664
1.0,4,1.51082
1.0,13,1.511236
1.0,27,1.512051
0.0,52,1.513673
1.0,4,1.513828
1.0,13,1.514298
1.0,24,1.515033
1.0,137,1.519044
1.0,4,1.519199
1.0,11,1.519557
0.0,20,1.520164
1.0,29,1.52106
1.0,4,1.521215
1.0,11,1.521605
1.0,25,1.522477
1.0,32,1.523461
1.0,4,1.523612
0.0,2,1.523698
1.0,32,1.524695
1.0,67,1.526715
1.0,6,1.526926
1.0,21,1.527559
1.0,25,1.528325
1.0,26,1.529351
1.0,4,1.529508
1.0,11,1.529861
1.0,25,1.530614
1.0,53,1.532163
1.0,4,1.532313
1.0,12,1.532696
1.0,23,1.533441
1.0,33,1.534443
1.0,6,1.534652
1.0,11,1.535011
1.0,24,1.535747
1.0,32,1.536711
1.0,4,1.536862
1.0,11,1.537215
1.0,35,1.538259
1.0,145,1.542526
1.0,4,1.542681
1.0,11,1.543038
1.0,25,1.543839
1.0,30,1.544796
1.0,4,1.544948
0.0,6,1.545199
1.0,29,1.546064
1.0,30,1.546975
1.0,4,1.547123
0.0,7,1.547355
1.0,25,1.548121
0.0,7,1.548357
1.0,4,1.548507
1.0,13,1.548907
1.0,27,1.549763
1.0,168,1.554641
1.0,4,1.554796
1.0,12,1.555183
1.0,23,1.555897
0.0,35,1.556937
1.0,4,1.557093
1.0,11,1.557455
1.0,23,1.558158
1.0,25,1.558961
1.0,4,1.559166
1.0,14,1.559686
0.0,15,1.560507
1.0,38,1.56174
1.0,4,1.561895
1.0,11,1.562251
1.0,27,1.563068
0.0,13,1.563474
1.0,7,1.563706
1.0,11,1.564062
1.0,29,1.564917
1.0,32,1.565876
1.0,4,1.566025
1.0,14,1.566458
0.0,29,1.567364
0.0,14,1.5678
1.0,4,1.56795
0.0,9,1.568245
1.0,23,1.56895
1.0,28,1.569838
1.0,4,1.56999
1.0,11,1.570344
0.0,12,1.570724
1.0,57,1.572405
1.0,9,1.572694
1.0,11,1.573055
1.0,23,1.573764
1.0,24,1.574531
0.0,46,1.575955
1.0,11,1.576317
1.0,28,1.577165
0.0,35,1.578206
1.0,4,1.578354
1.0,11,1.578711
1.0,23,1.579598
1.0,29,1.580576
1.0,4,1.580724
1.0,11,1.58108
0.0,16,1.581575
1.0,64,1.583457
1.0,4,1.583606
1.0,11,1.583964
1.0,25,1.584709
1.0,23,1.585422
1.0,4,1.585567
1.0,13,1.585976
1.0,23,1.586673
1.0,37,1.58778
1.0,4,1.587928
1.0,11,1.588283
1.0,28,1.589118
0.0,197,1.595009
1.0,4,1.595169
1.0,13,1.595581
0.0,48,1.597003
1.0,29,1.597883
1.0,4,1.598035
1.0,12,1.598415
1.0,27,1.599234
1.0,26,1.600029
1.0,4,1.60018
1.0,11,1.60054
1.0,24,1.601274
1.0,30,1.602171
1.0,4,1.602322
1.0,22,1.602991
1.0,23,1.603696
1.0,148,1.608163
1.0,4,1.60832
1.0,12,1.608698
1.0,25,1.609504
1.0,87,1.612066
1.0,4,1.612215
1.0,12,1.612593
1.0,28,1.613451
1.0,28,1.614297
1.0,4,1.614448
1.0,11,1.614804
1.0,24,1.615535
1.0,51,1.617199
1.0,4,1.617353
1.0,12,1.617815
0.0,21,1.618627
1.0,33,1.619609
1.0,4,1.619759
1.0,30,1.620653
0.0,26,1.621467
0.0,158,1.626273
1.0,6,1.626489
1.0,11,1.626845
1.0,25,1.627601
1.0,29,1.628481
0.0,7,1.62871
0.0,9,1.629006
1.0,26,1.629794
1.0,28,1.63063
1.0,4,1.630781
1.0,11,1.631135
1.0,27,1.631948
1.0,48,1.63339
1.0,4,1.633544
1.0,11,1.633896
0.0,4,1.634044
1.0,27,1.635037
1.0,4,1.635219
1.0,13,1.635633
0.0,14,1.636139
1.0,50,1.637849
1.0,4,1.638002
1.0,15,1.63854
0.0,17,1.639061
1.0,31,1.639982
1.0,8,1.640246
1.0,14,1.640681
1.0,25,1.641489
0.0,76,1.643766
1.0,9,1.644062
1.0,11,1.644413
1.0,28,1.645254
1.0,23,1.645961
1.0,4,1.646111
0.0,10,1.646427
1.0,23,1.647131
0.0,96,1.649921
1.0,4,1.650075
1.0,22,1.650735
0.0,14,1.651169
1.0,27,1.651985
1.0,4,1.652134
1.0,11,1.652487
1.0,23,1.653188
1.0,35,1.654425
1.0,4,1.654579
1.0,11,1.654935
1.0,25,1.655692
1.0,25,1.656455
1.0,4,1.656604
1.0,11,1.656958
0.0,4,1.657106
1.0,25,1.657868
1.0,4,1.658016
1.0,13,1.658424
1.0,29,1.659296
1.0,189,1.664778
1.0,4,1.664938
1.0,11,1.665302
1.0,27,1.666155
1.0,98,1.669092
1.0,6,1.669307
1.0,15,1.669774
0.0,4,1.669921
1.0,25,1.670689
1.0,4,1.670841
1.0,13,1.671253
1.0,23,1.671961
1.0,110,1.675403
1.0,4,1.67558
1.0,11,1.675983
1.0,25,1.676752
1.0,27,1.677613
1.0,6,1.67782
1.0,11,1.678177
0.0,4,1.678321
1.0,27,1.679146
1.0,4,1.679296
1.0,11,1.679653
0.0,19,1.680275
1.0,23,1.680988
1.0,4,1.681137
0.0,9,1.68143
1.0,27,1.682248
1.0,23,1.682954
1.0,4,1.683103
1.0,12,1.683486
0.0,6,1.683691
1.0,71,1.685996
1.0,9,1.686297
0.0,10,1.686616
1.0,25,1.687377
1.0,26,1.688164
1.0,4,1.688315
1.0,11,1.688667
0.0,11,1.689054
0.0,23,1.689749
1.0,4,1.6899
1.0,16,1.690392
1.0,27,1.691206
1.0,24,1.691936
1.0,4,1.692087
1.0,13,1.692492
1.0,25,1.693261
1.0,26,1.694052
1.0,4,1.694203
1.0,11,1.694562
1.0,26,1.695344
1.0,25,1.696143
1.0,4,1.696295
0.0,2,1.696383
1.0,25,1.697215
1.0,23,1.697926
1.0,4,1.698073
1.0,11,1.698429
0.0,22,1.699093
1.0,23,1.699801
1.0,4,1.699947
1.0,15,1.700413
1.0,23,1.701129
1.0,63,1.702979
1.0,4,1.70313
1.0,13,1.703542
1.0,27,1.704357
1.0,28,1.705207
1.0,8,1.705471
1.0,11,1.705824
1.0,25,1.706578
1.0,24,1.707311
1.0,4,1.70746
1.0,12,1.707837
0.0,6,1.708039
1.0,32,1.708995
1.0,4,1.709147
1.0,11,1.709504
1.0,26,1.710286
1.0,23,1.710983
1.0,4,1.711133
1.0,11,1.711485
1.0,29,1.712483
1.0,27,1.71349
1.0,4,1.713641
1.0,11,1.713991
1.0,27,1.714802
1.0,27,1.715615
1.0,6,1.715818
0.0,2,1.715904
1.0,26,1.716838
1.0,24,1.717677
1.0,4,1.717831
0.0,4,1.717998
1.0,25,1.71876
1.0,23,1.719465
0.0,81,1.721833
1.0,29,1.722704
1.0,23,1.723413
1.0,23,1.724113
1.0,8,1.724376
1.0,11,1.72473
1.0,25,1.725488
1.0,25,1.726241
1.0,4,1.726424
1.0,11,1.72678
1.0,29,1.727705
1.0,26,1.728488
1.0,4,1.728637
1.0,12,1.729053
1.0,27,1.72987
1.0,44,1.731168
1.0,4,1.731318
1.0,13,1.731725
1.0,24,1.732451
0.0,15,1.732972
1.0,4,1.733173
1.0,11,1.73358
1.0,24,1.734318
1.0,25,1.735072
1.0,4,1.73522
0.0,9,1.735509
1.0,30,1.736394
1.0,25,1.737149
1.0,4,1.737301
1.0,11,1.737656
1.0,27,1.738465
1.0,23,1.739173
1.0,4,1.739323
1.0,11,1.739676
1.0,26,1.740458
1.0,23,1.741175
1.0,4,1.741325
1.0,11,1.741679
1.0,25,1.742435
1.0,23,1.74314
1.0,4,1.74329
1.0,13,1.743696
1.0,26,1.744478
1.0,26,1.74527
1.0,4,1.745419
1.0,11,1.745773
0.0,16,1.746266
1.0,25,1.747022
1.0,4,1.747172
0.0,4,1.747313
1.0,29,1.748374
1.0,25,1.749182
1.0,4,1.749334
1.0,25,1.750089
0.0,12,1.750458
1.0,25,1.751213
1.0,6,1.751415
1.0,11,1.751766
0.0,18,1.752317
1.0,25,1.753112
1.0,8,1.753377
1.0,12,1.753755
0.0,8,1.754019
1.0,23,1.75472
1.0,4,1.754871
1.0,11,1.755224
1.0,25,1.756012
1.0,26,1.756824
1.0,6,1.757066
1.0,11,1.757418
0.0,25,1.758223
1.0,25,1.758976
1.0,4,1.759122
0.0,4,1.759268
1.0,23,1.759961
0.0,17,1.760482
1.0,4,1.760633
1.0,13,1.761079
0.0,4,1.761224
1.0,23,1.761929
1.0,4,1.762079
1.0,11,1.762426
1.0,23,1.763126
1.0,25,1.763881
1.0,4,1.764063
1.0,16,1.764582
1.0,28,1.765428
1.0,23,1.766134
1.0,4,1.766284
1.0,11,1.766638
1.0,25,1.767392
1.0,26,1.768171
1.0,6,1.768377
1.0,17,1.768892
1.0,25,1.769651
0.0,6,1.769905
1.0,4,1.770064
1.0,11,1.770517
1.0,31,1.771563
0.0,19,1.772189
1.0,4,1.772348
1.0,15,1.772852
1.0,27,1.77377
0.0,101,1.776771
1.0,6,1.776985
1.0,11,1.777372
1.0,23,1.778076
1.0,31,1.778996
1.0,6,1.779197
1.0,11,1.77955
1.0,31,1.780679
0.0,4,1.780828
1.0,4,1.780984
1.0,11,1.781342
1.0,30,1.782233
0.0,21,1.78286
1.0,6,1.78306
1.0,11,1.783413
0.0,8,1.783671
1.0,26,1.784448
1.0,4,1.784596
0.0,4,1.78474
1.0,24,1.785491
1.0,27,1.786295
1.0,4,1.786444
1.0,11,1.786797
1.0,24,1.787526
0.0,15,1.788017
1.0,4,1.788167
0.0,6,1.788368
0.0,14,1.788853
1.0,24,1.789603
1.0,4,1.789754
1.0,13,1.790162
1.0,27,1.791006
1.0,30,1.792039
1.0,4,1.79219
1.0,11,1.792611
1.0,44,1.793967
1.0,35,1.795011
1.0,4,1.79516
1.0,13,1.795569
0.0,21,1.796203
0.0,17,1.796708
0.0,4,1.796844
1.0,13,1.797314
1.0,23,1.798084
1.0,27,1.798899
1.0,4,1.79905
1.0,11,1.799402
1.0,23,1.800093
1.0,32,1.801092
1.0,4,1.801249
1.0,11,1.801603
1.0,24,1.802321
0.0,14,1.802755
1.0,6,1.802959
1.0,13,1.803365
1.0,29,1.804226
0.0,14,1.804657
1.0,4,1.804807
1.0,13,1.805219
1.0,31,1.806138
1.0,35,1.807174
1.0,6,1.807379
1.0,11,1.807732
1.0,27,1.808545
1.0,23,1.809254
1.0,4,1.809407
1.0,11,1.809758
1.0,28,1.810588
1.0,25,1.811345
1.0,6,1.811676
1.0,15,1.812207
1.0,24,1.81294
1.0,23,1.813689
1.0,4,1.813842
1.0,16,1.814335
1.0,23,1.815034
0.0,19,1.815612
1.0,4,1.815762
1.0,13,1.816166
0.0,8,1.816423
1.0,27,1.817276
1.0,4,1.817424
1.0,12,1.817801
1.0,27,1.818636
1.0,67,1.820713
1.0,4,1.820865
1.0,11,1.821221
1.0,25,1.821977
1.0,32,1.822936
1.0,4,1.823087
1.0,13,1.823498
0.0,19,1.824075
1.0,25,1.824837
1.0,4,1.824992
1.0,11,1.82535
1.0,26,1.826136
1.0,23,1.826844
1.0,6,1.827048
1.0,11,1.8274
1.0,25,1.828159
1.0,25,1.829014
1.0,4,1.829181
1.0,11,1.829593
0.0,16,1.830139
1.0,26,1.830925
1.0,4,1.831072
1.0,11,1.831498
1.0,24,1.832226
1.0,25,1.833014
1.0,6,1.833236
0.0,4,1.833383
1.0,31,1.834304
1.0,23,1.835008
1.0,6,1.835213
1.0,11,1.835567
1.0,28,1.836413
1.0,23,1.837124
1.0,7,1.837358
1.0,11,1.837712
0.0,6,1.837918
1.0,36,1.838987
1.0,4,1.839137
1.0,11,1.839492
1.0,29,1.840351
1.0,23,1.841061
1.0,6,1.841269
1.0,11,1.841625
1.0,29,1.842482
1.0,25,1.843364
1.0,6,1.843634
1.0,13,1.844041
1.0,25,1.844795
1.0,25,1.845559
1.0,4,1.845708
1.0,12,1.846086
1.0,29,1.846944
0.0,18,1.847484
1.0,4,1.847633
1.0,11,1.847982
0.0,6,1.848179
1.0,23,1.848955
1.0,4,1.849144
1.0,13,1.849582
1.0,27,1.850458
1.0,25,1.851216
1.0,4,1.851365
0.0,11,1.851708
1.0,26,1.852489
1.0,23,1.85323
1.0,4,1.853381
1.0,11,1.853736
1.0,25,1.854489
1.0,25,1.855245
1.0,4,1.855395
1.0,13,1.855807
1.0,25,1.856562
1.0,29,1.857475
1.0,4,1.857627
1.0,13,1.85804
1.0,23,1.85874
1.0,23,1.859444
1.0,6,1.85965
1.0,12,1.860031
1.0,33,1.86102
1.0,24,1.861754
1.0,4,1.861903
0.0,8,1.862163
1.0,37,1.863264
1.0,29,1.864132
1.0,6,1.864336
1.0,11,1.864691
0.0,7,1.864923
0.0,17,1.865594
1.0,4,1.865747
0.0,7,1.866029
1.0,27,1.866905
1.0,31,1.867824
1.0,4,1.867974
1.0,11,1.868325
1.0,23,1.869063
1.0,28,1.869944
1.0,6,1.87015
1.0,11,1.8705
1.0,42,1.871745
0.0,4,1.871894
1.0,4,1.872043
1.0,11,1.872398
1.0,24,1.873169
0.0,8,1.873434
1.0,4,1.873583
1.0,13,1.873984
1.0,25,1.874742
1.0,28,1.875805
1.0,4,1.875959
0.0,4,1.876106
1.0,24,1.876833
1.0,23,1.877544
1.0,4,1.877698
1.0,14,1.878131
1.0,24,1.878861
1.0,24,1.879593
1.0,4,1.879743
1.0,11,1.880131
1.0,27,1.88108
1.0,28,1.881921
1.0,4,1.882069
1.0,11,1.882422
1.0,25,1.883177
1.0,23,1.883883
1.0,4,1.884032
1.0,11,1.884384
1.0,23,1.885132
1.0,23,1.885871
1.0,4,1.886021
1.0,11,1.886469
0.0,8,1.886777
1.0,27,1.887663
1.0,6,1.887869
1.0,13,1.88828
1.0,26,1.889098
1.0,24,1.889834
1.0,4,1.889983
1.0,16,1.890472
1.0,25,1.891232
0.0,105,1.894321
1.0,4,1.894476
0.0,6,1.894678
1.0,24,1.895407
1.0,24,1.896141
1.0,6,1.896348
1.0,11,1.896726
1.0,30,1.897714
1.0,26,1.898506
1.0,4,1.898657
1.0,15,1.899117
1.0,27,1.899926
1.0,23,1.900633
1.0,4,1.900784
1.0,13,1.901239
1.0,24,1.901971
1.0,24,1.902705
1.0,4,1.902855
1.0,13,1.903261
1.0,23,1.903969
1.0,23,1.90467
1.0,4,1.904819
1.0,12,1.905234
1.0,25,1.905995
1.0,31,1.907047
1.0,4,1.907233
1.0,11,1.907583
1.0,23,1.908286
1.0,27,1.909141
1.0,4,1.90929
1.0,12,1.909674
1.0,41,1.910974
1.0,26,1.911828
1.0,6,1.912035
1.0,15,1.912502
0.0,21,1.913137
1.0,24,1.913869
1.0,9,1.914157
1.0,12,1.914534
1.0,27,1.915343
1.0,26,1.916125
1.0,4,1.916273
1.0,11,1.916625
0.0,15,1.917152
1.0,25,1.917916
1.0,4,1.918064
1.0,11,1.918413
1.0,23,1.919118
1.0,27,1.919929
1.0,4,1.920076
1.0,13,1.92048
1.0,27,1.9213
0.0,12,1.92168
1.0,4,1.921831
1.0,11,1.922188
1.0,27,1.923043
0.0,15,1.923611
1.0,4,1.923796
1.0,11,1.924218
0.0,8,1.924478
1.0,27,1.925297
1.0,6,1.925506
1.0,13,1.925914
1.0,23,1.926615
1.0,23,1.927315
1.0,4,1.927464
1.0,11,1.92782
1.0,26,1.928603
1.0,55,1.930213
1.0,4,1.930365
1.0,11,1.930721
1.0,24,1.931444
1.0,25,1.932203
1.0,4,1.932353
1.0,11,1.932704
1.0,31,1.933634
1.0,23,1.934342
1.0,8,1.934605
1.0,13,1.935014
1.0,23,1.935713
1.0,23,1.936417
1.0,6,1.936623
1.0,12,1.937008
1.0,31,1.937927
0.0,14,1.938359
1.0,4,1.938598
0.0,11,1.939062
1.0,25,1.939821
1.0,29,1.940692
1.0,4,1.940842
1.0,11,1.941237
1.0,25,1.942066
1.0,23,1.942842
0.0,70,1.945206
1.0,11,1.945566
1.0,29,1.946429
0.0,6,1.94663
1.0,6,1.946834
1.0,11,1.947186
1.0,29,1.948045
1.0,30,1.948942
1.0,4,1.949131
1.0,11,1.949488
1.0,28,1.950318
1.0,27,1.951129
1.0,4,1.951279
1.0,11,1.951634
1.0,29,1.952495
1.0,23,1.953204
1.0,4,1.953355
1.0,11,1.953708
0.0,16,1.954206
1.0,23,1.95491
1.0,15,1.955409
1.0,11,1.955764
1.0,23,1.956467
0.0,11,1.956811
1.0,4,1.956964
1.0,13,1.957373
1.0,24,1.958099
1.0,27,1.958909
1.0,4,1.95906
1.0,12,1.959441
1.0,27,1.960256
0.0,15,1.960714
1.0,4,1.960864
1.0,11,1.961254
0.0,6,1.96146
1.0,26,1.962251
1.0,4,1.962401
1.0,11,1.962757
1.0,26,1.96354
1.0,26,1.964328
1.0,4,1.964479
1.0,16,1.964977
1.0,23,1.965672
1.0,25,1.966429
1.0,4,1.96658
1.0,11,1.966935
1.0,27,1.967738
0.0,6,1.967942
1.0,4,1.968087
1.0,11,1.96844
0.0,4,1.968581
1.0,33,1.96956
1.0,4,1.969712
1.0,15,1.970173
1.0,23,1.971135
1.0,39,1.972373
1.0,4,1.972524
1.0,11,1.972879
1.0,24,1.973645
1.0,25,1.97441
1.0,4,1.974559
1.0,12,1.974941
1.0,23,1.975638
0.0,19,1.976216
1.0,4,1.976366
1.0,11,1.976716
1.0,23,1.977419
1.0,28,1.978262
1.0,8,1.978525
1.0,14,1.978959
1.0,23,1.979662
1.0,23,1.980399
1.0,4,1.980638
1.0,11,1.981004
1.0,29,1.981995
1.0,25,1.982791
1.0,6,1.982999
1.0,11,1.983352
1.0,23,1.984053
1.0,30,1.984946
1.0,4,1.985137
1.0,11,1.985492
1.0,25,1.986245
1.0,25,1.987011
1.0,6,1.987216
1.0,11,1.987565
1.0,23,1.988265
1.0,27,1.989081
1.0,4,1.989232
1.0,11,1.989583
1.0,23,1.990283
1.0,27,1.991095
1.0,4,1.991245
1.0,11,1.991599
1.0,25,1.99236
0.0,8,1.992622
1.0,4,1.992772
1.0,13,1.993182
1.0,25,1.993941
1.0,30,1.99484
1.0,4,1.994991
1.0,17,1.995512
1.0,27,1.996325
1.0,33,1.997313
1.0,7,1.997548
1.0,15,1.998006
1.0,27,1.998811
0.0,6,1.999016
1.0,4,1.999165
1.0,11,1.999519
1.0,27,2.000324
0.0,9,2.000614
1.0,4,2.000762
1.0,13,2.00117
0.0,17,2.001695
1.0,26,2.002739
1.0,6,2.002947
1.0,11,2.003331
1.0,26,2.004181
1.0,23,2.004885
1.0,4,2.005034
1.0,12,2.00542
1.0,26,2.006202
1.0,27,2.007017
1.0,4,2.007166
0.0,2,2.007251
0.0,10,2.007567
1.0,25,2.008322
1.0,4,2.008472
1.0,11,2.008825
1.0,32,2.009773
1.0,32,2.010755
1.0,4,2.010906
1.0,11,2.011256
1.0,25,2.012008
0.0,9,2.012291
1.0,4,2.012439
1.0,13,2.012846
1.0,23,2.013542
1.0,24,2.014276
1.0,4,2.014427
0.0,7,2.01466
1.0,41,2.015869
1.0,23,2.016581
1.0,6,2.016805
1.0,12,2.017238
1.0,25,2.018173
1.0,29,2.019039
1.0,4,2.019188
1.0,11,2.01954
1.0,25,2.020293
1.0,25,2.021088
1.0,4,2.02124
0.0,6,2.021443
1.0,23,2.022143
1.0,25,2.022901
1.0,4,2.02305
1.0,13,2.023459
1.0,23,2.024158
0.0,7,2.024383
1.0,4,2.024531
1.0,13,2.024936
1.0,25,2.025688
1.0,27,2.026497
1.0,4,2.026646
1.0,11,2.027001
1.0,23,2.027696
0.0,4,2.02784
1.0,4,2.02799
1.0,11,2.028343
1.0,28,2.029186
0.0,19,2.029778
1.0,6,2.029983
1.0,11,2.030338
1.0,28,2.031175
1.0,32,2.032125
1.0,6,2.032341
1.0,11,2.032692
1.0,25,2.033444
1.0,25,2.034389
1.0,4,2.034536
1.0,11,2.034885
0.0,21,2.035517
1.0,23,2.036207
1.0,4,2.036356
1.0,11,2.03671
1.0,25,2.037505
1.0,29,2.038377
1.0,6,2.038582
1.0,11,2.038933
0.0,8,2.039191
1.0,25,2.039951
1.0,4,2.0401
1.0,11,2.040451
0.0,14,2.040885
1.0,25,2.041677
1.0,6,2.041885
1.0,13,2.04229
1.0,27,2.043093
1.0,25,2.04384
1.0,4,2.043987
1.0,14,2.044517
1.0,23,2.045261
1.0,26,2.046046
1.0,4,2.046196
1.0,13,2.046602
1.0,25,2.047356
1.0,23,2.048051
1.0,4,2.0482
1.0,13,2.048607
1.0,28,2.049483
1.0,25,2.050242
1.0,4,2.050392
1.0,13,2.0508
1.0,25,2.051557
0.0,21,2.052181
1.0,4,2.052332
1.0,11,2.05268
1.0,31,2.053605
1.0,25,2.054386
1.0,4,2.054547
0.0,9,2.054923
1.0,25,2.055832
1.0,25,2.05658
1.0,4,2.05673
1.0,13,2.057175
1.0,23,2.057878
1.0,33,2.058888
1.0,4,2.059038
0.0,4,2.059183
1.0,23,2.059916
1.0,34,2.060942
1.0,4,2.06111
1.0,11,2.061459
1.0,23,2.062162
1.0,30,2.063061
1.0,4,2.063209
1.0,13,2.063618
0.0,8,2.063881
0.0,7,2.06411
1.0,4,2.064256
1.0,14,2.064693
1.0,26,2.06577
1.0,25,2.066522
1.0,4,2.066671
1.0,11,2.067023
1.0,23,2.067715
1.0,32,2.068662
1.0,4,2.068814
1.0,11,2.069172
1.0,23,2.069878
1.0,39,2.071019
1.0,8,2.071273
1.0,11,2.071625
1.0,23,2.072322
1.0,30,2.07322
1.0,4,2.073371
1.0,13,2.07378
1.0,23,2.074473
1.0,23,2.075202
1.0,6,2.075461
1.0,14,2.075979
1.0,25,2.07681
1.0,25,2.077604
1.0,4,2.077754
1.0,12,2.07813
0.0,12,2.078509
1.0,50,2.079986
1.0,4,2.080136
1.0,11,2.080494
1.0,27,2.081346
1.0,29,2.08222
1.0,6,2.082426
1.0,11,2.08278
0.0,4,2.082924
1.0,25,2.083684
1.0,4,2.083834
1.0,16,2.084324
1.0,27,2.085136
1.0,23,2.085842
1.0,4,2.085992
1.0,11,2.086343
1.0,29,2.087206
1.0,23,2.087904
1.0,4,2.088055
1.0,14,2.088488
1.0,25,2.08941
0.0,16,2.089901
1.0,4,2.090047
1.0,16,2.090541
1.0,25,2.091326
1.0,23,2.092097
1.0,10,2.092412
1.0,13,2.092817
1.0,25,2.093704
1.0,25,2.094456
1.0,4,2.094605
1.0,11,2.09496
1.0,31,2.095906
1.0,38,2.097253
1.0,4,2.097525
1.0,13,2.098011
1.0,27,2.098857
1.0,23,2.099561
1.0,4,2.099711
1.0,11,2.100061
1.0,31,2.101023
1.0,29,2.101889
1.0,6,2.102089
1.0,12,2.102466
1.0,23,2.103167
1.0,28,2.104
1.0,4,2.104149
1.0,11,2.104499
1.0,27,2.105314
1.0,25,2.106074
1.0,4,2.106223
1.0,13,2.106629
1.0,27,2.107428
1.0,26,2.108212
1.0,4,2.108365
1.0,11,2.108718
0.0,16,2.109208
1.0,23,2.109915
1.0,4,2.110061
0.0,6,2.11026
1.0,25,2.111007
1.0,25,2.111769
1.0,4,2.111918
1.0,13,2.112322
0.0,6,2.112525
1.0,24,2.11326
1.0,4,2.113411
1.0,13,2.113868
1.0,23,2.114749
1.0,25,2.115513
1.0,4,2.115664
0.0,7,2.115898
1.0,27,2.116701
1.0,29,2.117578
1.0,4,2.117731
1.0,13,2.118137
0.0,6,2.118341
1.0,28,2.119177
1.0,4,2.119327
1.0,11,2.119682
1.0,28,2.12053
0.0,15,2.12103
1.0,6,2.121234
1.0,13,2.121645
0.0,4,2.121791
1.0,23,2.122551
1.0,4,2.122701
1.0,13,2.123106
1.0,25,2.123858
0.0,14,2.124299
1.0,4,2.124448
1.0,13,2.124856
1.0,30,2.125791
1.0,23,2.126499
1.0,4,2.126649
1.0,11,2.127003
1.0,27,2.127807
1.0,27,2.128618
1.0,4,2.128767
1.0,13,2.129424
1.0,50,2.130894
1.0,31,2.131812
1.0,4,2.131964
1.0,11,2.132318
1.0,32,2.133336
0.0,14,2.133802
1.0,4,2.134016
1.0,19,2.134687
1.0,30,2.13557
1.0,26,2.136354
1.0,6,2.136559
0.0,2,2.136644
1.0,25,2.137441
1.0,33,2.138428
1.0,4,2.138575
0.0,7,2.13881
1.0,23,2.139511
0.0,20,2.140114
1.0,7,2.140349
1.0,11,2.140696
1.0,25,2.141445
1.0,23,2.142143
1.0,4,2.142291
1.0,11,2.142645
1.0,24,2.143364
1.0,23,2.144067
1.0,4,2.144216
1.0,11,2.144566
1.0,29,2.145433
1.0,25,2.146191
1.0,4,2.146341
1.0,11,2.146694
1.0,28,2.14753
1.0,32,2.148478
1.0,4,2.148628
0.0,10,2.148946
1.0,23,2.149646
1.0,30,2.150548
1.0,4,2.150696
1.0,13,2.151105
1.0,31,2.152059
1.0,30,2.153035
1.0,4,2.153183
1.0,11,2.153537
1.0,23,2.154361
0.0,6,2.154603
1.0,4,2.154765
1.0,11,2.155224
1.0,25,2.155983
1.0,29,2.156849
1.0,4,2.156999
1.0,13,2.157411
1.0,30,2.1583
0.0,20,2.158938
1.0,6,2.159146
1.0,11,2.1595
1.0,24,2.160228
1.0,25,2.161186
1.0,4,2.161342
1.0,12,2.161721
1.0,23,2.162414
1.0,23,2.163116
1.0,6,2.163321
1.0,11,2.163675
0.0,6,2.163877
1.0,25,2.164634
1.0,4,2.16478
1.0,11,2.165138
1.0,27,2.16595
1.0,25,2.166703
1.0,4,2.166852
1.0,11,2.1672
1.0,23,2.167899
1.0,23,2.168669
1.0,6,2.168875
1.0,13,2.169329
1.0,25,2.170084
1.0,25,2.17084
1.0,7,2.171074
1.0,11,2.171427
0.0,6,2.171659
1.0,24,2.172384
1.0,4,2.172535
0.0,7,2.172768
1.0,23,2.173512
1.0,25,2.174266
1.0,4,2.174415
1.0,12,2.174793
0.0,19,2.175372
1.0,25,2.176137
1.0,6,2.17634
1.0,11,2.17669
1.0,28,2.17753
1.0,28,2.178373
1.0,4,2.178522
1.0,11,2.178874
0.0,22,2.179528
1.0,24,2.18025
1.0,4,2.180398
1.0,11,2.180752
1.0,26,2.181537
1.0,23,2.182242
1.0,6,2.182478
1.0,12,2.182861
1.0,23,2.183631
1.0,25,2.184384
1.0,4,2.184532
0.0,2,2.184618
1.0,30,2.185504
0.0,20,2.186111
1.0,4,2.186262
1.0,13,2.186671
0.0,7,2.1869
0.0,14,2.187338
1.0,4,2.187488
0.0,7,2.187721
0.0,22,2.188381
0.0,18,2.188926
1.0,4,2.189079
1.0,11,2.189433
1.0,23,2.190127
1.0,23,2.190833
1.0,6,2.191037
1.0,14,2.191503
1.0,23,2.192333
1.0,34,2.193576
1.0,4,2.193732
1.0,11,2.194088
0.0,10,2.194404
1.0,23,2.195107
1.0,4,2.195256
1.0,11,2.195605
1.0,27,2.196408
1.0,23,2.197113
1.0,6,2.197321
1.0,15,2.197785
1.0,23,2.198474
1.0,27,2.199289
1.0,4,2.199439
1.0,15,2.199899
1.0,23,2.200698
1.0,23,2.20141
1.0,4,2.201563
1.0,13,2.201977
0.0,15,2.202438
1.0,25,2.2032
1.0,6,2.203406
1.0,11,2.203759
1.0,32,2.204708
1.0,26,2.205492
1.0,10,2.205811
1.0,12,2.206192
1.0,25,2.206949
0.0,18,2.207496
1.0,4,2.207646
1.0,13,2.208053
0.0,14,2.208484
1.0,27,2.209302
1.0,8,2.209597
1.0,14,2.210031
1.0,23,2.21073
1.0,25,2.211488
1.0,6,2.211694
1.0,13,2.212095
1.0,26,2.212882
1.0,25,2.213708
1.0,6,2.213914
1.0,14,2.214414
1.0,26,2.215189
0.0,20,2.215803
1.0,4,2.215952
1.0,11,2.216306
1.0,23,2.217015
1.0,23,2.217725
1.0,6,2.21793
0.0,2,2.218015
0.0,8,2.218276
1.0,23,2.218978
1.0,4,2.219127
1.0,11,2.21948
1.0,26,2.220264
1.0,25,2.221023
1.0,4,2.221173
1.0,11,2.221527
0.0,18,2.222072
1.0,29,2.222948
1.0,4,2.223095
1.0,12,2.223475
0.0,4,2.22362
1.0,29,2.224721
1.0,4,2.224873
0.0,4,2.225081
1.0,27,2.225892
1.0,25,2.226645
1.0,4,2.226791
0.0,2,2.226876
1.0,23,2.227572
0.0,21,2.228204
1.0,4,2.228353
0.0,12,2.228753
1.0,25,2.229763
1.0,30,2.230664
1.0,4,2.230811
1.0,13,2.23121
1.0,30,2.232097
1.0,23,2.232798
1.0,4,2.232949
1.0,11,2.233347
1.0,24,2.23407
1.0,25,2.234827
1.0,4,2.234976
1.0,15,2.235441
1.0,23,2.236139
0.0,8,2.236397
1.0,4,2.236542
1.0,11,2.23689
1.0,23,2.237595
1.0,70,2.239767
1.0,6,2.239976
1.0,12,2.24036
0.0,14,2.240798
1.0,28,2.241679
1.0,4,2.241831
1.0,11,2.242185
1.0,23,2.24288
1.0,28,2.243717
0.0,103,2.24688
1.0,13,2.247329
0.0,6,2.24753
1.0,23,2.248238
1.0,4,2.248386
1.0,11,2.248744
1.0,25,2.249661
1.0,25,2.250538
1.0,4,2.250688
1.0,13,2.251088
0.0,6,2.251293
1.0,23,2.251996
1.0,4,2.252146
1.0,11,2.252496
1.0,23,2.253235
0.0,17,2.25376
1.0,4,2.253909
1.0,12,2.25429
1.0,35,2.255323
1.0,29,2.256426
1.0,4,2.256574
1.0,11,2.25693
1.0,24,2.257664
1.0,29,2.258528
1.0,4,2.258677
0.0,4,2.258823
1.0,27,2.259624
1.0,23,2.260321
1.0,4,2.260468
1.0,12,2.260846
1.0,25,2.261602
1.0,27,2.262404
1.0,4,2.262553
1.0,11,2.262908
1.0,30,2.263797
1.0,23,2.264499
1.0,6,2.264705
1.0,11,2.265055
0.0,19,2.265627
0.0,40,2.266807
1.0,4,2.266958
1.0,15,2.26742
1.0,31,2.268338
1.0,25,2.2691
1.0,6,2.269308
1.0,16,2.269797
0.0,8,2.270059
1.0,26,2.270843
1.0,4,2.270992
1.0,13,2.271393
1.0,25,2.272137
1.0,25,2.272894
1.0,4,2.273046
1.0,11,2.273403
1.0,24,2.27413
1.0,25,2.274923
1.0,4,2.275072
1.0,12,2.27545
1.0,27,2.276333
1.0,25,2.277125
1.0,4,2.277277
1.0,11,2.277629
1.0,23,2.278325
0.0,12,2.278694
1.0,4,2.278843
1.0,11,2.279196
1.0,24,2.279919
1.0,23,2.280619
1.0,4,2.280767
1.0,14,2.281207
1.0,23,2.281903
1.0,31,2.282821
1.0,4,2.28297
1.0,11,2.283319
0.0,14,2.283753
1.0,23,2.284457
1.0,4,2.284607
0.0,9,2.284897
1.0,25,2.285691
1.0,27,2.286665
1.0,10,2.28705
1.0,11,2.287455
0.0,27,2.288434
1.0,23,2.289212
1.0,6,2.289416
1.0,13,2.289824
1.0,31,2.290741
0.0,18,2.29129
1.0,4,2.291436
1.0,15,2.291933
1.0,27,2.29273
1.0,29,2.293597
1.0,8,2.293856
1.0,11,2.294209
0.0,18,2.294751
1.0,25,2.29551
1.0,4,2.295659
1.0,11,2.296012
1.0,25,2.29676
1.0,30,2.297692
1.0,4,2.297843
1.0,11,2.298194
1.0,42,2.29943
1.0,27,2.300242
1.0,6,2.300447
1.0,11,2.300802
1.0,23,2.301539
1.0,23,2.302243
1.0,6,2.302445
0.0,7,2.302676
1.0,27,2.303484
1.0,29,2.304348
1.0,4,2.304498
1.0,13,2.304896
1.0,27,2.305773
1.0,27,2.306648
1.0,4,2.306797
1.0,11,2.307148
0.0,4,2.307289
1.0,29,2.308156
1.0,6,2.308361
1.0,15,2.30882
1.0,32,2.309756
1.0,27,2.310562
1.0,4,2.310711
1.0,12,2.311087
0.0,14,2.311522
1.0,23,2.312228
1.0,4,2.312375
1.0,11,2.312721
0.0,7,2.31295
1.0,27,2.313773
1.0,4,2.313924
1.0,11,2.314269
0.0,17,2.314788
1.0,27,2.3156
1.0,4,2.315749
1.0,11,2.316104
0.0,15,2.316566
0.0,6,2.316769
1.0,10,2.31709
0.0,8,2.317349
1.0,25,2.318104
1.0,25,2.319053
1.0,4,2.319241
1.0,13,2.319651
1.0,27,2.320456
1.0,24,2.321235
1.0,4,2.321385
1.0,11,2.32174
0.0,4,2.321885
0.0,17,2.322409
1.0,12,2.322813
1.0,11,2.323164
1.0,23,2.324001
1.0,25,2.324894
1.0,4,2.325084
1.0,14,2.325518
1.0,26,2.326293
1.0,23,2.326991
1.0,4,2.32714
1.0,13,2.327548
1.0,37,2.328622
1.0,27,2.329445
1.0,4,2.329594
1.0,14,2.330031
1.0,23,2.330729
1.0,23,2.331432
1.0,4,2.33158
1.0,14,2.332018
1.0,23,2.332714
1.0,25,2.333477
1.0,4,2.333627
1.0,13,2.334036
1.0,31,2.334953
1.0,28,2.33579
1.0,4,2.335939
1.0,14,2.336404
1.0,28,2.337308
1.0,25,2.338068
1.0,4,2.338214
1.0,11,2.338567
0.0,20,2.339172
1.0,24,2.339899
1.0,4,2.34005
1.0,11,2.340406
1.0,28,2.341241
1.0,25,2.342
1.0,4,2.342148
1.0,11,2.342499
1.0,27,2.343307
1.0,23,2.344004
1.0,8,2.34432
1.0,11,2.344776
0.0,4,2.344921
1.0,28,2.34593
1.0,4,2.346082
1.0,13,2.346497
1.0,23,2.347232
1.0,25,2.347988
1.0,10,2.348302
1.0,13,2.348706
1.0,46,2.35006
1.0,27,2.351114
1.0,4,2.351267
1.0,11,2.351618
1.0,24,2.352341
0.0,6,2.352545
1.0,4,2.352695
1.0,11,2.353089
1.0,25,2.353846
1.0,24,2.354571
1.0,4,2.354721
1.0,11,2.355073
1.0,24,2.3558
1.0,23,2.356502
1.0,4,2.356651
1.0,11,2.357005
0.0,23,2.357695
0.0,18,2.358242
1.0,4,2.358392
1.0,11,2.358746
0.0,21,2.359415
1.0,25,2.360172
1.0,4,2.360321
0.0,6,2.360544
0.0,14,2.360995
1.0,27,2.361803
1.0,8,2.362057
0.0,2,2.362143
1.0,25,2.362892
1.0,23,2.363591
1.0,6,2.363795
1.0,11,2.364148
0.0,6,2.364348
1.0,27,2.365166
1.0,4,2.365318
1.0,12,2.36569
1.0,33,2.366703
1.0,23,2.367408
1.0,6,2.367675
1.0,14,2.368115
1.0,25,2.368864
1.0,25,2.369658
1.0,4,2.369809
1.0,11,2.370159
1.0,28,2.370998
1.0,28,2.371835
1.0,4,2.371984
1.0,11,2.372333
0.0,16,2.372823
1.0,25,2.373577
1.0,4,2.373728
1.0,11,2.374082
1.0,23,2.374788
1.0,25,2.375542
1.0,4,2.375692
1.0,11,2.376045
1.0,46,2.377424
1.0,26,2.378217
1.0,6,2.378424
1.0,11,2.378778
1.0,25,2.379534
1.0,23,2.380234
1.0,4,2.38038
1.0,11,2.380733
1.0,23,2.381435
1.0,25,2.382424
1.0,4,2.382648
1.0,15,2.383236
1.0,23,2.383936
1.0,25,2.384696
1.0,4,2.384845
1.0,11,2.385237
0.0,14,2.385673
1.0,24,2.386402
1.0,4,2.386552
0.0,7,2.386785
1.0,26,2.387562
0.0,20,2.38817
1.0,4,2.388316
1.0,14,2.388753
1.0,23,2.389451
1.0,25,2.390208
1.0,4,2.390357
1.0,13,2.390766
1.0,23,2.391462
1.0,25,2.392217
1.0,4,2.392366
1.0,11,2.392719
1.0,28,2.39356
0.0,6,2.393767
1.0,4,2.393915
1.0,13,2.394322
1.0,27,2.395125
1.0,94,2.397961
1.0,4,2.398115
1.0,13,2.398657
1.0,29,2.399514
1.0,27,2.400326
1.0,4,2.400476
1.0,13,2.400885
1.0,27,2.401774
1.0,29,2.402833
1.0,4,2.402999
1.0,11,2.403354
0.0,21,2.403981
0.0,8,2.40424
1.0,4,2.404385
1.0,11,2.404737
0.0,12,2.405117
1.0,27,2.405926
1.0,4,2.406077
1.0,14,2.406516
1.0,25,2.407269
1.0,23,2.407972
1.0,4,2.408123
1.0,13,2.408531
1.0,25,2.409292
1.0,24,2.410024
1.0,4,2.410174
1.0,11,2.410524
1.0,25,2.411276
1.0,23,2.411982
1.0,6,2.412188
1.0,11,2.412542
1.0,27,2.413354
1.0,26,2.414294
1.0,4,2.414462
1.0,11,2.414817
1.0,26,2.415594
1.0,25,2.416358
1.0,4,2.416507
1.0,13,2.416915
1.0,25,2.417776
1.0,28,2.418619
1.0,6,2.418825
1.0,11,2.419178
1.0,24,2.419904
1.0,23,2.420605
1.0,4,2.420756
1.0,15,2.42126
1.0,25,2.422011
0.0,17,2.422536
1.0,4,2.422684
1.0,15,2.423142
1.0,27,2.423949
1.0,23,2.424655
1.0,4,2.424804
1.0,13,2.425209
0.0,16,2.425705
1.0,27,2.426519
1.0,6,2.426724
1.0,12,2.427104
1.0,33,2.428112
1.0,23,2.428865
1.0,4,2.429034
1.0,11,2.429386
1.0,29,2.430249
1.0,27,2.431064
1.0,4,2.431213
1.0,11,2.431567
1.0,25,2.432315
1.0,23,2.433024
1.0,4,2.433174
1.0,11,2.43353
0.0,6,2.433734
1.0,28,2.434571
1.0,4,2.434717
1.0,13,2.435124
1.0,24,2.435847
1.0,28,2.436713
1.0,4,2.436863
1.0,18,2.437411
1.0,24,2.43814
0.0,21,2.438769
1.0,4,2.438952
1.0,11,2.439393
1.0,25,2.440308
1.0,27,2.441165
1.0,4,2.441316
1.0,11,2.441668
1.0,27,2.442476
1.0,28,2.443315
1.0,4,2.443465
1.0,12,2.443845
1.0,26,2.444628
1.0,28,2.445501
1.0,4,2.445744
1.0,11,2.446231
0.0,4,2.446378
0.0,16,2.446867
1.0,4,2.447017
1.0,15,2.447475
1.0,26,2.448251
1.0,23,2.448987
1.0,4,2.449154
1.0,12,2.44953
1.0,23,2.450232
0.0,12,2.450613
1.0,4,2.450761
1.0,11,2.451116
1.0,28,2.451955
1.0,28,2.452797
1.0,4,2.452944
1.0,13,2.45336
1.0,25,2.454116
1.0,25,2.454875
1.0,4,2.455024
1.0,13,2.455434
1.0,25,2.456186
1.0,25,2.456936
1.0,4,2.457088
1.0,11,2.457448
1.0,27,2.458258
0.0,16,2.458787
1.0,4,2.458938
1.0,13,2.459413
1.0,25,2.460169
1.0,25,2.460926
1.0,4,2.461079
1.0,12,2.46146
1.0,24,2.46219
0.0,6,2.462395
1.0,4,2.462543
1.0,11,2.462891
0.0,6,2.463095
1.0,25,2.463848
1.0,4,2.463996
1.0,11,2.464348
1.0,30,2.46524
1.0,25,2.465994
1.0,6,2.466195
1.0,20,2.466803
1.0,23,2.467501
1.0,23,2.468204
1.0,4,2.468352
1.0,13,2.468758
0.0,22,2.469407
0.0,22,2.470071
1.0,4,2.470214
1.0,11,2.470566
1.0,30,2.471453
1.0,25,2.47221
1.0,4,2.472361
1.0,14,2.472792
1.0,28,2.473677
1.0,26,2.474497
1.0,4,2.474647
1.0,12,2.475026
0.0,4,2.475171
0.0,21,2.475909
1.0,4,2.476115
1.0,11,2.476519
1.0,24,2.477319
1.0,25,2.478299
1.0,4,2.478447
1.0,11,2.478796
0.0,21,2.479421
1.0,27,2.480227
1.0,4,2.480377
0.0,7,2.480609
1.0,29,2.481516
0.0,14,2.481955
1.0,4,2.482105
1.0,11,2.482456
1.0,23,2.483157
1.0,29,2.484023
1.0,4,2.484174
1.0,11,2.484531
1.0,29,2.485394
1.0,25,2.486156
1.0,4,2.486303
1.0,14,2.486736
1.0,24,2.487462
1.0,56,2.489189
1.0,4,2.489342
1.0,11,2.489699
0.0,6,2.489901
1.0,25,2.490729
1.0,7,2.490963
1.0,17,2.491478
1.0,27,2.492292
1.0,23,2.492997
1.0,4,2.493149
1.0,12,2.493522
1.0,25,2.494281
1.0,25,2.495042
1.0,4,2.495192
0.0,6,2.495397
1.0,33,2.496408
1.0,27,2.497302
1.0,4,2.497507
1.0,14,2.497997
1.0,29,2.498859
1.0,26,2.49964
1.0,6,2.499841
1.0,11,2.500194
1.0,23,2.5009
1.0,25,2.501699
1.0,4,2.501849
0.0,2,2.501935
1.0,25,2.502691
1.0,25,2.503445
1.0,6,2.503651
1.0,13,2.504055
1.0,27,2.504862
1.0,23,2.505564
1.0,4,2.505717
0.0,6,2.505924
1.0,24,2.506651
1.0,23,2.507356
1.0,4,2.507502
0.0,6,2.507704
1.0,23,2.508406
1.0,25,2.509381
1.0,4,2.509535
1.0,11,2.509884
0.0,18,2.510427
1.0,31,2.511343
1.0,4,2.511492
1.0,11,2.511914
1.0,25,2.512665
1.0,23,2.513402
1.0,4,2.513553
1.0,13,2.51396
1.0,26,2.514796
1.0,24,2.515519
1.0,4,2.515668
1.0,13,2.516074
1.0,23,2.51677
1.0,27,2.517586
1.0,4,2.51773
1.0,11,2.518082
1.0,25,2.51883
0.0,9,2.519115
1.0,4,2.519263
1.0,13,2.519704
0.0,15,2.520164
1.0,25,2.520981
1.0,4,2.521145
1.0,12,2.52152
1.0,26,2.522337
1.0,29,2.523202
1.0,4,2.523353
1.0,13,2.523757
1.0,23,2.524452
0.0,17,2.524981
1.0,4,2.525133
1.0,12,2.52551
1.0,23,2.526206
0.0,19,2.526781
1.0,8,2.527038
1.0,20,2.527632
0.0,17,2.528155
1.0,25,2.52892
1.0,6,2.529129
1.0,13,2.529539
1.0,28,2.530368
1.0,27,2.53118
1.0,4,2.531329
0.0,10,2.531642
0.0,14,2.532075
1.0,24,2.53281
1.0,4,2.532961
1.0,19,2.533542
1.0,25,2.534425
1.0,25,2.535306
1.0,6,2.535511
1.0,11,2.535862
0.0,18,2.536406
1.0,23,2.537168
1.0,4,2.537329
1.0,11,2.537682
1.0,23,2.538378
1.0,24,2.539111
1.0,4,2.53926
0.0,7,2.539489
1.0,26,2.540269
1.0,25,2.54128
1.0,6,2.541489
1.0,11,2.541838
0.0,12,2.542207
1.0,24,2.542929
1.0,4,2.543079
1.0,13,2.543481
0.0,9,2.543768
1.0,25,2.544522
1.0,8,2.54478
1.0,12,2.545163
1.0,30,2.546051
0.0,9,2.546335
1.0,7,2.54656
1.0,11,2.546911
1.0,25,2.547663
1.0,24,2.54839
1.0,7,2.548624
0.0,2,2.548709
1.0,29,2.549613
1.0,25,2.550372
1.0,4,2.550555
1.0,19,2.551124
1.0,26,2.551963
1.0,24,2.552688
1.0,4,2.552836
1.0,16,2.553361
1.0,24,2.554089
1.0,26,2.554978
1.0,6,2.555236
1.0,11,2.555624
0.0,8,2.555929
1.0,29,2.556791
1.0,4,2.556942
1.0,12,2.557324
0.0,8,2.557585
1.0,26,2.55837
1.0,4,2.55852
1.0,11,2.558875
0.0,12,2.559249
1.0,23,2.559956
1.0,4,2.560105
0.0,4,2.560247
1.0,27,2.561061
1.0,25,2.561814
1.0,6,2.562016
1.0,11,2.562365
1.0,23,2.563063
1.0,29,2.563922
1.0,4,2.564074
1.0,13,2.564485
0.0,8,2.564747
1.0,25,2.565514
1.0,6,2.565719
1.0,11,2.566071
1.0,27,2.566879
1.0,23,2.56758
1.0,4,2.567729
1.0,14,2.568163
1.0,25,2.568923
1.0,26,2.569707
1.0,4,2.569858
1.0,13,2.57026
1.0,26,2.571043
1.0,25,2.571805
1.0,4,2.571954
1.0,11,2.572306
1.0,23,2.573207
0.0,6,2.573417
1.0,6,2.573625
0.0,2,2.573712
1.0,23,2.574405
1.0,25,2.575159
1.0,4,2.575307
1.0,12,2.575679
0.0,12,2.576052
1.0,27,2.576859
1.0,4,2.577012
1.0,12,2.577395
0.0,6,2.577597
1.0,27,2.578406
1.0,4,2.578555
0.0,7,2.578782
1.0,31,2.579698
1.0,31,2.580615
1.0,8,2.580877
1.0,17,2.581463
0.0,8,2.581728
1.0,24,2.582523
1.0,4,2.582671
1.0,11,2.583024
1.0,25,2.583777
1.0,25,2.584532
1.0,4,2.58468
1.0,11,2.58508
1.0,33,2.586057
1.0,24,2.586784
1.0,4,2.586934
1.0,11,2.587282
1.0,31,2.58824
0.0,12,2.588617
1.0,4,2.588766
1.0,12,2.589183
1.0,27,2.58999
1.0,23,2.590692
1.0,4,2.590842
0.0,2,2.590928
1.0,27,2.591898
1.0,23,2.59276
1.0,4,2.59291
1.0,12,2.593324
1.0,23,2.594024
1.0,25,2.594774
1.0,4,2.594922
1.0,13,2.595326
0.0,18,2.595869
1.0,28,2.596705
1.0,4,2.596854
1.0,11,2.597206
1.0,25,2.597962
1.0,25,2.598713
1.0,4,2.598859
1.0,11,2.599209
1.0,23,2.599899
1.0,23,2.600596
1.0,4,2.600741
1.0,11,2.601134
0.0,4,2.601279
1.0,25,2.602046
1.0,4,2.602196
0.0,4,2.602341
1.0,26,2.603118
0.0,8,2.603378
1.0,4,2.603526
1.0,13,2.603936
1.0,27,2.604948
1.0,34,2.605958
1.0,6,2.606167
1.0,11,2.606523
1.0,23,2.607227
1.0,23,2.607933
1.0,6,2.608138
0.0,8,2.608399
0.0,12,2.608774
1.0,27,2.609591
1.0,4,2.609744
1.0,11,2.610095
1.0,25,2.610843
1.0,25,2.611603
1.0,4,2.611773
1.0,11,2.612164
1.0,46,2.613587
1.0,26,2.614378
1.0,4,2.614528
1.0,17,2.615046
1.0,26,2.615827
1.0,27,2.616639
1.0,6,2.616843
1.0,11,2.617238
1.0,23,2.617973
1.0,23,2.618675
1.0,4,2.618824
1.0,11,2.619175
0.0,4,2.61932
0.0,14,2.619758
1.0,6,2.619961
1.0,11,2.620316
1.0,29,2.621221
1.0,23,2.62193
1.0,4,2.622079
1.0,11,2.622429
1.0,23,2.623131
1.0,23,2.623837
1.0,4,2.623986
1.0,11,2.624337
1.0,28,2.625192
1.0,35,2.626234
1.0,4,2.626384
1.0,11,2.626734
1.0,27,2.627539
1.0,26,2.628357
1.0,4,2.628576
0.0,8,2.628891
0.0,6,2.629114
0.0,29,2.630045
1.0,6,2.630252
1.0,12,2.630632
1.0,25,2.631384
1.0,24,2.632108
1.0,6,2.632309
1.0,11,2.632661
1.0,25,2.63342
1.0,25,2.63418
1.0,4,2.634329
1.0,11,2.634676
1.0,25,2.635422
0.0,19,2.636192
1.0,4,2.636346
1.0,11,2.636701
1.0,25,2.637452
1.0,25,2.638206
1.0,8,2.638465
1.0,13,2.638867
1.0,27,2.639677
1.0,27,2.640488
1.0,4,2.64064
0.0,7,2.64087
1.0,34,2.641865
1.0,27,2.642713
1.0,4,2.642855
1.0,13,2.643255
0.0,12,2.643692
1.0,31,2.644619
1.0,4,2.644766
1.0,11,2.645159
1.0,23,2.645861
1.0,23,2.646567
1.0,4,2.646718
0.0,9,2.647006
0.0,14,2.647445
1.0,27,2.648263
1.0,4,2.648414
1.0,11,2.648801
1.0,25,2.649707
1.0,27,2.650553
1.0,4,2.650703
1.0,11,2.651052
1.0,23,2.651749
1.0,29,2.652617
1.0,4,2.652767
0.0,6,2.652973
1.0,25,2.653774
1.0,23,2.654471
1.0,4,2.654618
1.0,13,2.655026
0.0,10,2.655333
0.0,8,2.655595
1.0,4,2.655745
1.0,11,2.656098
1.0,25,2.656848
1.0,28,2.657693
1.0,4,2.657843
1.0,12,2.65822
1.0,23,2.658914
0.0,16,2.659392
1.0,8,2.659654
0.0,6,2.659857
1.0,23,2.660556
0.0,23,2.661245
1.0,17,2.661762
1.0,15,2.662227
1.0,26,2.663047
1.0,28,2.663882
1.0,4,2.66403
1.0,12,2.664405
1.0,25,2.665198
1.0,25,2.665958
1.0,4,2.666104
1.0,17,2.666621
1.0,28,2.667634
1.0,23,2.668356
1.0,4,2.668507
1.0,11,2.668858
1.0,27,2.669703
0.0,8,2.669964
1.0,4,2.670112
0.0,4,2.670256
1.0,31,2.671177
1.0,23,2.671878
1.0,4,2.672027
1.0,13,2.672433
1.0,25,2.67322
1.0,28,2.674113
1.0,4,2.67426
1.0,11,2.674611
1.0,26,2.675383
1.0,23,2.676081
1.0,6,2.676307
1.0,11,2.676658
1.0,25,2.677414
1.0,25,2.678178
1.0,4,2.678328
1.0,11,2.678684
1.0,24,2.679412
1.0,29,2.680284
1.0,6,2.680489
1.0,11,2.680838
1.0,23,2.681539
0.0,4,2.681687
1.0,4,2.681834
1.0,11,2.682186
1.0,25,2.682942
1.0,23,2.683641
1.0,6,2.683846
1.0,16,2.684327
0.0,6,2.684527
0.0,9,2.684813
1.0,6,2.685021
1.0,11,2.685409
1.0,25,2.68634
1.0,31,2.687326
1.0,4,2.687473
1.0,11,2.687825
1.0,23,2.688523
0.0,19,2.689146
1.0,4,2.689297
1.0,11,2.689647
1.0,27,2.69045
1.0,23,2.691155
1.0,8,2.691415
1.0,11,2.69177
1.0,25,2.692516
0.0,8,2.692777
1.0,7,2.693013
1.0,11,2.693368
1.0,23,2.694067
1.0,42,2.695303
1.0,4,2.695449
1.0,11,2.6958
1.0,23,2.696498
1.0,23,2.697195
1.0,4,2.697347
1.0,12,2.697721
1.0,24,2.698448
1.0,28,2.699489
1.0,6,2.699699
1.0,12,2.70008
1.0,27,2.700916
1.0,26,2.701732
1.0,4,2.701882
1.0,14,2.702308
1.0,26,2.703085
1.0,24,2.703847
1.0,4,2.703996
1.0,14,2.704427
1.0,23,2.705206
1.0,23,2.705951
1.0,6,2.706189
1.0,11,2.706602
1.0,28,2.707487
1.0,26,2.708271
1.0,4,2.708421
1.0,11,2.708775
1.0,23,2.709483
1.0,26,2.710262
1.0,6,2.710467
1.0,11,2.710816
1.0,30,2.711696
1.0,24,2.712421
1.0,4,2.71257
0.0,9,2.712861
1.0,24,2.71359
1.0,29,2.714456
1.0,4,2.714607
1.0,11,2.714961
1.0,27,2.715767
1.0,27,2.716576
1.0,6,2.716778
1.0,12,2.717155
0.0,21,2.717788
0.0,4,2.717933
1.0,4,2.718081
1.0,11,2.718433
1.0,25,2.719186
1.0,27,2.71999
1.0,6,2.720193
1.0,11,2.720547
1.0,27,2.721354
1.0,25,2.722112
1.0,6,2.722316
1.0,15,2.722777
1.0,26,2.723547
0.0,12,2.723921
1.0,4,2.724068
1.0,13,2.724473
1.0,26,2.725258
1.0,23,2.725967
1.0,4,2.726118
0.0,7,2.726347
1.0,25,2.727099
1.0,24,2.727827
1.0,4,2.727976
1.0,12,2.728353
1.0,24,2.729085
1.0,25,2.729842
1.0,4,2.729992
1.0,13,2.730523
0.0,14,2.731038
0.0,6,2.731241
1.0,6,2.731447
1.0,13,2.731854
1.0,23,2.732553
0.0,19,2.733165
1.0,4,2.733316
0.0,6,2.733521
1.0,25,2.734306
1.0,32,2.735328
1.0,4,2.73548
0.0,7,2.735714
1.0,24,2.736441
1.0,31,2.7374
1.0,4,2.737555
1.0,13,2.737965
1.0,25,2.738761
1.0,25,2.739562
1.0,4,2.739712
1.0,13,2.740124
1.0,26,2.740909
0.0,19,2.741495
1.0,4,2.741648
1.0,11,2.742001
1.0,24,2.74273
1.0,25,2.743521
1.0,4,2.743752
1.0,12,2.74418
1.0,31,2.74521
1.0,28,2.74605
1.0,4,2.746199
1.0,12,2.746578
1.0,25,2.747332
1.0,28,2.748172
1.0,4,2.748321
1.0,11,2.748674
1.0,24,2.749404
1.0,23,2.750105
1.0,4,2.750254
1.0,11,2.750607
1.0,25,2.751366
0.0,6,2.75157
1.0,4,2.751717
1.0,13,2.752122
1.0,29,2.752978
0.0,4,2.753125
1.0,6,2.753324
1.0,12,2.7537
1.0,24,2.754431
1.0,25,2.755183
1.0,4,2.755332
1.0,14,2.755766
1.0,28,2.7566
1.0,28,2.757445
1.0,4,2.757596
1.0,15,2.75806
1.0,30,2.75894
1.0,27,2.759748
1.0,6,2.759953
1.0,15,2.760417
1.0,24,2.761142
0.0,17,2.761669
1.0,6,2.761874
1.0,13,2.762523
1.0,25,2.763325
1.0,23,2.76402
1.0,4,2.76417
1.0,13,2.764599
1.0,24,2.765492
1.0,25,2.766266
1.0,4,2.766418
1.0,11,2.766787
1.0,25,2.767566
1.0,28,2.768425
1.0,8,2.76872
1.0,11,2.769128
1.0,25,2.76988
0.0,12,2.77029
1.0,4,2.770439
1.0,15,2.7709
1.0,23,2.771696
1.0,30,2.772583
1.0,6,2.772792
1.0,11,2.77318
1.0,23,2.773885
0.0,4,2.77403
1.0,9,2.774316
1.0,13,2.774727
1.0,30,2.775614
1.0,26,2.776494
1.0,4,2.776659
1.0,11,2.77705
1.0,27,2.777863
1.0,23,2.778565
1.0,4,2.778716
1.0,11,2.779062
1.0,27,2.779874
0.0,19,2.780448
1.0,4,2.780628
1.0,17,2.781211
1.0,24,2.782063
1.0,31,2.782982
1.0,4,2.783132
1.0,11,2.783487
1.0,23,2.784186
1.0,33,2.785217
1.0,4,2.785371
1.0,11,2.785724
1.0,29,2.78659
1.0,25,2.787356
1.0,4,2.787502
1.0,12,2.787879
1.0,26,2.788659
0.0,17,2.789182
1.0,4,2.789333
1.0,17,2.789852
1.0,25,2.790611
1.0,29,2.791478
1.0,6,2.791684
1.0,15,2.792143
1.0,28,2.792978
1.0,25,2.793736
1.0,4,2.793886
1.0,13,2.794483
0.0,4,2.794632
1.0,29,2.795496
1.0,4,2.795646
1.0,12,2.796056
1.0,23,2.79681
1.0,27,2.797642
1.0,4,2.797796
1.0,20,2.798394
1.0,26,2.79931
1.0,23,2.800015
1.0,4,2.800165
1.0,12,2.800545
0.0,4,2.800679
1.0,25,2.801591
1.0,4,2.801758
1.0,13,2.802239
1.0,26,2.803017
0.0,19,2.803592
1.0,4,2.803741
1.0,11,2.804096
0.0,4,2.804236
1.0,23,2.804938
1.0,4,2.805127
1.0,12,2.805505
1.0,29,2.806372
1.0,25,2.807133
1.0,4,2.807282
1.0,13,2.807689
1.0,23,2.808392
0.0,25,2.809139
1.0,4,2.809288
1.0,11,2.809641
1.0,32,2.810583
0.0,18,2.811135
1.0,6,2.811337
1.0,14,2.811768
1.0,29,2.812622
1.0,23,2.813334
1.0,4,2.813485
1.0,13,2.813893
1.0,27,2.814735
1.0,24,2.815464
1.0,4,2.815614
1.0,11,2.815969
1.0,26,2.816749
0.0,21,2.817429
1.0,4,2.817582
1.0,12,2.817963
1.0,27,2.818769
1.0,25,2.819521
1.0,4,2.819667
1.0,13,2.820071
1.0,29,2.820933
0.0,10,2.821253
1.0,4,2.821401
0.0,8,2.821658
1.0,30,2.822546
1.0,27,2.823357
1.0,4,2.823506
0.0,9,2.823794
1.0,25,2.824551
1.0,27,2.825445
1.0,4,2.825597
1.0,13,2.826223
1.0,25,2.827035
0.0,19,2.82768
1.0,6,2.827882
1.0,13,2.828291
1.0,23,2.829045
1.0,23,2.82976
1.0,8,2.830022
1.0,11,2.830375
0.0,14,2.830806
1.0,25,2.831563
1.0,4,2.831713
1.0,13,2.832123
1.0,26,2.832906
1.0,27,2.833786
1.0,4,2.833937
1.0,11,2.834291
1.0,25,2.835042
1.0,25,2.8358
1.0,4,2.835949
1.0,13,2.836351
1.0,25,2.837166
0.0,20,2.837815
1.0,4,2.837966
1.0,11,2.838419
1.0,26,2.839361
1.0,26,2.840141
1.0,4,2.84029
1.0,15,2.84075
1.0,33,2.841787
1.0,27,2.842597
1.0,4,2.842747
1.0,11,2.843097
1.0,25,2.843844
1.0,25,2.844609
1.0,4,2.84476
1.0,13,2.845221
1.0,25,2.845976
1.0,25,2.846741
1.0,4,2.84689
1.0,13,2.847296
1.0,23,2.847988
1.0,23,2.848696
1.0,4,2.848846
1.0,11,2.849204
1.0,23,2.849902
1.0,23,2.850601
1.0,4,2.850751
1.0,17,2.85127
1.0,28,2.852132
1.0,27,2.852939
1.0,8,2.853239
1.0,12,2.853617
0.0,10,2.853933
0.0,4,2.854076
1.0,4,2.854224
1.0,11,2.854577
1.0,23,2.855282
1.0,25,2.856042
1.0,4,2.856192
1.0,13,2.856599
1.0,29,2.857471
1.0,29,2.858539
1.0,4,2.858692
1.0,13,2.859103
1.0,23,2.8598
0.0,21,2.860427
1.0,4,2.860576
1.0,12,2.860955
0.0,11,2.861303
1.0,23,2.862001
1.0,6,2.862208
1.0,13,2.862615
1.0,28,2.863451
1.0,24,2.864181
1.0,4,2.86433
1.0,11,2.864682
1.0,26,2.86547
0.0,4,2.865617
1.0,4,2.865767
1.0,16,2.866256
0.0,27,2.867056
0.0,19,2.867634
1.0,4,2.867783
1.0,11,2.868132
0.0,6,2.868425
0.0,10,2.868775
1.0,4,2.868924
1.0,11,2.869279
1.0,24,2.870004
1.0,25,2.870759
1.0,4,2.870909
1.0,13,2.871315
1.0,29,2.872184
1.0,25,2.872944
1.0,4,2.873096
1.0,11,2.87345
0.0,14,2.873883
0.0,14,2.874317
1.0,4,2.874464
1.0,12,2.874875
1.0,30,2.875956
1.0,23,2.876666
1.0,4,2.876814
1.0,13,2.877227
1.0,23,2.877933
1.0,23,2.87863
1.0,4,2.878778
0.0,4,2.878921
0.0,7,2.87915
1.0,23,2.879851
1.0,6,2.880055
1.0,11,2.880405
0.0,20,2.88101
1.0,23,2.881716
1.0,4,2.881861
1.0,14,2.882291
1.0,26,2.883065
1.0,31,2.883993
1.0,6,2.884229
1.0,13,2.884637
1.0,31,2.885597
1.0,23,2.886327
1.0,4,2.886492
1.0,11,2.886914
0.0,6,2.887119
0.0,19,2.887702
1.0,4,2.887852
1.0,11,2.888199
1.0,26,2.889005
1.0,27,2.890042
1.0,4,2.890194
1.0,13,2.890606
1.0,25,2.891395
1.0,26,2.892181
1.0,4,2.892331
1.0,11,2.892685
1.0,26,2.893539
1.0,25,2.894335
1.0,4,2.894483
1.0,11,2.894902
1.0,29,2.895895
1.0,142,2.900231
1.0,4,2.900388
1.0,13,2.900803
1.0,23,2.901549
1.0,27,2.902373
1.0,4,2.902525
1.0,11,2.902881
0.0,8,2.903145
1.0,24,2.903875
1.0,6,2.904082
1.0,12,2.904457
1.0,23,2.905166
1.0,27,2.905995
1.0,4,2.906146
1.0,14,2.906585
1.0,27,2.907398
1.0,23,2.908114
1.0,4,2.908262
1.0,11,2.908619
1.0,23,2.909335
0.0,7,2.909569
1.0,4,2.90972
1.0,12,2.910104
0.0,6,2.910308
1.0,28,2.911161
1.0,4,2.911312
0.0,6,2.911514
1.0,23,2.912215
1.0,25,2.912984
1.0,4,2.913137
1.0,11,2.913495
1.0,26,2.914287
1.0,26,2.915114
1.0,4,2.915265
1.0,13,2.915741
1.0,25,2.916503
1.0,27,2.91738
1.0,4,2.917548
1.0,11,2.917907
1.0,27,2.918729
1.0,23,2.919445
1.0,6,2.91965
1.0,12,2.920033
1.0,25,2.920802
0.0,99,2.92389
1.0,4,2.924046
1.0,11,2.924398
1.0,25,2.925154
0.0,6,2.925363
1.0,4,2.925514
1.0,11,2.925864
1.0,32,2.926805
1.0,23,2.927507
1.0,6,2.927747
1.0,13,2.928155
1.0,29,2.929062
1.0,25,2.92983
1.0,4,2.929981
1.0,12,2.930361
1.0,28,2.931196
1.0,27,2.932058
1.0,6,2.932352
1.0,12,2.932781
1.0,24,2.933615
1.0,24,2.934343
1.0,4,2.934492
1.0,13,2.934899
1.0,30,2.935791
0.0,12,2.93617
1.0,4,2.936321
0.0,4,2.936465
1.0,25,2.937257
1.0,26,2.938046
1.0,4,2.938192
1.0,13,2.938594
1.0,28,2.939426
1.0,26,2.940209
1.0,4,2.940359
0.0,9,2.94065
1.0,23,2.941391
0.0,4,2.941538
1.0,6,2.941743
1.0,11,2.942097
0.0,18,2.942644
1.0,23,2.943346
1.0,4,2.943496
1.0,13,2.943906
1.0,23,2.944608
1.0,47,2.946079
1.0,4,2.946232
1.0,14,2.946735
0.0,19,2.947308
0.0,8,2.947565
1.0,4,2.947748
1.0,14,2.948184
1.0,28,2.949067
1.0,30,2.949969
1.0,6,2.950176
0.0,10,2.95049
1.0,33,2.951465
0.0,15,2.951926
1.0,4,2.952076
1.0,11,2.952432
1.0,26,2.95336
0.0,8,2.953774
1.0,4,2.954018
0.0,2,2.954119
1.0,25,2.954875
0.0,4,2.95502
1.0,6,2.95522
1.0,11,2.955574
1.0,23,2.956276
0.0,10,2.956592
1.0,10,2.956909
1.0,15,2.95741
1.0,26,2.958188
1.0,23,2.958884
1.0,6,2.959088
1.0,13,2.959496
0.0,16,2.959985
0.0,9,2.960268
1.0,9,2.960548
0.0,2,2.960633
1.0,27,2.961447
0.0,21,2.962086
1.0,4,2.962235
0.0,4,2.962381
0.0,17,2.9629
1.0,31,2.963828
1.0,6,2.964032
1.0,11,2.964386
1.0,24,2.965113
1.0,27,2.965971
1.0,4,2.96612
1.0,11,2.966474
1.0,25,2.96723
1.0,26,2.968013
1.0,4,2.968162
1.0,12,2.96854
1.0,28,2.969374
0.0,9,2.969665
1.0,4,2.969815
1.0,11,2.970167
1.0,25,2.970921
1.0,31,2.971841
1.0,4,2.971991
1.0,12,2.97237
1.0,23,2.973077
1.0,23,2.973785
1.0,4,2.973934
1.0,11,2.974288
1.0,31,2.975205
1.0,25,2.975964
1.0,6,2.976171
0.0,2,2.976257
1.0,24,2.977055
1.0,24,2.97785
1.0,4,2.977998
0.0,6,2.9782
1.0,23,2.978896
1.0,25,2.979656
1.0,4,2.979805
1.0,13,2.980214
1.0,26,2.981034
0.0,8,2.981297
1.0,4,2.981441
0.0,10,2.981753
1.0,25,2.982512
1.0,23,2.983213
1.0,4,2.983364
1.0,13,2.983776
1.0,29,2.984645
1.0,28,2.985677
1.0,4,2.985833
1.0,13,2.986244
1.0,25,2.986997
1.0,26,2.987772
1.0,4,2.987921
1.0,13,2.988322
1.0,28,2.989163
1.0,23,2.989921
1.0,4,2.99014
1.0,11,2.990541
1.0,26,2.991427
0.0,23,2.992116
1.0,4,2.992266
1.0,11,2.992619
1.0,29,2.993528
1.0,23,2.994236
1.0,4,2.994386
1.0,12,2.994766
0.0,11,2.995107
0.0,6,2.995313
1.0,4,2.995457
0.0,6,2.995661
1.0,29,2.996529
0.0,19,2.997113
1.0,8,2.997373
1.0,13,2.997782
1.0,25,2.998543
1.0,28,2.999384
1.0,4,2.999534
1.0,11,2.999887
1.0,25,3.000646
1.0,23,3.001353
1.0,4,3.001504
1.0,12,3.001881
0.0,8,3.002141
1.0,28,3.002975
1.0,4,3.003125
1.0,12,3.003536
1.0,23,3.004232
1.0,23,3.004927
1.0,4,3.00508
1.0,13,3.00549
1.0,25,3.006237
1.0,28,3.00707
1.0,7,3.007337
1.0,14,3.007766
1.0,23,3.008532
0.0,17,3.009088
1.0,4,3.009238
0.0,2,3.009323
1.0,25,3.01008
1.0,26,3.010989
1.0,4,3.011174
1.0,13,3.011647
1.0,25,3.012458
1.0,25,3.013222
1.0,4,3.013374
1.0,15,3.013837
1.0,28,3.014671
1.0,23,3.015368
1.0,6,3.015572
1.0,11,3.015922
1.0,28,3.016749
1.0,29,3.017934
1.0,4,3.018089
1.0,11,3.018445
1.0,25,3.019203
1.0,25,3.019954
1.0,4,3.020101
1.0,13,3.020504
0.0,10,3.020821
1.0,23,3.021573
1.0,4,3.021726
1.0,11,3.022079
1.0,27,3.022887
1.0,25,3.023638
1.0,6,3.023843
1.0,11,3.024197
1.0,23,3.024897
0.0,10,3.02526
1.0,4,3.025413
1.0,13,3.025821
1.0,23,3.026516
1.0,25,3.027272
1.0,4,3.027421
1.0,13,3.027833
1.0,28,3.028672
0.0,8,3.028935
1.0,4,3.029125
1.0,11,3.02948
1.0,26,3.030262
0.0,14,3.030699
1.0,4,3.03085
1.0,11,3.031201
0.0,14,3.031639
1.0,26,3.03242
1.0,4,3.032571
1.0,11,3.032926
1.0,28,3.033768
0.0,8,3.034035
1.0,4,3.034185
1.0,11,3.034536
1.0,28,3.035376
1.0,33,3.036352
1.0,8,3.036613
1.0,11,3.036969
1.0,23,3.037698
1.0,25,3.038473
1.0,4,3.038622
1.0,11,3.039041
1.0,26,3.039818
1.0,24,3.040551
1.0,4,3.0407
1.0,13,3.041149
1.0,25,3.04191
1.0,28,3.042755
1.0,4,3.042907
1.0,12,3.043289
1.0,25,3.044054
1.0,27,3.044873
1.0,4,3.045062
0.0,14,3.045487
1.0,29,3.046347
1.0,23,3.047049
1.0,4,3.047199
0.0,8,3.047454
1.0,28,3.048418
1.0,24,3.049418
1.0,4,3.049572
1.0,13,3.049976
1.0,25,3.050735
0.0,23,3.051428
1.0,4,3.051579
1.0,13,3.05199
1.0,23,3.052697
1.0,25,3.053469
1.0,4,3.053622
1.0,13,3.054029
1.0,27,3.054844
1.0,23,3.055544
1.0,6,3.05575
1.0,11,3.056104
1.0,23,3.0568
0.0,17,3.057331
1.0,4,3.057482
1.0,11,3.057835
1.0,23,3.058539
1.0,26,3.059319
1.0,4,3.059469
1.0,11,3.059824
1.0,28,3.060654
0.0,14,3.061091
1.0,4,3.06124
1.0,14,3.061672
1.0,24,3.0624
1.0,30,3.063299
1.0,6,3.063498
1.0,11,3.063848
1.0,23,3.064547
0.0,14,3.064983
1.0,4,3.065133
1.0,13,3.065537
1.0,25,3.066294
1.0,27,3.067108
1.0,4,3.067255
1.0,12,3.067629
1.0,25,3.068387
1.0,26,3.069239
1.0,4,3.06939
1.0,17,3.069968
1.0,28,3.070803
1.0,23,3.071509
1.0,8,3.071769
1.0,11,3.072121
0.0,8,3.072379
1.0,28,3.073258
1.0,4,3.073411
1.0,15,3.073875
1.0,25,3.074635
1.0,23,3.075338
1.0,4,3.075487
1.0,13,3.075895
1.0,25,3.076648
1.0,23,3.077358
1.0,4,3.077509
1.0,12,3.07789
1.0,23,3.078591
1.0,23,3.079327
1.0,4,3.079477
1.0,13,3.079881
1.0,25,3.080792
1.0,26,3.08162
1.0,4,3.081773
1.0,18,3.082316
0.0,18,3.082868
1.0,61,3.084677
1.0,4,3.084862
0.0,13,3.085391
0.0,23,3.086227
0.0,6,3.086432
1.0,4,3.086581
1.0,11,3.08693
1.0,23,3.08763
1.0,24,3.088358
1.0,4,3.088508
1.0,11,3.088858
1.0,27,3.089705
1.0,27,3.090521
1.0,4,3.09067
1.0,11,3.091026
1.0,23,3.091725
1.0,25,3.09248
1.0,8,3.092738
1.0,11,3.0931
1.0,27,3.093915
1.0,24,3.09465
1.0,4,3.0948
1.0,13,3.095209
1.0,27,3.096025
1.0,25,3.096783
1.0,6,3.096994
0.0,12,3.097369
1.0,27,3.098188
1.0,25,3.098944
1.0,4,3.099094
1.0,11,3.099484
1.0,28,3.100392
0.0,10,3.100707
1.0,4,3.100853
1.0,11,3.101247
0.0,10,3.101568
1.0,27,3.102377
1.0,4,3.102521
1.0,14,3.102955
1.0,28,3.103791
1.0,32,3.104736
1.0,4,3.104885
1.0,11,3.105278
1.0,25,3.106167
1.0,23,3.107016
1.0,4,3.107167
0.0,6,3.107372
1.0,25,3.10813
1.0,27,3.108945
1.0,4,3.109135
1.0,11,3.10949
0.0,6,3.109696
1.0,28,3.110541
1.0,4,3.11069
1.0,13,3.111097
1.0,28,3.111934
1.0,25,3.112854
