# {"t_start": 1641720466.5398073, "env_id": "Office-v0"} 
r,l,t
0.0,25,0.008488
0.0,4,0.009824
0.0,18,0.016227
0.0,29,0.025685
0.0,17,0.031173
0.0,10,0.034403
0.0,27,0.042881
0.0,52,0.059322
0.0,40,0.071796
0.0,17,0.077113
0.0,79,0.102033
0.0,29,0.1111
0.0,44,0.124896
0.0,48,0.140096
0.0,28,0.148975
0.0,131,0.190097
0.0,5,0.191684
0.0,87,0.219046
0.0,49,0.234316
0.0,6,0.236211
0.0,49,0.251647
0.0,76,0.275783
0.0,183,0.333827
0.0,58,0.35243
0.0,27,0.360995
0.0,8,0.363511
0.0,70,0.385723
0.0,116,0.422387
0.0,50,0.438157
0.0,66,0.458777
0.0,73,0.481709
0.0,230,0.553877
0.0,88,0.581256
0.0,9,0.584082
0.0,190,0.644452
0.0,29,0.653784
0.0,116,0.691124
0.0,109,0.725425
0.0,20,0.731728
0.0,4,0.732998
1.0,55,0.750277
0.0,86,0.777259
0.0,119,0.814593
0.0,434,0.950723
1.0,29,0.960082
0.0,14,0.964691
0.0,24,0.972259
0.0,25,0.980484
0.0,215,1.048997
0.0,17,1.054332
0.0,77,1.078756
0.0,236,1.15316
1.0,40,1.165855
1.0,202,1.229813
0.0,394,1.355826
0.0,266,1.440089
1.0,21,1.446824
0.0,55,1.464446
0.0,299,1.559578
0.0,386,1.684114
0.0,29,1.6934
0.0,39,1.70593
0.0,34,1.717418
0.0,429,1.8536
1.0,20,1.859982
0.0,55,1.877486
0.0,67,1.898823
0.0,183,1.958054
1.0,21,1.964772
1.0,230,2.03814
0.0,38,2.050289
0.0,194,2.112087
1.0,21,2.11887
1.0,264,2.203303
0.0,19,2.209397
0.0,123,2.248976
1.0,11,2.252656
1.0,144,2.29892
0.0,56,2.316875
0.0,50,2.332804
1.0,11,2.33636
0.0,41,2.349335
0.0,123,2.388661
0.0,144,2.434521
1.0,11,2.438096
0.0,8,2.440636
0.0,71,2.463297
0.0,11,2.4668
1.0,11,2.470295
1.0,139,2.514733
1.0,316,2.616734
0.0,787,2.867526
1.0,15,2.872368
1.0,73,2.896268
0.0,12,2.900054
0.0,517,3.065377
1.0,15,3.070117
1.0,107,3.104097
0.0,61,3.123435
0.0,33,3.133986
1.0,13,3.138101
1.0,151,3.186433
1.0,138,3.231101
0.0,2,3.231801
1.0,11,3.235334
0.0,39,3.247765
0.0,20,3.254101
0.0,27,3.262779
0.0,8,3.265334
1.0,97,3.296463
1.0,212,3.364029
0.0,76,3.388741
1.0,11,3.39223
1.0,66,3.413332
1.0,163,3.465194
0.0,14,3.469666
1.0,13,3.473825
1.0,67,3.495391
0.0,104,3.529272
0.0,739,3.765703
1.0,12,3.769572
1.0,75,3.793592
0.0,49,3.809365
0.0,149,3.857742
1.0,11,3.861493
1.0,42,3.875224
0.0,50,3.891284
0.0,29,3.900539
1.0,11,3.904059
1.0,50,3.92008
0.0,41,3.933172
0.0,189,3.994091
1.0,14,3.998571
1.0,101,4.030895
0.0,72,4.053982
0.0,79,4.079239
1.0,13,4.083433
1.0,48,4.098818
0.0,10,4.102077
0.0,15,4.106839
1.0,11,4.110399
0.0,36,4.121823
0.0,19,4.127927
0.0,288,4.221483
1.0,13,4.225682
1.0,30,4.235306
0.0,26,4.243645
0.0,113,4.27994
1.0,13,4.28413
1.0,37,4.295999
1.0,93,4.325662
0.0,88,4.353915
1.0,14,4.358403
1.0,36,4.370019
0.0,93,4.399808
0.0,261,4.484034
1.0,11,4.487586
0.0,23,4.494993
1.0,77,4.520063
0.0,27,4.528689
1.0,11,4.532237
1.0,53,4.549211
0.0,32,4.55953
0.0,16,4.564603
1.0,12,4.568462
1.0,71,4.591137
1.0,39,4.603893
0.0,595,4.794736
1.0,11,4.79822
1.0,36,4.810048
1.0,48,4.825901
0.0,10,4.829179
0.0,10,4.832429
1.0,23,4.840111
1.0,119,4.878186
0.0,129,4.919292
1.0,13,4.923446
1.0,34,4.934477
0.0,17,4.939872
0.0,59,4.958706
1.0,11,4.962235
0.0,26,4.970675
1.0,27,4.979225
0.0,12,4.983106
1.0,19,4.989141
0.0,8,4.991761
1.0,121,5.030382
0.0,72,5.053396
1.0,14,5.057871
1.0,48,5.073195
0.0,30,5.082735
0.0,160,5.13454
1.0,13,5.138724
0.0,18,5.144648
1.0,30,5.154428
0.0,156,5.204611
0.0,8,5.207147
1.0,56,5.224996
1.0,42,5.238449
0.0,230,5.312079
1.0,12,5.315907
1.0,25,5.323933
1.0,28,5.332865
0.0,205,5.398731
1.0,12,5.402617
1.0,27,5.411267
1.0,26,5.419599
0.0,23,5.427046
1.0,11,5.430618
0.0,19,5.436882
1.0,23,5.444343
0.0,478,5.598271
1.0,11,5.601828
1.0,25,5.609867
1.0,25,5.617932
0.0,103,5.651156
1.0,13,5.655318
1.0,23,5.662702
1.0,23,5.670099
0.0,33,5.680654
1.0,11,5.684179
1.0,25,5.692269
1.0,26,5.700699
0.0,78,5.725621
1.0,11,5.729297
1.0,25,5.737333
1.0,27,5.745992
0.0,84,5.77348
1.0,11,5.777082
1.0,23,5.78459
1.0,25,5.792801
0.0,252,5.874564
1.0,11,5.878192
1.0,23,5.885585
1.0,23,5.892954
0.0,21,5.899715
1.0,11,5.903257
1.0,26,5.911611
1.0,25,5.919696
0.0,116,5.957029
1.0,13,5.961252
1.0,23,5.96863
1.0,25,5.976694
0.0,2,5.977343
1.0,12,5.981199
1.0,24,5.988965
1.0,25,5.997072
0.0,119,6.035232
1.0,13,6.039425
1.0,26,6.047822
1.0,23,6.055245
0.0,121,6.094585
1.0,11,6.098174
1.0,25,6.106383
0.0,14,6.110934
1.0,34,6.122229
1.0,11,6.125797
0.0,25,6.133894
1.0,27,6.142761
0.0,395,6.269329
1.0,14,6.273824
1.0,28,6.282823
0.0,22,6.28989
0.0,258,6.373016
1.0,12,6.376909
1.0,25,6.385284
1.0,25,6.393376
0.0,22,6.40042
1.0,11,6.404302
0.0,15,6.409244
1.0,28,6.418293
0.0,23,6.425993
1.0,11,6.429565
1.0,23,6.437014
1.0,24,6.444891
0.0,302,6.542378
1.0,13,6.546591
1.0,23,6.553979
1.0,23,6.561497
1.0,43,6.575311
1.0,11,6.578887
1.0,23,6.586328
1.0,26,6.594697
1.0,58,6.613394
1.0,11,6.61694
0.0,21,6.623796
1.0,31,6.633774
0.0,40,6.646745
0.0,7,6.648999
1.0,23,6.656415
1.0,27,6.66506
0.0,21,6.671789
1.0,12,6.675746
1.0,29,6.685158
1.0,23,6.692569
0.0,20,6.698999
1.0,16,6.704123
1.0,25,6.712274
1.0,30,6.721887
0.0,103,6.75572
1.0,17,6.761255
1.0,25,6.769361
1.0,25,6.777691
0.0,16,6.782952
1.0,11,6.786609
1.0,29,6.795976
1.0,25,6.804054
0.0,215,6.873639
1.0,11,6.877147
1.0,23,6.884546
1.0,26,6.892975
0.0,27,6.901725
1.0,13,6.905949
1.0,23,6.913386
0.0,16,6.918521
0.0,22,6.925599
1.0,11,6.929143
1.0,25,6.93728
1.0,23,6.94463
1.0,25,6.95266
1.0,11,6.956252
0.0,6,6.958176
1.0,23,6.965559
0.0,13,6.96973
0.0,10,6.97297
1.0,24,6.980764
1.0,23,6.98857
1.0,27,6.997185
0.0,6,6.999134
1.0,26,7.007474
1.0,24,7.015255
1.0,28,7.024216
1.0,11,7.027765
1.0,25,7.03578
0.0,17,7.041208
1.0,29,7.050773
1.0,11,7.054302
1.0,25,7.062447
1.0,27,7.071208
1.0,27,7.080217
1.0,11,7.083849
1.0,26,7.092362
1.0,25,7.100531
1.0,25,7.10857
1.0,11,7.112115
1.0,23,7.119514
1.0,23,7.126996
1.0,29,7.136297
1.0,14,7.140734
1.0,29,7.15015
1.0,23,7.157555
0.0,23,7.165031
1.0,13,7.169201
1.0,29,7.178519
0.0,6,7.180461
1.0,25,7.188538
1.0,11,7.192035
1.0,29,7.201399
1.0,26,7.209884
0.0,14,7.214396
1.0,11,7.217918
0.0,19,7.224047
1.0,27,7.232745
1.0,27,7.241484
1.0,13,7.245717
1.0,28,7.254717
1.0,27,7.263387
1.0,27,7.272027
1.0,11,7.275623
1.0,25,7.283719
1.0,23,7.291149
1.0,26,7.299548
1.0,13,7.303731
1.0,28,7.312718
1.0,23,7.320204
1.0,29,7.329478
1.0,11,7.33305
1.0,29,7.342336
1.0,23,7.349753
0.0,15,7.354697
1.0,12,7.358533
0.0,8,7.361082
1.0,25,7.369209
0.0,6,7.371181
1.0,11,7.375036
1.0,30,7.384734
1.0,26,7.393524
0.0,283,7.484957
1.0,17,7.490462
0.0,12,7.494286
1.0,26,7.502771
1.0,27,7.511545
1.0,14,7.516018
1.0,23,7.523392
1.0,23,7.530826
1.0,29,7.540162
1.0,11,7.543719
0.0,19,7.549794
0.0,21,7.556538
1.0,35,7.567795
1.0,11,7.571351
1.0,23,7.578835
1.0,27,7.587882
1.0,28,7.59694
1.0,11,7.600489
1.0,26,7.608895
1.0,25,7.616879
0.0,6,7.618937
1.0,12,7.622736
1.0,25,7.630795
1.0,27,7.639441
1.0,38,7.651624
1.0,11,7.655206
1.0,24,7.662959
1.0,23,7.670369
1.0,28,7.679347
1.0,11,7.682892
1.0,25,7.690922
1.0,24,7.698955
1.0,29,7.708347
1.0,14,7.712817
0.0,14,7.71734
1.0,28,7.726497
1.0,31,7.736837
1.0,11,7.740358
1.0,25,7.748467
1.0,33,7.759037
1.0,27,7.767719
1.0,11,7.771314
1.0,26,7.779693
1.0,28,7.788728
1.0,26,7.797121
1.0,13,7.80128
1.0,34,7.812112
1.0,25,7.820241
0.0,6,7.822242
1.0,11,7.825779
1.0,25,7.833785
1.0,27,7.842481
1.0,29,7.851998
1.0,12,7.855818
1.0,23,7.863307
1.0,25,7.871267
1.0,27,7.879978
1.0,13,7.884188
1.0,25,7.892225
1.0,25,7.900297
1.0,25,7.908422
1.0,11,7.911945
1.0,31,7.921938
1.0,27,7.930615
1.0,26,7.938963
0.0,11,7.942533
0.0,12,7.946377
1.0,29,7.955725
1.0,26,7.964092
1.0,13,7.968282
1.0,23,7.975899
0.0,8,7.97847
1.0,25,7.986814
1.0,11,7.990416
1.0,27,7.999146
1.0,24,8.006931
1.0,25,8.01494
1.0,11,8.018461
0.0,10,8.021921
1.0,27,8.030628
1.0,34,8.042065
1.0,13,8.046374
1.0,28,8.05572
1.0,26,8.06405
1.0,37,8.076089
1.0,11,8.079659
1.0,30,8.089307
0.0,21,8.096054
1.0,25,8.104085
1.0,11,8.107642
1.0,29,8.116923
1.0,25,8.124992
1.0,27,8.133646
1.0,11,8.137243
1.0,23,8.144696
0.0,17,8.150311
1.0,32,8.16055
0.0,6,8.162508
0.0,19,8.168622
1.0,23,8.175968
0.0,17,8.181434
1.0,12,8.185304
1.0,23,8.192726
1.0,25,8.200725
1.0,28,8.209635
1.0,11,8.213166
1.0,26,8.221513
1.0,34,8.23243
0.0,9,8.235336
1.0,15,8.240157
1.0,27,8.248826
1.0,27,8.257481
1.0,34,8.268418
1.0,12,8.272249
1.0,23,8.27962
1.0,27,8.288247
0.0,6,8.290176
1.0,13,8.294387
1.0,30,8.304006
1.0,32,8.314642
1.0,25,8.322698
1.0,13,8.326873
0.0,17,8.332331
1.0,23,8.339764
0.0,99,8.372212
1.0,15,8.37705
0.0,19,8.383171
1.0,27,8.392057
1.0,27,8.400745
1.0,11,8.404305
1.0,23,8.411717
0.0,17,8.417184
1.0,27,8.425854
1.0,13,8.430022
0.0,8,8.432603
1.0,25,8.440614
1.0,27,8.449373
1.0,14,8.453843
1.0,25,8.462112
1.0,23,8.469412
1.0,27,8.478068
1.0,11,8.481633
0.0,14,8.486148
0.0,6,8.48812
1.0,27,8.496749
1.0,11,8.500302
1.0,23,8.507653
1.0,25,8.515705
1.0,29,8.525078
0.0,8,8.527665
1.0,23,8.535041
1.0,27,8.543711
1.0,28,8.552698
1.0,11,8.556211
1.0,28,8.565196
1.0,23,8.57259
1.0,25,8.580612
1.0,11,8.584115
1.0,28,8.593121
1.0,25,8.601181
1.0,27,8.609798
1.0,14,8.61432
1.0,27,8.622918
1.0,23,8.630327
1.0,28,8.639342
1.0,11,8.642869
1.0,29,8.652122
1.0,24,8.65976
0.0,8,8.66234
1.0,17,8.66802
0.0,21,8.674759
1.0,23,8.68243
1.0,25,8.690468
1.0,12,8.694346
1.0,31,8.704621
1.0,23,8.711988
1.0,29,8.721284
0.0,2,8.721931
1.0,26,8.730334
1.0,25,8.738373
0.0,6,8.740305
1.0,15,8.74514
0.0,14,8.74967
0.0,18,8.75546
1.0,33,8.765966
1.0,14,8.770458
1.0,23,8.777822
1.0,25,8.785813
1.0,29,8.795184
1.0,15,8.800134
1.0,29,8.809446
1.0,27,8.818134
1.0,25,8.826137
1.0,15,8.830979
0.0,4,8.832264
1.0,25,8.840261
1.0,31,8.850231
0.0,4,8.851542
1.0,23,8.85894
1.0,23,8.866494
1.0,29,8.876094
1.0,18,8.881833
1.0,23,8.889269
0.0,18,8.895048
1.0,35,8.906307
1.0,13,8.910757
1.0,23,8.918176
0.0,17,8.923642
1.0,29,8.932909
1.0,15,8.937736
1.0,23,8.945173
0.0,12,8.949026
1.0,29,8.958317
1.0,15,8.963141
1.0,24,8.970793
1.0,30,8.980521
1.0,28,8.989762
1.0,11,8.993271
0.0,8,8.995852
1.0,25,9.003946
1.0,31,9.014014
1.0,11,9.01776
1.0,25,9.025836
1.0,23,9.033228
0.0,23,9.040787
1.0,11,9.044332
0.0,4,9.045634
1.0,25,9.05375
1.0,28,9.062755
1.0,11,9.066282
0.0,14,9.070803
1.0,31,9.080735
1.0,30,9.090351
1.0,11,9.093913
1.0,27,9.102565
1.0,26,9.110876
1.0,32,9.121139
1.0,15,9.125921
1.0,24,9.133672
1.0,25,9.14169
1.0,29,9.150967
1.0,11,9.154523
1.0,25,9.162569
1.0,36,9.174116
0.0,13,9.178266
1.0,11,9.181791
1.0,25,9.189815
1.0,27,9.198463
1.0,30,9.20808
1.0,13,9.212267
1.0,25,9.220302
0.0,16,9.225428
0.0,13,9.229585
0.0,10,9.232775
1.0,23,9.24014
1.0,25,9.248245
1.0,31,9.258118
1.0,12,9.261968
1.0,25,9.269965
1.0,27,9.278619
0.0,22,9.285706
1.0,11,9.289227
1.0,25,9.297274
1.0,25,9.305316
0.0,25,9.313612
1.0,12,9.317501
1.0,28,9.326886
1.0,27,9.335693
0.0,9,9.338609
1.0,13,9.342848
1.0,25,9.351196
1.0,30,9.360853
0.0,9,9.363742
1.0,11,9.367292
1.0,24,9.375042
1.0,23,9.382488
1.0,25,9.390534
1.0,13,9.394794
1.0,31,9.404712
0.0,21,9.411529
1.0,27,9.420191
1.0,12,9.424087
0.0,18,9.429846
0.0,9,9.432818
1.0,25,9.440833
1.0,12,9.444766
1.0,24,9.452516
1.0,25,9.460514
1.0,27,9.469182
1.0,11,9.472811
1.0,29,9.482058
1.0,33,9.492644
1.0,29,9.501953
1.0,14,9.506542
1.0,27,9.515523
1.0,23,9.52305
1.0,28,9.532075
1.0,15,9.536907
1.0,26,9.545264
1.0,25,9.553212
1.0,27,9.56186
1.0,11,9.565379
1.0,23,9.572801
1.0,25,9.580821
1.0,31,9.590801
1.0,12,9.594645
0.0,6,9.596566
0.0,6,9.598511
1.0,25,9.606486
1.0,15,9.611309
1.0,28,9.620311
1.0,27,9.629127
1.0,28,9.638375
1.0,11,9.641862
1.0,25,9.6503
1.0,23,9.657636
0.0,4,9.659018
1.0,12,9.662966
1.0,23,9.670415
1.0,25,9.678581
0.0,6,9.680506
1.0,11,9.68402
1.0,25,9.692084
1.0,25,9.700138
1.0,28,9.709114
1.0,14,9.713618
1.0,23,9.720955
1.0,23,9.728352
1.0,25,9.736419
1.0,12,9.740252
1.0,24,9.747968
0.0,25,9.755985
0.0,14,9.760464
1.0,11,9.76398
1.0,25,9.772013
1.0,30,9.781579
0.0,21,9.788358
1.0,13,9.79252
1.0,29,9.801756
1.0,29,9.811026
1.0,27,9.819691
1.0,13,9.824076
1.0,28,9.832994
1.0,27,9.841995
1.0,28,9.85093
1.0,13,9.855145
1.0,27,9.863793
1.0,23,9.871145
1.0,29,9.880458
1.0,11,9.88402
0.0,14,9.88851
1.0,28,9.897707
1.0,26,9.906083
0.0,9,9.908962
0.0,4,9.910242
1.0,25,9.918289
1.0,26,9.926646
1.0,12,9.930515
1.0,23,9.9379
1.0,28,9.946882
1.0,29,9.956111
1.0,11,9.959955
1.0,27,9.968829
1.0,25,9.977002
1.0,31,9.987084
1.0,14,9.991691
1.0,26,10.000232
1.0,25,10.00823
1.0,28,10.017258
0.0,7,10.019548
1.0,23,10.026933
0.0,12,10.030832
0.0,8,10.033396
1.0,11,10.037038
1.0,25,10.045068
1.0,25,10.053736
1.0,29,10.063055
1.0,11,10.06666
1.0,25,10.07475
0.0,8,10.07728
1.0,27,10.085912
1.0,12,10.089719
1.0,23,10.097081
1.0,27,10.105733
0.0,19,10.111905
1.0,13,10.116379
1.0,23,10.123862
1.0,25,10.131834
1.0,25,10.13984
1.0,12,10.143708
1.0,23,10.151302
0.0,2,10.151945
1.0,27,10.160571
1.0,11,10.164121
1.0,29,10.173404
1.0,25,10.181403
1.0,32,10.191677
1.0,11,10.195232
1.0,25,10.203277
1.0,31,10.213178
1.0,26,10.221493
1.0,19,10.227617
1.0,31,10.23756
1.0,27,10.246227
1.0,29,10.255462
1.0,11,10.258994
0.0,18,10.264754
0.0,19,10.270845
1.0,25,10.278878
1.0,11,10.282727
1.0,23,10.290177
1.0,29,10.299725
1.0,30,10.309497
1.0,15,10.314462
1.0,27,10.323324
0.0,17,10.328806
1.0,25,10.336899
0.0,6,10.33885
1.0,25,10.346963
1.0,33,10.357555
1.0,28,10.366551
1.0,11,10.370085
1.0,30,10.379864
1.0,23,10.387257
1.0,28,10.396246
0.0,6,10.398178
1.0,26,10.406512
1.0,25,10.414552
1.0,29,10.423939
1.0,15,10.42871
1.0,24,10.436423
1.0,25,10.444486
1.0,31,10.454566
1.0,11,10.458117
1.0,25,10.466109
1.0,26,10.474445
1.0,31,10.484461
1.0,12,10.488316
1.0,25,10.496403
1.0,25,10.504555
1.0,30,10.514124
1.0,11,10.517639
1.0,30,10.527265
1.0,25,10.535299
1.0,25,10.543335
1.0,14,10.547829
1.0,23,10.555212
0.0,14,10.559727
1.0,30,10.569391
1.0,11,10.572945
1.0,25,10.581026
0.0,23,10.588401
1.0,31,10.598362
1.0,11,10.601921
1.0,25,10.610239
1.0,32,10.620759
1.0,27,10.629422
1.0,11,10.633134
1.0,23,10.640723
1.0,26,10.649218
1.0,25,10.657254
0.0,4,10.658577
1.0,23,10.666066
0.0,19,10.672157
1.0,35,10.68353
1.0,11,10.687068
0.0,4,10.68838
0.0,16,10.693501
0.0,206,10.760104
0.0,8,10.762723
1.0,26,10.771112
1.0,25,10.779164
1.0,32,10.78944
1.0,13,10.793711
1.0,25,10.80178
1.0,29,10.811029
0.0,4,10.812348
1.0,13,10.816532
1.0,27,10.825236
1.0,23,10.832743
1.0,35,10.844032
1.0,11,10.84758
0.0,21,10.854358
1.0,27,10.863021
0.0,19,10.869264
1.0,13,10.873531
0.0,4,10.874883
1.0,24,10.882604
0.0,12,10.886518
1.0,14,10.891024
1.0,31,10.901016
0.0,16,10.906207
1.0,29,10.915676
1.0,11,10.919314
1.0,23,10.926742
1.0,23,10.934398
1.0,26,10.943089
1.0,11,10.946761
1.0,26,10.955141
1.0,23,10.962919
0.0,14,10.967421
1.0,11,10.97105
1.0,31,10.98104
1.0,25,10.989271
1.0,29,10.998614
1.0,11,11.002165
0.0,8,11.004755
1.0,31,11.014793
1.0,27,11.023634
1.0,11,11.027183
0.0,15,11.032021
1.0,26,11.040401
0.0,16,11.045562
1.0,11,11.049128
1.0,26,11.057495
1.0,30,11.067268
1.0,27,11.07596
1.0,11,11.07951
1.0,25,11.087625
1.0,29,11.09703
1.0,36,11.108655
0.0,2,11.109328
1.0,23,11.116714
1.0,25,11.124788
1.0,29,11.134269
1.0,12,11.138105
1.0,28,11.147112
0.0,12,11.151022
1.0,29,11.160365
0.0,9,11.163258
1.0,25,11.17145
1.0,25,11.179486
1.0,33,11.190053
1.0,12,11.193956
0.0,14,11.198463
0.0,18,11.204268
1.0,28,11.213379
1.0,11,11.216941
1.0,29,11.226293
1.0,32,11.236631
1.0,30,11.246296
1.0,13,11.250531
1.0,30,11.260407
1.0,26,11.26916
1.0,27,11.277896
1.0,11,11.281519
1.0,26,11.289986
1.0,29,11.299339
1.0,25,11.307625
1.0,13,11.312035
1.0,25,11.320062
0.0,4,11.321379
1.0,27,11.33045
1.0,11,11.33402
1.0,25,11.342134
1.0,25,11.350282
1.0,29,11.359648
1.0,13,11.363937
1.0,24,11.371691
1.0,23,11.3792
0.0,17,11.384683
1.0,13,11.388878
1.0,23,11.396326
1.0,25,11.404467
1.0,29,11.413808
1.0,14,11.418351
1.0,29,11.427649
0.0,16,11.43283
1.0,27,11.441617
1.0,11,11.445248
1.0,30,11.454867
1.0,27,11.463547
1.0,32,11.473951
1.0,11,11.477514
1.0,26,11.4859
1.0,27,11.494591
1.0,27,11.503276
1.0,11,11.50686
1.0,23,11.514366
1.0,26,11.52272
1.0,37,11.534649
1.0,12,11.538531
1.0,25,11.546587
1.0,25,11.554716
1.0,27,11.563399
1.0,11,11.56693
1.0,25,11.574988
1.0,25,11.583241
1.0,33,11.594357
1.0,11,11.597911
1.0,25,11.605991
1.0,26,11.614669
1.0,27,11.623414
1.0,11,11.627057
1.0,25,11.6351
1.0,27,11.64377
1.0,33,11.654447
1.0,11,11.657986
1.0,27,11.666729
1.0,28,11.675737
1.0,26,11.684091
0.0,4,11.685392
1.0,23,11.692842
1.0,23,11.700251
1.0,29,11.709648
1.0,11,11.713209
0.0,14,11.717752
1.0,23,11.725251
0.0,8,11.727796
1.0,12,11.731699
1.0,29,11.741109
1.0,23,11.748492
1.0,29,11.757797
1.0,13,11.761977
1.0,26,11.77035
1.0,23,11.777877
1.0,30,11.787506
0.0,2,11.78818
1.0,25,11.796199
1.0,37,11.808084
1.0,28,11.817175
1.0,11,11.820734
1.0,23,11.828245
1.0,25,11.836296
1.0,25,11.844297
1.0,13,11.848485
1.0,25,11.856636
1.0,27,11.865323
0.0,9,11.868222
1.0,11,11.871783
1.0,23,11.879201
1.0,25,11.887243
0.0,11,11.890903
1.0,11,11.894432
1.0,29,11.90402
1.0,31,11.914015
1.0,29,11.923292
1.0,13,11.927554
0.0,15,11.932744
1.0,26,11.94108
1.0,29,11.950567
1.0,11,11.954167
0.0,12,11.958008
1.0,27,11.966707
1.0,29,11.976002
1.0,11,11.97955
1.0,23,11.987066
0.0,10,11.990288
1.0,26,11.998653
1.0,15,12.003573
1.0,25,12.011611
1.0,25,12.019654
1.0,25,12.027671
1.0,11,12.031214
0.0,16,12.036365
1.0,25,12.044445
1.0,29,12.053785
1.0,11,12.057319
1.0,35,12.068549
1.0,24,12.0763
1.0,29,12.085677
1.0,11,12.089231
0.0,17,12.094693
0.0,19,12.100852
0.0,17,12.106323
1.0,11,12.109851
1.0,23,12.117376
1.0,23,12.124712
1.0,34,12.135741
1.0,11,12.139341
0.0,6,12.141283
1.0,25,12.14938
0.0,19,12.155718
1.0,13,12.159878
1.0,24,12.167601
1.0,27,12.176341
0.0,8,12.178935
1.0,11,12.182475
1.0,25,12.190532
1.0,28,12.1996
1.0,29,12.208868
1.0,11,12.212408
0.0,4,12.213712
1.0,26,12.222111
1.0,29,12.231769
1.0,11,12.235437
0.0,10,12.238918
1.0,23,12.246322
1.0,29,12.255731
0.0,7,12.258143
0.0,14,12.262764
0.0,8,12.265375
1.0,27,12.274143
1.0,11,12.277677
1.0,27,12.286365
1.0,27,12.29511
1.0,27,12.303786
1.0,11,12.307481
1.0,24,12.315205
1.0,26,12.32364
1.0,30,12.3333
1.0,11,12.336848
1.0,25,12.345061
1.0,25,12.353101
1.0,27,12.36177
1.0,15,12.366597
1.0,29,12.375965
1.0,24,12.383807
0.0,16,12.388914
1.0,11,12.392466
0.0,7,12.39471
1.0,25,12.402778
1.0,29,12.41221
1.0,11,12.415793
1.0,28,12.42487
0.0,4,12.426191
1.0,32,12.436426
1.0,12,12.440296
1.0,31,12.450353
0.0,16,12.455503
1.0,27,12.464256
1.0,12,12.468133
1.0,28,12.477154
1.0,25,12.485261
0.0,9,12.488133
1.0,11,12.491664
1.0,23,12.499188
1.0,29,12.508518
1.0,26,12.517295
1.0,11,12.520886
1.0,27,12.529564
1.0,27,12.538297
1.0,33,12.548966
1.0,14,12.553801
1.0,25,12.56194
1.0,23,12.569667
1.0,34,12.580759
1.0,11,12.584346
1.0,27,12.593153
1.0,23,12.600579
1.0,30,12.610289
0.0,4,12.611594
1.0,26,12.620033
1.0,23,12.627494
1.0,29,12.636928
1.0,11,12.640508
1.0,27,12.649344
1.0,27,12.65806
1.0,31,12.667999
1.0,11,12.671556
0.0,16,12.676743
0.0,17,12.68227
1.0,28,12.69136
1.0,11,12.694929
1.0,23,12.70233
0.0,21,12.709116
1.0,29,12.718436
1.0,11,12.722099
1.0,27,12.730777
1.0,23,12.738198
1.0,28,12.747251
1.0,11,12.750793
1.0,23,12.758206
1.0,26,12.766625
1.0,25,12.774691
1.0,12,12.778594
1.0,24,12.786311
0.0,4,12.787625
1.0,26,12.795997
1.0,11,12.799638
1.0,23,12.807034
1.0,25,12.815109
0.0,24,12.822848
1.0,11,12.826425
0.0,19,12.832597
0.0,6,12.834551
0.0,21,12.841388
1.0,12,12.845261
0.0,16,12.850466
0.0,20,12.85692
0.0,21,12.863746
1.0,11,12.867304
0.0,8,12.869879
1.0,25,12.878403
1.0,34,12.889666
1.0,11,12.893264
1.0,25,12.901379
1.0,30,12.911572
0.0,22,12.918678
1.0,11,12.922249
0.0,4,12.923603
0.0,6,12.92554
1.0,29,12.934937
1.0,11,12.938508
1.0,27,12.947269
1.0,28,12.956313
1.0,26,12.964642
1.0,11,12.968381
1.0,24,12.976324
1.0,24,12.984113
1.0,25,12.992383
1.0,13,12.996602
1.0,27,13.005266
1.0,23,13.012652
1.0,29,13.02202
1.0,11,13.025667
1.0,24,13.033334
1.0,27,13.042046
1.0,27,13.050763
1.0,11,13.05432
1.0,31,13.064354
1.0,23,13.071741
1.0,28,13.080711
1.0,15,13.085516
1.0,23,13.092906
1.0,23,13.100429
1.0,25,13.10843
0.0,4,13.109744
1.0,24,13.117838
1.0,25,13.125875
1.0,25,13.133949
1.0,12,13.137828
1.0,27,13.146593
1.0,33,13.157183
1.0,25,13.165204
1.0,13,13.169367
1.0,23,13.176883
1.0,26,13.185215
1.0,36,13.19675
1.0,12,13.200862
1.0,28,13.209957
1.0,27,13.219027
1.0,25,13.227171
1.0,13,13.231383
1.0,24,13.239293
1.0,27,13.248091
1.0,25,13.256272
1.0,12,13.260136
1.0,25,13.268208
1.0,23,13.275697
1.0,32,13.286039
1.0,11,13.289703
0.0,14,13.294217
1.0,29,13.303507
1.0,25,13.311582
1.0,11,13.315151
1.0,24,13.322835
0.0,16,13.328115
1.0,27,13.336717
1.0,14,13.341228
1.0,27,13.349927
1.0,23,13.357368
1.0,26,13.365742
1.0,13,13.369887
1.0,27,13.378692
0.0,21,13.385426
0.0,12,13.389267
1.0,14,13.393728
1.0,29,13.403175
1.0,26,13.4115
1.0,27,13.420217
0.0,8,13.422795
1.0,26,13.431163
1.0,28,13.440137
1.0,27,13.448996
1.0,11,13.452536
1.0,23,13.459945
1.0,31,13.471194
1.0,25,13.479358
1.0,11,13.482909
0.0,8,13.485562
1.0,28,13.494548
1.0,26,13.502937
1.0,13,13.507107
1.0,29,13.516521
1.0,26,13.525164
1.0,27,13.533752
1.0,11,13.537586
0.0,14,13.54217
1.0,23,13.549606
0.0,18,13.555502
1.0,11,13.559269
1.0,25,13.567393
0.0,16,13.572563
1.0,30,13.582195
1.0,15,13.58705
0.0,14,13.591605
1.0,31,13.601655
1.0,25,13.609691
1.0,11,13.613215
0.0,19,13.619343
0.0,12,13.623201
1.0,25,13.631334
1.0,13,13.635517
0.0,22,13.642614
1.0,29,13.651946
1.0,31,13.661873
1.0,11,13.665386
0.0,8,13.668075
1.0,27,13.676756
0.0,11,13.680298
1.0,11,13.683821
1.0,27,13.692527
1.0,29,13.701878
1.0,31,13.711934
1.0,11,13.715809
1.0,25,13.723904
1.0,23,13.731333
1.0,30,13.740969
1.0,14,13.745585
1.0,27,13.754265
1.0,23,13.761656
1.0,32,13.771896
1.0,11,13.77544
1.0,24,13.78323
1.0,25,13.791282
1.0,31,13.80123
1.0,11,13.804769
0.0,6,13.806681
0.0,6,13.808643
1.0,30,13.818331
1.0,17,13.823843
1.0,28,13.832842
1.0,27,13.841553
1.0,25,13.849791
1.0,11,13.853355
1.0,23,13.860957
1.0,23,13.868588
1.0,27,13.877576
1.0,13,13.881743
1.0,25,13.890006
1.0,26,13.898512
1.0,29,13.907814
1.0,11,13.911466
1.0,27,13.920222
1.0,23,13.927626
1.0,26,13.936003
1.0,11,13.939562
1.0,27,13.948209
1.0,23,13.955641
1.0,25,13.96368
1.0,11,13.967257
1.0,25,13.975381
1.0,23,13.982829
0.0,9,13.985805
1.0,14,13.990498
0.0,12,13.994354
1.0,25,14.002442
1.0,33,14.01325
1.0,14,14.017732
1.0,28,14.026759
1.0,33,14.03729
1.0,27,14.046134
1.0,11,14.049637
1.0,25,14.057736
1.0,23,14.065178
1.0,27,14.073912
1.0,13,14.078154
1.0,27,14.086978
1.0,26,14.095345
1.0,29,14.104692
1.0,13,14.108908
1.0,29,14.11828
1.0,26,14.126698
1.0,27,14.135486
1.0,12,14.139356
1.0,27,14.148057
1.0,25,14.156193
0.0,13,14.160477
1.0,11,14.164028
1.0,29,14.173624
1.0,25,14.181649
0.0,9,14.184832
1.0,13,14.189117
1.0,24,14.197009
0.0,14,14.201597
1.0,27,14.21063
1.0,11,14.214164
1.0,28,14.223246
1.0,35,14.234516
1.0,25,14.242669
1.0,11,14.246202
1.0,26,14.254605
1.0,25,14.262657
1.0,32,14.273041
1.0,11,14.276551
0.0,6,14.278513
0.0,8,14.2811
1.0,28,14.290124
1.0,12,14.293969
1.0,23,14.30137
1.0,24,14.309111
1.0,27,14.318027
1.0,11,14.321566
1.0,25,14.329666
0.0,8,14.332539
0.0,20,14.338997
1.0,11,14.342506
1.0,25,14.350613
1.0,26,14.358984
1.0,27,14.367692
1.0,11,14.371246
1.0,25,14.379347
1.0,23,14.386882
0.0,6,14.388808
1.0,11,14.39237
0.0,4,14.393642
1.0,24,14.401406
1.0,29,14.410779
1.0,12,14.41463
1.0,27,14.423268
1.0,26,14.431687
1.0,33,14.44235
1.0,14,14.44692
1.0,29,14.456251
1.0,25,14.464402
1.0,28,14.473362
1.0,14,14.477857
1.0,24,14.485618
1.0,25,14.493633
0.0,4,14.494951
0.0,13,14.499407
1.0,27,14.508512
1.0,27,14.517239
1.0,29,14.526666
1.0,11,14.530309
0.0,14,14.534807
1.0,24,14.542641
1.0,27,14.551602
1.0,11,14.555234
1.0,23,14.562636
1.0,25,14.570743
1.0,29,14.580122
1.0,13,14.584351
1.0,27,14.593065
1.0,27,14.601776
1.0,27,14.610492
1.0,13,14.6147
1.0,23,14.622125
1.0,27,14.630791
1.0,31,14.640741
0.0,7,14.642979
1.0,23,14.650367
1.0,25,14.658487
1.0,27,14.667165
1.0,14,14.671618
0.0,21,14.678408
1.0,24,14.686129
1.0,26,14.69452
1.0,11,14.698046
1.0,23,14.705449
1.0,27,14.714146
1.0,27,14.722846
1.0,11,14.72638
1.0,23,14.733855
1.0,25,14.741878
1.0,29,14.751216
1.0,13,14.755383
1.0,26,14.763759
1.0,27,14.772451
1.0,29,14.78176
1.0,13,14.785982
1.0,25,14.794055
1.0,25,14.802114
1.0,25,14.810171
1.0,13,14.814305
1.0,26,14.823185
1.0,31,14.8335
1.0,25,14.841747
1.0,13,14.845881
1.0,26,14.854576
1.0,23,14.86203
0.0,4,14.863326
1.0,11,14.86687
1.0,23,14.87435
1.0,25,14.882493
0.0,9,14.88539
1.0,11,14.888979
1.0,31,14.898966
1.0,27,14.907661
1.0,25,14.915914
1.0,13,14.920067
1.0,23,14.927835
1.0,25,14.935894
1.0,28,14.944932
0.0,4,14.946251
0.0,8,14.948834
1.0,25,14.957091
1.0,27,14.965806
1.0,11,14.969349
1.0,30,14.979151
1.0,30,14.988894
1.0,27,14.99764
0.0,4,14.998924
1.0,25,15.006981
1.0,25,15.015193
0.0,23,15.022534
1.0,11,15.026076
1.0,27,15.034843
1.0,27,15.043494
0.0,14,15.048046
1.0,11,15.051576
1.0,27,15.06027
0.0,12,15.064126
0.0,9,15.067128
1.0,11,15.070716
0.0,20,15.077125
1.0,24,15.084866
1.0,25,15.092892
1.0,11,15.096423
1.0,29,15.105839
1.0,25,15.113824
0.0,17,15.119294
1.0,11,15.12284
0.0,19,15.129002
1.0,29,15.138322
1.0,33,15.149302
0.0,10,15.152515
1.0,27,15.161692
0.0,6,15.163677
1.0,32,15.174069
1.0,11,15.177643
0.0,22,15.184895
1.0,35,15.196267
1.0,27,15.205056
1.0,13,15.209273
0.0,14,15.213799
1.0,25,15.222018
1.0,29,15.231331
1.0,12,15.235205
0.0,24,15.24296
1.0,31,15.252947
1.0,29,15.262366
1.0,12,15.266215
0.0,8,15.26881
1.0,25,15.276889
1.0,28,15.286015
1.0,11,15.28959
0.0,14,15.294213
1.0,23,15.301628
0.0,23,15.309042
1.0,17,15.314487
0.0,17,15.31997
1.0,27,15.328694
1.0,31,15.338768
1.0,11,15.342313
1.0,25,15.350351
1.0,23,15.35772
1.0,31,15.367696
0.0,2,15.368366
1.0,30,15.378139
1.0,23,15.385594
1.0,28,15.394552
1.0,13,15.39873
1.0,25,15.406771
1.0,29,15.416263
1.0,27,15.424897
1.0,15,15.429688
1.0,25,15.437741
1.0,25,15.445901
1.0,35,15.457156
1.0,12,15.46103
1.0,24,15.468744
1.0,26,15.477314
1.0,25,15.485686
1.0,13,15.489839
1.0,26,15.498316
0.0,18,15.504408
1.0,32,15.514824
1.0,12,15.518705
1.0,27,15.527554
1.0,27,15.536481
0.0,11,15.540055
0.0,7,15.542335
1.0,27,15.551012
1.0,28,15.560004
1.0,30,15.569646
1.0,11,15.573228
1.0,27,15.582036
1.0,29,15.591332
1.0,25,15.599433
1.0,13,15.603599
1.0,23,15.611012
1.0,25,15.619076
0.0,24,15.626809
1.0,12,15.630648
1.0,29,15.6401
1.0,28,15.649169
0.0,10,15.6524
1.0,14,15.656913
0.0,16,15.662104
1.0,25,15.670156
1.0,33,15.680847
1.0,11,15.684386
1.0,23,15.691853
0.0,12,15.695746
1.0,26,15.704107
1.0,15,15.708911
1.0,26,15.717324
1.0,27,15.726079
1.0,33,15.736708
1.0,16,15.741878
1.0,27,15.750647
1.0,23,15.758089
1.0,25,15.76611
0.0,4,15.767413
0.0,10,15.770633
1.0,25,15.778715
0.0,8,15.7813
1.0,11,15.784836
0.0,16,15.790018
1.0,27,15.798908
1.0,27,15.807961
0.0,2,15.80861
1.0,28,15.817641
1.0,23,15.825256
1.0,29,15.834923
1.0,15,15.839821
1.0,23,15.84732
1.0,27,15.855974
0.0,19,15.862243
0.0,6,15.864199
1.0,25,15.872283
0.0,4,15.873565
1.0,35,15.884888
1.0,11,15.888448
0.0,14,15.892956
1.0,34,15.903958
0.0,8,15.906565
1.0,12,15.910426
1.0,23,15.917845
1.0,23,15.925312
0.0,20,15.931745
1.0,11,15.935324
1.0,23,15.942818
1.0,23,15.950228
0.0,9,15.953151
1.0,11,15.956714
1.0,27,15.96542
0.0,8,15.968029
1.0,26,15.976518
0.0,2,15.977169
1.0,26,15.985654
0.0,9,15.988533
1.0,30,15.998207
1.0,12,16.0021
1.0,23,16.009486
1.0,23,16.016928
1.0,28,16.026004
0.0,4,16.027309
1.0,25,16.035422
1.0,34,16.046522
0.0,4,16.047837
0.0,7,16.050186
1.0,25,16.05825
1.0,27,16.066921
1.0,25,16.075018
1.0,13,16.079243
1.0,25,16.087312
0.0,4,16.088608
0.0,11,16.092164
1.0,11,16.095737
0.0,24,16.103497
1.0,27,16.112244
1.0,27,16.121444
1.0,11,16.125113
0.0,16,16.130432
1.0,23,16.138228
1.0,27,16.147039
1.0,11,16.150723
1.0,27,16.15965
1.0,23,16.167287
1.0,25,16.175308
1.0,17,16.180756
1.0,23,16.188179
1.0,25,16.196265
1.0,28,16.205329
1.0,11,16.208892
1.0,24,16.216635
1.0,25,16.224729
0.0,9,16.227608
1.0,13,16.231822
1.0,25,16.239915
1.0,23,16.247319
1.0,28,16.256323
1.0,12,16.260199
1.0,25,16.268224
0.0,19,16.274354
1.0,35,16.28564
1.0,11,16.289209
0.0,24,16.297007
0.0,8,16.299585
0.0,15,16.304465
1.0,11,16.308014
1.0,33,16.318752
0.0,20,16.325175
1.0,30,16.334861
1.0,11,16.338447
1.0,23,16.345857
1.0,25,16.354052
0.0,4,16.355329
1.0,12,16.359241
1.0,24,16.366971
0.0,18,16.372885
0.0,18,16.378816
1.0,13,16.383079
0.0,22,16.390289
1.0,23,16.397681
0.0,17,16.403179
1.0,11,16.406753
1.0,27,16.415483
1.0,29,16.424843
1.0,30,16.434618
0.0,4,16.435923
1.0,23,16.443386
0.0,8,16.446325
0.0,6,16.448231
1.0,11,16.4518
1.0,24,16.45985
1.0,27,16.468715
1.0,29,16.478179
1.0,11,16.481726
1.0,29,16.49109
1.0,23,16.49893
1.0,26,16.507473
1.0,11,16.511053
1.0,29,16.520427
1.0,26,16.528831
1.0,27,16.53754
1.0,11,16.541227
1.0,28,16.550211
1.0,23,16.55766
1.0,31,16.567654
1.0,12,16.571532
0.0,4,16.57284
1.0,29,16.582258
1.0,29,16.59161
1.0,11,16.595182
1.0,25,16.603256
1.0,25,16.611346
0.0,9,16.614243
0.0,2,16.614906
1.0,26,16.623347
1.0,24,16.631107
1.0,29,16.64043
1.0,11,16.643973
0.0,8,16.646732
1.0,25,16.654931
1.0,27,16.663632
1.0,11,16.667198
1.0,29,16.676557
1.0,25,16.684631
0.0,17,16.690118
0.0,9,16.693135
1.0,28,16.702117
1.0,27,16.710858
1.0,30,16.720784
0.0,6,16.722759
1.0,31,16.732826
1.0,32,16.74325
1.0,25,16.751319
1.0,11,16.754886
1.0,29,16.764259
1.0,27,16.773298
0.0,17,16.778763
1.0,13,16.783037
1.0,28,16.792317
1.0,23,16.799875
1.0,25,16.808083
0.0,4,16.809467
1.0,26,16.817949
1.0,24,16.825814
1.0,25,16.833932
1.0,11,16.837508
1.0,25,16.845709
1.0,23,16.853146
1.0,32,16.863533
1.0,11,16.867098
1.0,26,16.875658
1.0,29,16.885121
1.0,34,16.896078
1.0,11,16.899597
1.0,27,16.908314
1.0,29,16.917777
1.0,27,16.926586
0.0,10,16.929825
1.0,25,16.937923
1.0,27,16.946658
1.0,27,16.955401
1.0,11,16.959057
1.0,28,16.968164
1.0,28,16.977173
0.0,19,16.983314
1.0,14,16.987914
0.0,16,16.993098
1.0,23,17.000642
1.0,31,17.010678
0.0,9,17.013601
1.0,27,17.022384
1.0,24,17.030166
1.0,27,17.038939
1.0,13,17.043144
0.0,6,17.04507
1.0,34,17.056036
0.0,19,17.062272
1.0,12,17.066158
0.0,14,17.070844
0.0,14,17.075367
1.0,30,17.085066
1.0,11,17.088617
1.0,25,17.096945
1.0,23,17.104363
1.0,29,17.114112
1.0,11,17.117643
1.0,23,17.125222
1.0,27,17.13427
1.0,27,17.143022
1.0,11,17.146606
1.0,26,17.155059
1.0,23,17.162551
1.0,32,17.172894
1.0,11,17.176445
1.0,27,17.185269
1.0,26,17.193662
1.0,27,17.202391
1.0,15,17.207226
0.0,22,17.214317
0.0,4,17.215629
1.0,27,17.224401
1.0,13,17.228607
1.0,32,17.238952
0.0,8,17.241503
1.0,34,17.252495
1.0,16,17.257701
0.0,22,17.264811
1.0,27,17.273567
1.0,27,17.282305
1.0,11,17.285857
1.0,26,17.29426
0.0,16,17.299477
1.0,26,17.307858
1.0,11,17.311417
0.0,6,17.313363
1.0,25,17.321722
0.0,6,17.323689
1.0,11,17.327275
1.0,23,17.334677
0.0,6,17.336717
0.0,11,17.340262
1.0,13,17.344459
0.0,6,17.346386
1.0,23,17.35383
0.0,14,17.358355
1.0,11,17.361903
0.0,10,17.36515
1.0,27,17.373867
1.0,34,17.384876
1.0,12,17.388751
0.0,18,17.394578
1.0,23,17.402019
0.0,23,17.409471
0.0,2,17.410143
1.0,25,17.418223
1.0,27,17.427159
1.0,29,17.436542
0.0,6,17.438669
1.0,28,17.447863
0.0,19,17.454109
1.0,27,17.462997
1.0,11,17.466538
1.0,27,17.475303
1.0,29,17.484674
1.0,29,17.494152
1.0,12,17.498062
0.0,7,17.500336
1.0,27,17.509066
1.0,33,17.519713
1.0,11,17.523277
0.0,8,17.525888
1.0,28,17.534931
1.0,28,17.54408
0.0,6,17.546053
1.0,26,17.554463
0.0,4,17.555772
1.0,25,17.563917
1.0,17,17.569385
1.0,28,17.57853
1.0,25,17.586601
1.0,34,17.598425
1.0,11,17.602096
1.0,25,17.610118
0.0,12,17.614012
1.0,29,17.62339
1.0,14,17.627949
1.0,25,17.636033
1.0,25,17.644276
1.0,29,17.653721
0.0,2,17.654424
1.0,24,17.662227
1.0,30,17.671968
1.0,25,17.680138
1.0,11,17.683686
1.0,26,17.692112
1.0,27,17.700882
1.0,27,17.709628
1.0,11,17.713291
1.0,23,17.720737
0.0,17,17.726278
0.0,13,17.73048
1.0,11,17.734057
0.0,4,17.735338
1.0,31,17.745332
1.0,26,17.754066
1.0,11,17.757844
1.0,31,17.768075
1.0,27,17.776933
0.0,11,17.780665
0.0,2,17.781378
0.0,18,17.787244
1.0,26,17.795764
0.0,21,17.802566
1.0,14,17.807098
1.0,23,17.814569
1.0,27,17.823358
1.0,35,17.834767
1.0,11,17.838324
0.0,4,17.839623
0.0,8,17.842228
0.0,13,17.84643
1.0,11,17.849996
0.0,4,17.851265
1.0,27,17.859983
1.0,30,17.86966
1.0,11,17.873215
1.0,26,17.881627
1.0,24,17.889396
1.0,29,17.898752
1.0,11,17.902362
0.0,17,17.907854
1.0,25,17.915921
1.0,27,17.92473
1.0,13,17.928938
0.0,18,17.93507
0.0,4,17.936414
0.0,22,17.943564
1.0,12,17.947434
0.0,17,17.952963
1.0,23,17.960399
1.0,27,17.969127
1.0,13,17.973649
0.0,16,17.978898
0.0,16,17.984052
1.0,33,17.995028
1.0,11,17.998538
1.0,23,18.005984
1.0,25,18.014067
0.0,13,18.018315
1.0,13,18.022504
1.0,24,18.030279
1.0,23,18.037667
1.0,29,18.04709
1.0,14,18.051595
1.0,26,18.060068
1.0,27,18.068788
1.0,33,18.079709
1.0,12,18.083697
0.0,4,18.084985
1.0,31,18.095488
1.0,26,18.103966
0.0,7,18.106277
0.0,4,18.107581
1.0,26,18.116161
1.0,32,18.126463
1.0,13,18.130765
1.0,29,18.14013
0.0,25,18.148165
1.0,25,18.156261
1.0,16,18.161438
1.0,23,18.168907
1.0,26,18.177296
1.0,28,18.186333
1.0,12,18.190212
1.0,28,18.199239
1.0,25,18.207428
1.0,27,18.216123
1.0,12,18.220016
1.0,25,18.228106
1.0,23,18.235547
1.0,27,18.244345
0.0,2,18.245019
0.0,20,18.251467
1.0,23,18.258865
1.0,30,18.268541
1.0,16,18.273715
0.0,25,18.281839
1.0,23,18.28923
1.0,28,18.298229
1.0,11,18.301773
1.0,25,18.309848
1.0,27,18.318641
1.0,25,18.326684
1.0,11,18.330326
1.0,24,18.338071
0.0,4,18.33939
0.0,6,18.341296
0.0,11,18.344865
1.0,25,18.352936
1.0,23,18.360456
1.0,29,18.36983
1.0,13,18.374009
1.0,29,18.383404
1.0,25,18.39234
0.0,20,18.399101
1.0,11,18.402597
1.0,25,18.411029
1.0,25,18.419197
1.0,25,18.427345
1.0,11,18.430994
1.0,27,18.439873
1.0,23,18.447394
1.0,34,18.458395
1.0,11,18.462029
1.0,29,18.471467
1.0,25,18.479548
1.0,29,18.488939
1.0,11,18.492498
1.0,23,18.499934
1.0,29,18.509315
1.0,30,18.519123
1.0,11,18.522851
1.0,26,18.531302
1.0,27,18.540008
0.0,24,18.547785
1.0,11,18.551344
0.0,21,18.55824
1.0,27,18.566925
0.0,10,18.570131
1.0,11,18.573682
0.0,6,18.575642
1.0,23,18.583132
0.0,9,18.586004
1.0,11,18.589576
1.0,27,18.598319
0.0,20,18.60472
1.0,28,18.613729
1.0,11,18.617329
1.0,25,18.625463
0.0,6,18.627424
1.0,31,18.637471
1.0,13,18.641674
1.0,25,18.649758
0.0,10,18.652982
0.0,8,18.655751
1.0,13,18.659936
1.0,23,18.667385
1.0,27,18.676114
1.0,30,18.685806
1.0,11,18.689371
1.0,28,18.698431
1.0,28,18.70746
1.0,28,18.716491
0.0,7,18.718775
1.0,27,18.727724
1.0,25,18.736187
0.0,23,18.743543
1.0,13,18.747747
1.0,27,18.756746
1.0,23,18.764273
0.0,13,18.768477
1.0,14,18.7731
1.0,29,18.78245
1.0,23,18.789892
1.0,25,18.797915
1.0,11,18.801496
1.0,32,18.811808
1.0,24,18.819583
1.0,25,18.827697
0.0,9,18.830624
1.0,27,18.839366
1.0,27,18.84816
0.0,26,18.856567
1.0,15,18.861444
0.0,17,18.866941
1.0,24,18.874675
0.0,19,18.880822
1.0,13,18.885066
1.0,27,18.893793
1.0,24,18.901521
0.0,19,18.907639
1.0,13,18.911814
0.0,19,18.917981
1.0,23,18.925458
0.0,6,18.9274
1.0,11,18.930961
1.0,25,18.938993
1.0,23,18.946417
1.0,27,18.955104
1.0,11,18.958664
1.0,23,18.96616
1.0,23,18.973557
1.0,25,18.981621
1.0,14,18.986286
1.0,29,18.995653
1.0,25,19.003838
0.0,21,19.01064
1.0,11,19.014218
0.0,4,19.015524
1.0,23,19.022951
1.0,29,19.032278
1.0,11,19.035905
1.0,23,19.043297
1.0,28,19.052498
1.0,25,19.060884
1.0,11,19.064404
0.0,6,19.066373
1.0,33,19.077083
1.0,31,19.087152
1.0,15,19.092013
0.0,11,19.095522
1.0,25,19.103859
1.0,30,19.113621
1.0,11,19.117193
0.0,19,19.123336
1.0,27,19.132052
1.0,27,19.140724
1.0,13,19.144939
0.0,6,19.146875
1.0,31,19.15691
1.0,30,19.166554
1.0,14,19.17103
1.0,27,19.179756
1.0,27,19.188469
1.0,31,19.198413
1.0,11,19.201961
1.0,23,19.209395
0.0,16,19.214597
0.0,20,19.221054
1.0,12,19.224993
1.0,30,19.234698
1.0,25,19.24274
1.0,26,19.251186
1.0,14,19.255693
1.0,25,19.263783
1.0,26,19.272169
0.0,4,19.273486
1.0,11,19.277041
1.0,25,19.285136
0.0,12,19.289042
1.0,28,19.298089
1.0,14,19.302588
1.0,23,19.31004
1.0,26,19.318398
1.0,28,19.32741
1.0,15,19.33225
1.0,26,19.340996
1.0,23,19.348458
1.0,27,19.357191
1.0,12,19.361084
1.0,32,19.371433
1.0,25,19.379716
1.0,27,19.388516
1.0,11,19.392318
1.0,25,19.400542
1.0,26,19.408885
1.0,25,19.417253
1.0,11,19.420904
1.0,27,19.429633
1.0,23,19.43705
1.0,27,19.445836
1.0,11,19.449394
1.0,30,19.459092
1.0,25,19.467187
1.0,25,19.475258
1.0,11,19.478817
0.0,16,19.484005
0.0,8,19.486672
1.0,33,19.497301
1.0,12,19.501163
0.0,6,19.503112
1.0,23,19.51051
1.0,27,19.519207
1.0,13,19.523414
1.0,23,19.530881
1.0,23,19.538231
0.0,13,19.542431
1.0,11,19.545998
1.0,25,19.554065
1.0,29,19.563439
0.0,27,19.572114
1.0,11,19.57568
0.0,14,19.580196
1.0,25,19.58825
0.0,11,19.591911
1.0,11,19.595464
1.0,23,19.60298
1.0,23,19.610422
1.0,26,19.618798
1.0,13,19.623035
1.0,29,19.632408
0.0,8,19.63503
1.0,30,19.644853
1.0,12,19.648681
1.0,23,19.656115
1.0,24,19.663864
1.0,29,19.673252
0.0,2,19.673915
1.0,24,19.681817
1.0,32,19.692153
1.0,26,19.700646
1.0,15,19.705523
0.0,8,19.708449
1.0,25,19.716737
1.0,27,19.725564
0.0,7,19.727839
0.0,18,19.733887
1.0,25,19.741997
1.0,27,19.750735
1.0,13,19.755061
1.0,29,19.764378
1.0,23,19.771836
1.0,28,19.780861
1.0,13,19.785029
1.0,25,19.793119
0.0,18,19.798943
1.0,25,19.807042
1.0,14,19.811526
1.0,23,19.818975
1.0,23,19.826668
1.0,25,19.834815
0.0,9,19.837743
1.0,23,19.845442
1.0,27,19.854164
1.0,27,19.862847
1.0,14,19.867442
0.0,6,19.869373
1.0,23,19.876825
1.0,28,19.885827
1.0,11,19.889407
1.0,31,19.899433
1.0,29,19.90883
1.0,29,19.918308
1.0,18,19.924109
0.0,8,19.926722
1.0,24,19.934499
1.0,38,19.947051
1.0,11,19.9506
0.0,20,19.957076
1.0,23,19.964616
0.0,12,19.96851
1.0,11,19.972147
1.0,29,19.981607
1.0,29,19.991095
0.0,8,19.993684
1.0,11,19.997237
0.0,21,20.004004
0.0,18,20.009849
1.0,28,20.018991
1.0,15,20.024047
1.0,26,20.032404
0.0,22,20.039641
0.0,10,20.043137
1.0,13,20.047326
1.0,27,20.056253
0.0,17,20.06182
1.0,31,20.07204
0.0,9,20.074938
1.0,24,20.082709
1.0,27,20.091456
1.0,29,20.100818
1.0,11,20.104378
1.0,25,20.112423
1.0,26,20.120827
1.0,27,20.129558
0.0,6,20.131496
1.0,25,20.139811
1.0,25,20.147928
1.0,29,20.15733
1.0,11,20.160895
1.0,29,20.170343
1.0,25,20.178369
1.0,25,20.186396
1.0,11,20.189946
0.0,6,20.191911
1.0,26,20.200279
1.0,27,20.209016
1.0,12,20.212864
1.0,25,20.220946
1.0,33,20.231556
1.0,26,20.239885
1.0,12,20.243748
0.0,18,20.249568
0.0,19,20.255691
1.0,25,20.263747
1.0,12,20.267657
1.0,24,20.275399
1.0,23,20.282818
1.0,31,20.29285
0.0,4,20.294152
1.0,23,20.301579
1.0,29,20.310964
0.0,6,20.312915
1.0,11,20.316479
1.0,23,20.323937
0.0,8,20.32652
1.0,28,20.335519
1.0,11,20.339114
0.0,19,20.345276
1.0,25,20.353538
1.0,27,20.362593
1.0,12,20.366479
1.0,23,20.373915
1.0,29,20.383707
1.0,28,20.392707
1.0,11,20.396313
1.0,25,20.404375
0.0,17,20.409876
1.0,31,20.419868
1.0,11,20.423431
1.0,29,20.432757
1.0,28,20.441844
1.0,27,20.450595
1.0,11,20.454161
1.0,26,20.462562
1.0,27,20.471281
1.0,27,20.480037
1.0,12,20.483906
0.0,8,20.486553
1.0,27,20.495259
1.0,33,20.505943
1.0,13,20.510189
0.0,17,20.515652
1.0,25,20.523738
0.0,13,20.527937
1.0,14,20.532442
1.0,25,20.540916
1.0,23,20.548335
0.0,4,20.54964
1.0,15,20.554467
1.0,27,20.563128
1.0,30,20.572803
1.0,31,20.58278
1.0,15,20.587641
1.0,23,20.595108
1.0,29,20.604444
1.0,27,20.613178
0.0,6,20.615124
1.0,27,20.623868
1.0,32,20.634149
1.0,29,20.64349
1.0,11,20.647047
1.0,25,20.655114
0.0,14,20.659694
1.0,25,20.667835
1.0,11,20.67166
1.0,23,20.67916
1.0,29,20.688589
1.0,27,20.697535
0.0,8,20.700396
1.0,26,20.708719
1.0,27,20.717606
1.0,30,20.72748
0.0,9,20.73039
1.0,24,20.738191
0.0,10,20.74144
1.0,26,20.749838
1.0,13,20.754057
1.0,23,20.761491
1.0,27,20.770191
1.0,29,20.779583
1.0,11,20.783159
1.0,25,20.79125
1.0,28,20.800277
1.0,38,20.812564
0.0,11,20.816109
1.0,25,20.824178
1.0,26,20.832614
1.0,28,20.841594
1.0,11,20.845184
1.0,25,20.85328
1.0,25,20.86137
1.0,29,20.870767
1.0,11,20.87442
0.0,14,20.878979
1.0,25,20.887028
1.0,26,20.895461
0.0,7,20.897741
0.0,8,20.90034
1.0,26,20.908776
1.0,28,20.917807
1.0,11,20.921342
1.0,23,20.928784
1.0,29,20.938147
1.0,27,20.94685
1.0,13,20.951052
1.0,23,20.958458
1.0,27,20.967176
1.0,28,20.97623
0.0,8,20.978834
0.0,16,20.984022
1.0,29,20.993439
1.0,27,21.002481
0.0,7,21.004755
1.0,25,21.013219
1.0,23,21.020678
1.0,28,21.030028
1.0,12,21.033935
1.0,26,21.042463
1.0,33,21.053131
1.0,26,21.061557
1.0,11,21.065149
0.0,11,21.068746
0.0,19,21.074851
1.0,28,21.083839
1.0,11,21.087439
0.0,17,21.092924
1.0,33,21.103579
1.0,31,21.113587
1.0,11,21.117172
1.0,28,21.126226
1.0,27,21.134957
1.0,29,21.144388
1.0,13,21.148606
1.0,23,21.156278
1.0,32,21.166712
1.0,27,21.175408
1.0,14,21.179951
1.0,32,21.190365
0.0,6,21.192324
0.0,13,21.196509
1.0,11,21.200083
0.0,10,21.203339
1.0,25,21.211467
0.0,10,21.214703
1.0,13,21.218896
0.0,16,21.22407
1.0,25,21.232147
0.0,18,21.237913
1.0,11,21.241462
1.0,26,21.249871
1.0,23,21.2573
1.0,27,21.266104
0.0,4,21.267415
1.0,23,21.274891
1.0,25,21.282951
1.0,27,21.291652
1.0,12,21.29553
1.0,25,21.303613
0.0,17,21.309183
1.0,30,21.318907
1.0,11,21.322714
1.0,23,21.33011
1.0,27,21.339184
0.0,10,21.342454
1.0,13,21.34666
1.0,23,21.354401
0.0,18,21.360277
1.0,25,21.368403
1.0,11,21.371941
1.0,27,21.38078
1.0,31,21.390814
1.0,33,21.401431
1.0,13,21.405638
0.0,13,21.40985
0.0,18,21.415689
1.0,28,21.424819
1.0,11,21.428388
1.0,23,21.435803
1.0,27,21.444537
0.0,8,21.447222
1.0,11,21.450767
1.0,25,21.458882
1.0,23,21.466259
1.0,27,21.474956
0.0,4,21.476265
0.0,16,21.481446
1.0,23,21.488914
1.0,30,21.498592
0.0,6,21.500546
1.0,26,21.50887
1.0,25,21.516959
1.0,26,21.525399
1.0,12,21.529293
1.0,25,21.537406
0.0,12,21.541308
1.0,26,21.549668
0.0,2,21.550334
1.0,23,21.55774
0.0,18,21.563552
1.0,30,21.573247
1.0,11,21.576811
1.0,26,21.585171
1.0,27,21.593874
0.0,8,21.596455
1.0,11,21.600038
1.0,26,21.608475
1.0,28,21.617501
1.0,27,21.62626
1.0,13,21.630455
1.0,23,21.63791
1.0,26,21.646663
1.0,29,21.65606
1.0,11,21.659841
1.0,27,21.668563
1.0,27,21.677437
1.0,26,21.686116
1.0,13,21.690292
0.0,14,21.694869
1.0,27,21.703644
1.0,33,21.714358
1.0,11,21.717936
0.0,4,21.719357
1.0,23,21.726778
0.0,15,21.731618
1.0,11,21.735182
1.0,27,21.744092
0.0,20,21.750523
1.0,26,21.759248
1.0,15,21.764127
1.0,25,21.772192
1.0,32,21.782519
1.0,29,21.791896
1.0,13,21.796124
1.0,24,21.803903
0.0,4,21.805209
1.0,25,21.813309
1.0,11,21.816856
1.0,23,21.824338
1.0,32,21.834744
0.0,6,21.836689
1.0,12,21.84054
0.0,6,21.842498
1.0,25,21.850556
1.0,25,21.858628
1.0,13,21.862837
1.0,25,21.870992
1.0,26,21.879395
0.0,6,21.881366
1.0,15,21.886221
1.0,26,21.89463
1.0,23,21.902094
1.0,25,21.910231
1.0,11,21.913789
1.0,25,21.921901
1.0,25,21.930014
1.0,29,21.939404
1.0,12,21.943283
1.0,27,21.952075
1.0,23,21.959523
1.0,27,21.968257
1.0,11,21.971984
0.0,8,21.974578
1.0,23,21.982227
1.0,28,21.991452
0.0,6,21.993423
1.0,25,22.001639
1.0,23,22.009324
1.0,31,22.019405
1.0,14,22.024031
1.0,27,22.032758
1.0,27,22.041519
0.0,18,22.047306
1.0,11,22.050897
1.0,27,22.059701
1.0,25,22.067775
1.0,27,22.076519
1.0,11,22.080088
1.0,24,22.087893
0.0,8,22.090499
1.0,29,22.099911
1.0,11,22.103458
1.0,27,22.112217
1.0,23,22.119638
0.0,8,22.122248
1.0,11,22.125813
1.0,29,22.135325
0.0,21,22.142133
1.0,25,22.150245
1.0,13,22.154427
1.0,25,22.16253
1.0,25,22.17064
1.0,29,22.180075
1.0,12,22.183952
0.0,21,22.190694
1.0,25,22.198745
0.0,22,22.205871
1.0,11,22.209419
0.0,6,22.211401
1.0,30,22.221086
1.0,27,22.229824
1.0,11,22.23339
1.0,23,22.240791
0.0,7,22.243079
1.0,29,22.252437
1.0,14,22.256973
1.0,23,22.264415
1.0,29,22.273801
1.0,26,22.282236
1.0,13,22.286469
1.0,23,22.293909
1.0,24,22.301823
1.0,25,22.310225
1.0,15,22.315128
0.0,21,22.321868
1.0,23,22.329612
1.0,31,22.339854
0.0,8,22.342476
1.0,23,22.349985
1.0,25,22.358185
1.0,27,22.366963
1.0,11,22.370766
1.0,26,22.379294
1.0,25,22.387369
1.0,27,22.396087
1.0,11,22.399693
1.0,23,22.407177
1.0,27,22.415911
1.0,26,22.424309
1.0,11,22.427845
1.0,26,22.436208
1.0,26,22.4446
1.0,29,22.454019
1.0,15,22.458889
1.0,28,22.467873
0.0,16,22.473053
0.0,11,22.47664
1.0,11,22.480229
1.0,25,22.488419
0.0,9,22.491328
1.0,27,22.500012
1.0,11,22.503571
0.0,14,22.508108
1.0,27,22.516876
1.0,30,22.526578
1.0,11,22.530138
1.0,25,22.538193
1.0,27,22.546923
1.0,25,22.55501
0.0,6,22.556967
1.0,25,22.565044
1.0,27,22.573767
1.0,31,22.583752
1.0,12,22.587705
1.0,23,22.595121
0.0,14,22.59966
0.0,11,22.603238
1.0,13,22.60745
0.0,6,22.609421
1.0,29,22.618803
1.0,25,22.627087
1.0,13,22.631356
1.0,27,22.640499
1.0,23,22.64802
1.0,27,22.656866
1.0,11,22.660396
1.0,30,22.670175
1.0,29,22.679848
1.0,25,22.687935
1.0,12,22.69181
1.0,23,22.699279
1.0,24,22.707057
1.0,27,22.715759
1.0,13,22.719978
0.0,6,22.721897
1.0,26,22.730268
0.0,8,22.73287
1.0,11,22.736444
1.0,23,22.743928
1.0,28,22.752974
1.0,33,22.763615
0.0,2,22.764274
1.0,23,22.771703
0.0,14,22.776268
1.0,30,22.785948
1.0,11,22.789508
1.0,27,22.79823
1.0,25,22.806272
1.0,27,22.815059
1.0,13,22.819236
1.0,27,22.827945
1.0,26,22.83636
1.0,27,22.845068
0.0,7,22.847362
1.0,25,22.855471
1.0,24,22.863227
0.0,20,22.869675
1.0,15,22.874658
1.0,26,22.883127
1.0,28,22.89232
1.0,27,22.901057
1.0,12,22.904961
0.0,14,22.909438
0.0,14,22.913994
1.0,31,22.924085
1.0,11,22.92767
1.0,23,22.935095
1.0,25,22.943485
1.0,30,22.953415
1.0,11,22.957088
1.0,24,22.965146
0.0,21,22.972101
0.0,22,22.979301
1.0,11,22.98291
1.0,26,22.991864
0.0,23,22.999352
1.0,29,23.008785
1.0,11,23.012419
1.0,28,23.021546
1.0,23,23.028971
1.0,27,23.037699
1.0,11,23.041321
1.0,23,23.04875
1.0,28,23.057769
1.0,25,23.065861
1.0,11,23.069406
1.0,25,23.077501
1.0,27,23.086266
0.0,9,23.089176
1.0,15,23.094049
1.0,28,23.103054
0.0,16,23.108244
1.0,29,23.117609
1.0,12,23.12148
1.0,23,23.128931
1.0,27,23.137656
1.0,26,23.146151
0.0,6,23.148092
0.0,9,23.151017
0.0,17,23.15656
1.0,29,23.165945
1.0,12,23.169831
1.0,27,23.178567
1.0,23,23.186023
1.0,28,23.195082
1.0,14,23.19961
1.0,25,23.207749
1.0,25,23.215836
1.0,25,23.223951
1.0,12,23.227854
1.0,27,23.236574
1.0,23,23.244001
1.0,25,23.252098
0.0,6,23.254064
1.0,23,23.261472
1.0,23,23.268962
0.0,19,23.275376
1.0,15,23.280305
1.0,27,23.289456
0.0,4,23.290785
1.0,31,23.300957
1.0,11,23.304549
1.0,25,23.313026
1.0,23,23.320479
1.0,25,23.328562
1.0,11,23.332144
1.0,25,23.340268
1.0,23,23.347786
0.0,21,23.354552
1.0,12,23.35845
1.0,25,23.366535
1.0,25,23.37462
1.0,29,23.384014
1.0,14,23.388507
0.0,17,23.394022
1.0,28,23.403072
1.0,27,23.41177
1.0,11,23.415325
1.0,26,23.423758
0.0,18,23.429586
1.0,25,23.437687
1.0,11,23.441251
1.0,23,23.448737
1.0,25,23.456882
1.0,25,23.464958
1.0,11,23.468531
0.0,12,23.47242
1.0,25,23.480476
1.0,29,23.489896
0.0,7,23.492188
1.0,29,23.501603
0.0,10,23.504853
1.0,29,23.514228
1.0,11,23.517787
1.0,29,23.527135
1.0,27,23.535909
1.0,29,23.545526
1.0,11,23.549117
1.0,27,23.557854
1.0,24,23.5656
1.0,28,23.574637
1.0,11,23.57818
0.0,14,23.582716
0.0,16,23.587902
1.0,26,23.596301
1.0,13,23.600733
0.0,25,23.608884
1.0,28,23.618248
1.0,29,23.627661
0.0,9,23.630689
1.0,23,23.638434
1.0,25,23.646639
1.0,27,23.655431
1.0,13,23.65962
1.0,25,23.667759
1.0,26,23.676183
0.0,19,23.682311
0.0,6,23.684303
1.0,25,23.692422
1.0,23,23.699839
0.0,8,23.702408
1.0,14,23.706919
1.0,23,23.714345
1.0,27,23.723195
0.0,4,23.724504
1.0,11,23.728067
1.0,25,23.736135
1.0,25,23.744233
1.0,26,23.752581
1.0,11,23.756141
0.0,17,23.761697
1.0,28,23.770725
1.0,31,23.780743
0.0,4,23.78207
1.0,27,23.791418
1.0,23,23.799217
1.0,25,23.807307
1.0,13,23.811509
1.0,25,23.819751
1.0,25,23.827853
1.0,25,23.83599
1.0,13,23.840185
1.0,25,23.848306
0.0,17,23.853859
0.0,4,23.855161
1.0,13,23.859354
0.0,18,23.865166
1.0,28,23.874246
1.0,31,23.884286
1.0,11,23.887833
1.0,25,23.895934
1.0,24,23.903702
1.0,30,23.913408
0.0,6,23.915374
0.0,6,23.917309
1.0,23,23.924923
1.0,31,23.935134
1.0,11,23.938743
1.0,26,23.947201
1.0,29,23.95681
1.0,26,23.965362
1.0,12,23.96928
1.0,23,23.976729
0.0,14,23.98126
0.0,23,23.988851
1.0,11,23.992407
0.0,8,23.995023
1.0,24,24.002748
1.0,25,24.010861
1.0,12,24.014716
1.0,32,24.025091
1.0,31,24.035112
1.0,28,24.044163
1.0,11,24.047751
1.0,27,24.056495
1.0,34,24.067509
1.0,28,24.07655
1.0,11,24.08013
0.0,4,24.081405
1.0,23,24.08887
0.0,8,24.091442
0.0,4,24.092752
1.0,25,24.100825
1.0,24,24.108584
1.0,29,24.117949
1.0,13,24.122171
0.0,14,24.12674
1.0,29,24.136129
1.0,27,24.145186
1.0,13,24.149465
1.0,23,24.156946
1.0,23,24.164409
0.0,23,24.171846
1.0,11,24.175481
1.0,25,24.183556
1.0,27,24.192297
1.0,25,24.200375
1.0,12,24.204259
1.0,25,24.21243
1.0,25,24.220512
1.0,28,24.229532
1.0,13,24.233757
1.0,26,24.242208
1.0,28,24.251597
1.0,29,24.261079
1.0,11,24.26484
1.0,26,24.273295
1.0,23,24.280809
1.0,40,24.294116
1.0,13,24.298286
1.0,25,24.30639
1.0,30,24.316096
1.0,30,24.325892
1.0,12,24.329761
1.0,23,24.337259
0.0,19,24.343404
0.0,11,24.346961
1.0,13,24.351188
1.0,25,24.359303
1.0,23,24.366778
0.0,19,24.372933
1.0,11,24.376523
1.0,23,24.384008
1.0,23,24.391411
1.0,33,24.402135
1.0,13,24.406353
0.0,23,24.413798
1.0,27,24.422601
1.0,29,24.431976
1.0,11,24.435537
0.0,22,24.44272
1.0,25,24.450876
1.0,25,24.458948
1.0,12,24.462867
1.0,29,24.472224
1.0,25,24.480327
1.0,31,24.490447
1.0,15,24.495285
0.0,12,24.499162
1.0,24,24.506909
1.0,26,24.515383
1.0,11,24.518971
1.0,25,24.527186
0.0,17,24.532685
1.0,30,24.542355
1.0,15,24.547179
0.0,16,24.552386
1.0,25,24.560473
1.0,32,24.570795
1.0,11,24.574648
1.0,23,24.582105
1.0,23,24.589993
0.0,6,24.591993
1.0,11,24.595555
1.0,25,24.603749
1.0,25,24.611962
1.0,29,24.621521
1.0,17,24.627005
1.0,25,24.635245
1.0,27,24.644085
1.0,29,24.653517
1.0,11,24.657069
1.0,25,24.665252
1.0,23,24.672701
1.0,27,24.681439
1.0,13,24.68567
0.0,4,24.686972
1.0,25,24.695089
0.0,22,24.70216
1.0,11,24.705791
1.0,23,24.713253
1.0,23,24.720688
1.0,33,24.731363
0.0,9,24.73429
1.0,25,24.742509
0.0,17,24.748205
1.0,31,24.758222
1.0,15,24.763076
0.0,4,24.764378
1.0,27,24.773098
0.0,9,24.775994
1.0,11,24.77965
1.0,25,24.78771
1.0,25,24.795818
1.0,28,24.804898
1.0,12,24.808776
1.0,23,24.816198
1.0,24,24.82433
1.0,27,24.833013
1.0,11,24.836588
1.0,31,24.846936
1.0,28,24.856091
1.0,36,24.867683
1.0,15,24.872562
1.0,24,24.880395
1.0,25,24.888504
0.0,19,24.894713
1.0,11,24.898277
1.0,33,24.909178
0.0,16,24.914655
0.0,13,24.918879
0.0,4,24.920185
0.0,16,24.925357
1.0,29,24.935165
1.0,29,24.944659
1.0,12,24.94856
0.0,6,24.950492
1.0,30,24.960255
1.0,32,24.970743
1.0,15,24.97569
1.0,23,24.98312
1.0,25,24.991268
1.0,25,24.999349
1.0,12,25.003235
0.0,8,25.005925
1.0,29,25.015278
1.0,27,25.023972
1.0,13,25.028184
0.0,12,25.032038
1.0,23,25.039474
1.0,25,25.047573
1.0,11,25.051159
1.0,27,25.059892
1.0,25,25.067955
0.0,17,25.073515
1.0,13,25.077708
1.0,28,25.086865
1.0,26,25.095215
1.0,25,25.103297
1.0,13,25.107527
1.0,25,25.115645
1.0,27,25.124405
1.0,28,25.133411
0.0,6,25.135367
1.0,23,25.142796
1.0,27,25.151516
1.0,30,25.161293
1.0,15,25.16613
0.0,14,25.170655
1.0,30,25.180469
1.0,31,25.190508
1.0,11,25.194057
1.0,24,25.201818
1.0,25,25.209915
1.0,39,25.222517
1.0,12,25.226713
1.0,23,25.234149
1.0,28,25.243562
1.0,28,25.252675
1.0,12,25.256637
1.0,26,25.265116
1.0,23,25.272618
1.0,30,25.282686
1.0,13,25.286923
0.0,10,25.290168
0.0,16,25.295376
1.0,34,25.306348
1.0,15,25.311233
1.0,23,25.318669
1.0,23,25.326108
1.0,27,25.334855
1.0,11,25.338396
1.0,27,25.347281
1.0,25,25.355607
0.0,11,25.359196
1.0,11,25.362745
1.0,29,25.372121
1.0,27,25.380941
1.0,27,25.389675
1.0,14,25.394215
1.0,32,25.404574
1.0,23,25.411967
1.0,34,25.422955
1.0,11,25.426527
1.0,28,25.435622
1.0,25,25.443711
1.0,25,25.451898
0.0,2,25.452563
1.0,25,25.460686
0.0,4,25.46199
0.0,13,25.466207
1.0,12,25.47006
1.0,23,25.477492
0.0,14,25.482023
1.0,27,25.490762
1.0,14,25.495297
1.0,23,25.502743
1.0,24,25.510486
1.0,25,25.518588
1.0,13,25.522807
1.0,25,25.530923
1.0,25,25.539017
1.0,31,25.549073
0.0,2,25.549724
1.0,29,25.559397
1.0,25,25.567772
1.0,25,25.575985
1.0,11,25.579557
1.0,23,25.587302
1.0,23,25.594831
0.0,15,25.5997
1.0,11,25.603259
1.0,27,25.612075
0.0,6,25.614028
1.0,31,25.624074
1.0,13,25.628299
1.0,26,25.636774
1.0,27,25.645529
1.0,33,25.656249
1.0,11,25.659842
1.0,27,25.668527
1.0,27,25.677281
1.0,28,25.686382
1.0,13,25.690588
1.0,24,25.698382
0.0,4,25.699696
0.0,7,25.70197
1.0,15,25.706859
1.0,26,25.715239
0.0,4,25.716549
1.0,28,25.725704
1.0,11,25.72934
1.0,24,25.737089
1.0,28,25.746093
1.0,29,25.755465
1.0,16,25.760574
1.0,24,25.768342
1.0,24,25.776094
0.0,20,25.782516
1.0,12,25.786403
1.0,28,25.795432
1.0,28,25.804515
1.0,27,25.813249
0.0,8,25.81585
1.0,23,25.823277
1.0,25,25.83135
1.0,27,25.840081
1.0,13,25.844303
1.0,25,25.852386
1.0,23,25.859808
1.0,31,25.870014
1.0,11,25.873589
1.0,26,25.882285
1.0,26,25.891008
1.0,27,25.899745
0.0,7,25.902038
1.0,26,25.910632
1.0,24,25.918454
1.0,25,25.926637
1.0,11,25.930213
1.0,24,25.937928
1.0,29,25.947577
1.0,25,25.955831
1.0,11,25.95941
1.0,23,25.966863
1.0,25,25.974956
1.0,26,25.983398
1.0,11,25.986979
1.0,23,25.99448
1.0,27,26.003203
1.0,25,26.011271
0.0,9,26.014198
1.0,25,26.022337
1.0,23,26.029868
1.0,29,26.039233
1.0,11,26.0428
1.0,23,26.050268
0.0,19,26.056402
1.0,32,26.066735
1.0,13,26.07094
1.0,29,26.080321
1.0,30,26.090057
1.0,25,26.09817
1.0,13,26.102398
1.0,23,26.109823
0.0,21,26.116627
1.0,29,26.126034
1.0,13,26.130259
1.0,32,26.140644
1.0,25,26.148812
1.0,29,26.158225
1.0,11,26.161841
1.0,23,26.169309
1.0,25,26.177493
0.0,11,26.181056
1.0,11,26.184658
1.0,25,26.192756
1.0,34,26.203993
1.0,25,26.212069
0.0,6,26.214445
1.0,23,26.22197
1.0,31,26.232048
1.0,26,26.240735
1.0,11,26.244394
0.0,14,26.248948
1.0,24,26.256859
1.0,38,26.269157
1.0,12,26.273003
1.0,23,26.280464
1.0,30,26.290182
1.0,29,26.299552
1.0,13,26.303747
1.0,24,26.311545
1.0,25,26.319614
0.0,4,26.320924
0.0,4,26.322233
1.0,27,26.330994
1.0,25,26.339144
1.0,25,26.347235
1.0,13,26.351414
1.0,23,26.35884
0.0,23,26.36636
1.0,25,26.374456
0.0,2,26.375125
0.0,14,26.379787
0.0,12,26.38365
1.0,29,26.393013
1.0,11,26.396588
0.0,6,26.398548
0.0,17,26.404062
1.0,29,26.413423
1.0,11,26.417007
0.0,16,26.422203
1.0,31,26.432194
1.0,25,26.440276
1.0,12,26.444153
1.0,23,26.451691
0.0,10,26.454925
1.0,30,26.464614
0.0,2,26.465274
1.0,23,26.472736
1.0,23,26.480199
0.0,6,26.482156
1.0,11,26.485708
1.0,23,26.493213
1.0,23,26.50064
1.0,28,26.509684
1.0,12,26.51355
1.0,29,26.52297
1.0,26,26.531571
1.0,26,26.540254
1.0,12,26.544231
1.0,27,26.552951
1.0,25,26.561405
1.0,32,26.571846
1.0,13,26.576041
1.0,23,26.583529
1.0,25,26.59168
0.0,4,26.593005
1.0,11,26.596614
1.0,25,26.604722
1.0,31,26.614766
0.0,15,26.619639
1.0,13,26.62383
1.0,26,26.632374
1.0,23,26.639849
1.0,31,26.649847
1.0,13,26.654125
1.0,25,26.66233
1.0,29,26.671985
1.0,29,26.681472
0.0,9,26.684438
1.0,27,26.693227
1.0,25,26.701456
1.0,30,26.71129
1.0,15,26.716174
0.0,6,26.718143
1.0,25,26.727028
1.0,25,26.735316
1.0,11,26.738869
1.0,26,26.747282
1.0,26,26.755693
0.0,6,26.757659
1.0,11,26.761221
1.0,27,26.769919
0.0,14,26.774437
1.0,29,26.783822
1.0,12,26.787704
1.0,25,26.795815
1.0,29,26.805186
0.0,13,26.8094
1.0,11,26.812954
1.0,27,26.821744
1.0,28,26.830911
1.0,33,26.84154
1.0,13,26.845742
1.0,27,26.854707
1.0,27,26.863473
0.0,4,26.864797
1.0,13,26.86932
1.0,25,26.877483
1.0,23,26.885042
1.0,26,26.893696
1.0,11,26.897348
1.0,23,26.904831
1.0,26,26.91326
1.0,33,26.923918
0.0,7,26.926284
1.0,23,26.933759
0.0,10,26.937003
1.0,30,26.946636
1.0,17,26.952133
1.0,25,26.960236
1.0,27,26.969033
1.0,28,26.978072
1.0,11,26.981627
1.0,26,26.990122
1.0,29,26.999485
0.0,20,27.005937
1.0,11,27.009541
1.0,25,27.017645
1.0,23,27.025102
0.0,8,27.027696
0.0,15,27.032531
1.0,29,27.041937
1.0,29,27.051293
1.0,29,27.060619
1.0,14,27.065122
1.0,26,27.073609
1.0,25,27.081712
1.0,25,27.089864
1.0,11,27.093443
1.0,33,27.104107
0.0,28,27.113133
1.0,27,27.121877
1.0,13,27.126127
1.0,25,27.134219
1.0,27,27.142985
1.0,33,27.154043
1.0,12,27.157914
0.0,11,27.161489
1.0,23,27.168997
1.0,27,27.177704
1.0,14,27.182436
1.0,25,27.190632
1.0,23,27.19804
1.0,33,27.209055
1.0,11,27.212602
1.0,25,27.220961
1.0,28,27.230188
1.0,30,27.239926
0.0,7,27.242206
1.0,25,27.250283
1.0,28,27.259346
1.0,33,27.27003
1.0,11,27.273602
1.0,25,27.281731
1.0,35,27.293037
1.0,31,27.303087
1.0,13,27.307282
1.0,24,27.315109
0.0,14,27.319641
1.0,25,27.327765
1.0,11,27.331327
1.0,25,27.339463
1.0,23,27.346922
0.0,17,27.352448
1.0,18,27.358262
0.0,14,27.362823
1.0,27,27.371543
1.0,27,27.3804
1.0,11,27.38396
1.0,25,27.392111
1.0,23,27.399542
0.0,10,27.402797
1.0,15,27.407603
1.0,25,27.415704
1.0,27,27.424454
1.0,27,27.433352
0.0,4,27.434669
0.0,6,27.436625
0.0,19,27.442801
1.0,33,27.453506
1.0,13,27.457762
1.0,23,27.465284
1.0,23,27.472728
1.0,28,27.481786
1.0,14,27.486318
1.0,26,27.494758
1.0,29,27.504158
1.0,31,27.514299
1.0,13,27.518908
1.0,25,27.527044
0.0,18,27.532923
1.0,27,27.541868
1.0,11,27.545564
0.0,14,27.550071
1.0,25,27.558179
1.0,28,27.567207
1.0,11,27.57079
1.0,29,27.580198
1.0,33,27.590939
1.0,27,27.599711
0.0,7,27.602011
0.0,18,27.607858
1.0,27,27.616626
1.0,31,27.626589
1.0,13,27.630865
1.0,25,27.638957
1.0,23,27.646498
0.0,20,27.652991
1.0,15,27.657851
1.0,25,27.665912
1.0,25,27.674023
1.0,32,27.68438
1.0,11,27.687951
1.0,25,27.696054
1.0,23,27.703493
1.0,32,27.713849
1.0,11,27.717435
1.0,27,27.726195
0.0,20,27.732703
1.0,29,27.742082
1.0,13,27.746551
1.0,23,27.75406
1.0,27,27.762812
1.0,27,27.771563
1.0,12,27.775464
1.0,30,27.785205
0.0,16,27.790398
1.0,28,27.799442
1.0,15,27.80432
0.0,8,27.806908
1.0,29,27.816278
0.0,10,27.819529
1.0,11,27.823111
1.0,27,27.832153
1.0,25,27.840235
1.0,30,27.850141
1.0,11,27.853827
1.0,27,27.862744
1.0,25,27.870852
1.0,30,27.880831
1.0,11,27.884405
0.0,19,27.890572
1.0,29,27.899924
1.0,25,27.908023
1.0,11,27.911589
1.0,26,27.919994
1.0,23,27.927456
1.0,27,27.936183
0.0,6,27.938153
0.0,21,27.944914
1.0,25,27.953002
0.0,9,27.955951
0.0,8,27.95857
1.0,23,27.966036
1.0,29,27.97568
1.0,31,27.985686
1.0,11,27.989904
0.0,10,27.993156
1.0,24,28.000926
1.0,31,28.010949
1.0,11,28.014538
1.0,31,28.024555
0.0,11,28.028145
1.0,27,28.036918
1.0,12,28.0408
1.0,24,28.048696
1.0,30,28.058431
0.0,17,28.063915
1.0,11,28.067489
1.0,25,28.075597
1.0,27,28.084336
1.0,28,28.093367
1.0,11,28.096933
1.0,23,28.104425
0.0,14,28.109016
1.0,29,28.118392
1.0,11,28.12198
1.0,33,28.132646
1.0,25,28.140841
1.0,25,28.149016
1.0,12,28.152932
1.0,27,28.161957
1.0,23,28.16971
1.0,25,28.178017
1.0,11,28.18161
1.0,27,28.190746
1.0,23,28.198254
0.0,12,28.202176
1.0,17,28.207675
1.0,30,28.217569
1.0,23,28.225083
1.0,25,28.233186
1.0,18,28.238991
1.0,27,28.247735
1.0,30,28.257456
1.0,27,28.266198
1.0,11,28.269778
1.0,25,28.277894
1.0,25,28.285974
1.0,27,28.294704
1.0,14,28.299257
0.0,8,28.301849
0.0,18,28.307675
1.0,31,28.317683
1.0,12,28.32154
1.0,23,28.329018
1.0,27,28.338367
1.0,25,28.346857
1.0,13,28.35119
1.0,25,28.359433
1.0,23,28.367019
0.0,20,28.373622
1.0,12,28.37755
0.0,19,28.383825
1.0,25,28.391952
1.0,32,28.402248
1.0,11,28.405806
0.0,6,28.407822
1.0,23,28.415268
1.0,27,28.424023
0.0,7,28.426307
1.0,24,28.43408
1.0,27,28.442806
1.0,32,28.453259
1.0,12,28.457165
1.0,27,28.465929
1.0,23,28.473377
0.0,33,28.484113
1.0,12,28.488252
1.0,26,28.496804
1.0,29,28.506459
1.0,29,28.515947
1.0,11,28.519552
1.0,25,28.527948
0.0,12,28.531937
1.0,25,28.5401
1.0,11,28.5437
1.0,27,28.552551
1.0,26,28.561023
1.0,25,28.569095
1.0,11,28.572666
1.0,25,28.580781
1.0,23,28.588243
1.0,30,28.598011
0.0,13,28.602224
1.0,23,28.609735
1.0,23,28.617206
1.0,25,28.625324
0.0,12,28.62921
0.0,4,28.630529
1.0,25,28.638637
0.0,11,28.64222
0.0,7,28.644506
1.0,27,28.653251
1.0,24,28.661033
0.0,20,28.6675
0.0,7,28.669784
1.0,25,28.677942
1.0,23,28.685391
1.0,27,28.694202
1.0,14,28.698735
1.0,23,28.706215
1.0,27,28.714966
0.0,10,28.718207
0.0,6,28.720167
1.0,23,28.727641
1.0,23,28.735119
0.0,15,28.739993
1.0,13,28.744214
1.0,23,28.751737
1.0,25,28.759838
1.0,29,28.769222
1.0,12,28.773117
0.0,15,28.778001
1.0,23,28.785448
1.0,29,28.794886
1.0,17,28.800383
0.0,16,28.805594
1.0,26,28.814252
0.0,9,28.817173
1.0,12,28.821142
1.0,25,28.829546
1.0,25,28.837715
0.0,15,28.842647
1.0,11,28.846396
1.0,25,28.854631
1.0,31,28.864879
1.0,31,28.875009
1.0,11,28.878665
0.0,21,28.885468
1.0,25,28.8936
1.0,25,28.901736
0.0,9,28.904699
1.0,23,28.91213
1.0,25,28.920213
1.0,31,28.930392
1.0,11,28.933985
1.0,27,28.942802
1.0,25,28.951192
1.0,30,28.960935
0.0,6,28.962889
0.0,11,28.966438
1.0,32,28.976817
1.0,27,28.985576
1.0,11,28.98921
1.0,23,28.996652
1.0,25,29.004824
1.0,28,29.013873
1.0,13,29.018136
1.0,26,29.026522
1.0,27,29.035336
1.0,25,29.043401
0.0,4,29.044709
1.0,27,29.05351
1.0,25,29.061583
0.0,6,29.063513
1.0,11,29.067081
0.0,19,29.073235
1.0,23,29.080686
1.0,25,29.088834
1.0,12,29.092718
1.0,25,29.100823
1.0,25,29.108876
0.0,21,29.115659
1.0,11,29.119234
0.0,17,29.124726
1.0,24,29.132515
1.0,25,29.14079
1.0,13,29.14501
0.0,25,29.153424
1.0,32,29.163897
1.0,25,29.172305
1.0,11,29.175863
1.0,24,29.183733
1.0,27,29.19247
1.0,32,29.202884
1.0,16,29.208089
1.0,23,29.215559
1.0,25,29.223826
0.0,8,29.226428
1.0,11,29.22999
0.0,4,29.231291
1.0,25,29.239392
1.0,30,29.24911
1.0,13,29.253309
1.0,25,29.261382
1.0,25,29.26948
1.0,30,29.279169
1.0,15,29.284002
0.0,9,29.286909
1.0,30,29.29657
1.0,30,29.306297
1.0,13,29.3105
1.0,24,29.318311
0.0,17,29.323807
1.0,29,29.333185
1.0,13,29.33739
1.0,23,29.344865
0.0,18,29.350708
0.0,9,29.353668
1.0,12,29.357523
1.0,27,29.366245
1.0,27,29.374966
0.0,13,29.379251
1.0,15,29.384069
0.0,23,29.391556
1.0,25,29.399623
1.0,27,29.408343
1.0,11,29.411913
1.0,26,29.4203
1.0,23,29.427735
1.0,27,29.436516
1.0,11,29.440097
1.0,27,29.448895
1.0,27,29.457617
0.0,11,29.461214
1.0,11,29.464988
0.0,16,29.470267
1.0,26,29.479066
1.0,29,29.488517
1.0,12,29.492449
0.0,17,29.498235
1.0,23,29.505809
1.0,25,29.513905
1.0,16,29.519095
1.0,23,29.526551
0.0,8,29.529193
0.0,15,29.534032
1.0,13,29.538242
1.0,23,29.545713
1.0,27,29.554773
1.0,28,29.563854
1.0,11,29.567404
0.0,14,29.571962
1.0,23,29.579439
1.0,27,29.588204
1.0,19,29.594289
1.0,25,29.602379
1.0,25,29.610471
1.0,30,29.620171
0.0,7,29.622444
1.0,31,29.632429
1.0,30,29.64216
0.0,17,29.647708
0.0,9,29.650654
1.0,23,29.658121
1.0,27,29.666844
0.0,9,29.669762
1.0,11,29.673346
1.0,27,29.682043
1.0,26,29.690463
1.0,25,29.698574
1.0,13,29.702808
1.0,28,29.711905
1.0,24,29.719676
0.0,4,29.72099
1.0,13,29.725215
1.0,25,29.733328
1.0,30,29.743061
1.0,33,29.753688
1.0,13,29.757909
1.0,23,29.765325
1.0,26,29.773704
0.0,21,29.780496
1.0,11,29.784048
1.0,29,29.793621
1.0,28,29.802977
1.0,27,29.811788
1.0,12,29.815804
0.0,4,29.817114
1.0,26,29.825865
1.0,27,29.834648
1.0,14,29.839212
1.0,27,29.848279
1.0,23,29.855759
1.0,30,29.86543
1.0,17,29.870925
1.0,23,29.8784
1.0,24,29.886226
1.0,30,29.895905
1.0,12,29.899767
1.0,27,29.908486
0.0,16,29.913682
1.0,27,29.922463
1.0,14,29.927
1.0,23,29.934443
1.0,27,29.943204
1.0,27,29.951976
1.0,11,29.955522
1.0,27,29.964262
1.0,23,29.971715
0.0,9,29.974741
1.0,12,29.978681
1.0,23,29.986153
1.0,27,29.99498
1.0,29,30.004406
1.0,11,30.007962
0.0,6,30.009905
0.0,6,30.011927
1.0,25,30.019984
1.0,11,30.023554
1.0,25,30.03163
0.0,6,30.033625
0.0,11,30.0372
1.0,11,30.040773
1.0,23,30.048219
1.0,27,30.056942
0.0,8,30.05954
1.0,13,30.063742
1.0,30,30.073406
1.0,25,30.081494
1.0,27,30.09028
1.0,11,30.093853
1.0,27,30.102583
1.0,24,30.110348
1.0,32,30.120935
1.0,11,30.124757
1.0,25,30.13291
1.0,29,30.142357
1.0,29,30.151836
1.0,11,30.155426
1.0,31,30.165708
1.0,30,30.175463
1.0,28,30.184563
1.0,13,30.188871
1.0,25,30.196938
1.0,27,30.205682
1.0,25,30.213778
1.0,11,30.217352
1.0,27,30.226258
1.0,25,30.23436
1.0,29,30.243707
1.0,14,30.248242
1.0,23,30.255674
1.0,28,30.264778
1.0,25,30.272852
1.0,12,30.276746
1.0,26,30.28514
1.0,32,30.295472
1.0,31,30.305512
1.0,16,30.310651
1.0,25,30.31874
0.0,14,30.323283
1.0,31,30.333301
0.0,6,30.335263
1.0,23,30.342823
1.0,27,30.35155
1.0,25,30.35962
1.0,11,30.36317
1.0,25,30.371265
1.0,25,30.379492
0.0,20,30.385946
1.0,11,30.38957
0.0,12,30.393474
1.0,27,30.40262
1.0,29,30.412062
1.0,11,30.415648
1.0,28,30.424753
1.0,23,30.432303
1.0,25,30.440635
1.0,11,30.444261
0.0,13,30.448531
1.0,24,30.456729
1.0,28,30.465841
0.0,6,30.467853
1.0,23,30.475319
0.0,8,30.478143
1.0,30,30.488013
0.0,4,30.489398
1.0,29,30.498814
0.0,14,30.503362
1.0,31,30.513418
1.0,11,30.517003
1.0,28,30.526133
0.0,6,30.528096
1.0,28,30.537279
0.0,7,30.53957
0.0,12,30.543503
1.0,31,30.553532
1.0,29,30.562935
1.0,13,30.567185
1.0,23,30.574618
1.0,25,30.582695
1.0,25,30.59083
1.0,11,30.594402
1.0,24,30.602219
1.0,31,30.612225
1.0,31,30.622301
1.0,11,30.625889
1.0,25,30.634002
1.0,24,30.641814
1.0,34,30.652844
0.0,6,30.654814
1.0,25,30.662946
1.0,23,30.670445
1.0,26,30.678897
1.0,11,30.682469
1.0,27,30.691231
0.0,8,30.693833
1.0,25,30.701923
1.0,11,30.705497
1.0,27,30.71426
1.0,24,30.722042
1.0,25,30.730209
1.0,15,30.735042
1.0,26,30.743462
0.0,16,30.748667
1.0,27,30.757411
0.0,7,30.759708
1.0,26,30.768274
1.0,27,30.777348
1.0,30,30.787062
1.0,11,30.790643
1.0,25,30.79904
1.0,27,30.807954
1.0,27,30.816769
1.0,11,30.820371
1.0,24,30.8282
1.0,25,30.836317
0.0,6,30.838276
1.0,11,30.841844
0.0,10,30.845077
1.0,23,30.852558
1.0,29,30.861948
1.0,11,30.865553
1.0,23,30.873014
1.0,29,30.882517
1.0,27,30.891323
1.0,11,30.894883
1.0,25,30.903011
1.0,23,30.910448
1.0,29,30.919854
1.0,13,30.924051
1.0,27,30.932775
1.0,28,30.941855
1.0,26,30.950256
1.0,11,30.953818
0.0,6,30.955776
1.0,23,30.963238
1.0,29,30.972572
1.0,13,30.976778
1.0,28,30.985886
1.0,27,30.994686
0.0,18,31.000687
1.0,15,31.005671
1.0,27,31.014403
1.0,23,31.021881
1.0,27,31.030614
1.0,11,31.034182
1.0,25,31.042317
0.0,8,31.044925
1.0,31,31.05502
1.0,13,31.059249
1.0,23,31.066761
1.0,26,31.075219
1.0,25,31.083335
1.0,13,31.087566
1.0,29,31.097107
1.0,29,31.106941
1.0,28,31.115967
1.0,14,31.120608
1.0,23,31.128243
0.0,18,31.134231
1.0,25,31.142374
1.0,11,31.145927
1.0,27,31.154709
1.0,25,31.162809
1.0,27,31.171564
1.0,13,31.17579
1.0,25,31.183879
1.0,27,31.192584
1.0,27,31.201289
1.0,13,31.205511
1.0,23,31.212955
1.0,23,31.220545
1.0,29,31.229921
1.0,11,31.233483
1.0,25,31.241565
0.0,12,31.245527
1.0,31,31.25554
1.0,11,31.259089
1.0,29,31.268452
1.0,26,31.276855
1.0,29,31.286282
1.0,15,31.291125
1.0,25,31.299189
0.0,17,31.304694
1.0,38,31.316989
1.0,11,31.320608
0.0,14,31.325136
1.0,29,31.334524
1.0,27,31.343306
1.0,11,31.346885
1.0,25,31.354968
1.0,23,31.362419
1.0,31,31.372447
1.0,11,31.376022
1.0,23,31.383504
1.0,23,31.390948
1.0,35,31.402348
1.0,12,31.406212
0.0,14,31.410758
1.0,25,31.419062
1.0,28,31.428342
1.0,15,31.433229
1.0,33,31.443889
1.0,24,31.451738
1.0,30,31.46147
1.0,17,31.467228
1.0,30,31.477072
1.0,23,31.484522
1.0,27,31.493326
1.0,11,31.496906
1.0,28,31.505922
1.0,23,31.513398
0.0,14,31.51792
1.0,13,31.522134
0.0,8,31.524714
1.0,24,31.532486
0.0,13,31.536695
1.0,11,31.540258
1.0,28,31.549286
1.0,25,31.557367
1.0,27,31.56614
1.0,11,31.569714
1.0,28,31.578744
1.0,26,31.587176
1.0,27,31.59588
1.0,11,31.599457
1.0,25,31.607901
0.0,22,31.615079
1.0,27,31.623817
1.0,13,31.628049
1.0,34,31.63902
1.0,23,31.646469
1.0,27,31.655308
1.0,11,31.65889
0.0,14,31.663407
0.0,6,31.66536
0.0,8,31.66796
1.0,14,31.672499
1.0,25,31.680597
1.0,27,31.689365
1.0,32,31.69974
1.0,11,31.703314
0.0,13,31.707523
1.0,27,31.716297
1.0,29,31.725802
0.0,10,31.729068
1.0,26,31.737525
1.0,27,31.746489
1.0,28,31.755611
1.0,14,31.760355
0.0,8,31.763001
1.0,24,31.770972
1.0,25,31.779128
1.0,12,31.783189
1.0,25,31.791445
1.0,29,31.800882
1.0,29,31.810274
1.0,11,31.81389
1.0,29,31.823277
1.0,28,31.832398
1.0,29,31.841809
1.0,13,31.846037
0.0,19,31.852226
1.0,25,31.860402
0.0,22,31.867495
1.0,11,31.871078
1.0,23,31.878519
1.0,24,31.886317
1.0,29,31.895678
1.0,13,31.899902
1.0,26,31.908271
0.0,20,31.914758
0.0,6,31.916723
1.0,11,31.920247
0.0,13,31.924518
1.0,23,31.932105
0.0,11,31.935686
1.0,12,31.939566
1.0,23,31.947079
1.0,27,31.955827
1.0,27,31.964619
1.0,11,31.968198
1.0,25,31.976276
1.0,23,31.98374
1.0,28,31.992893
1.0,13,31.997098
1.0,23,32.004582
1.0,24,32.012355
0.0,15,32.017229
1.0,11,32.020809
1.0,27,32.029596
0.0,6,32.031559
1.0,27,32.040441
1.0,11,32.044026
0.0,13,32.048249
1.0,28,32.057312
1.0,31,32.067544
1.0,12,32.071486
1.0,30,32.081493
0.0,14,32.08608
0.0,24,32.09382
1.0,11,32.097443
0.0,4,32.098769
1.0,23,32.106532
0.0,10,32.109804
1.0,11,32.11345
1.0,28,32.122518
1.0,29,32.131882
1.0,26,32.14049
1.0,12,32.144417
1.0,23,32.152081
1.0,26,32.160547
1.0,29,32.16992
1.0,11,32.173499
1.0,23,32.180966
1.0,25,32.189109
1.0,25,32.197209
1.0,11,32.200813
1.0,28,32.210211
0.0,4,32.211522
1.0,27,32.220291
1.0,11,32.224014
1.0,27,32.232827
0.0,14,32.237381
1.0,31,32.247411
1.0,16,32.252577
1.0,23,32.260041
0.0,27,32.268791
1.0,29,32.278158
1.0,14,32.282673
1.0,24,32.290442
1.0,26,32.29886
0.0,14,32.303392
1.0,11,32.306965
1.0,23,32.314399
0.0,4,32.315719
1.0,27,32.324442
1.0,12,32.328336
1.0,26,32.336762
1.0,23,32.344254
1.0,38,32.356526
1.0,11,32.360103
1.0,25,32.368175
1.0,24,32.375945
1.0,29,32.385389
1.0,11,32.388967
1.0,23,32.396716
