# {"t_start": 1642144090.6194093, "env_id": "Office-v0"} 
r,l,t
0.0,50,0.022836
0.0,21,0.032468
0.0,129,0.090891
0.0,25,0.102257
0.0,130,0.161241
0.0,86,0.20406
0.0,110,0.253158
0.0,63,0.28115
0.0,80,0.316711
0.0,141,0.380558
0.0,136,0.44238
0.0,86,0.482162
1.0,439,0.683777
0.0,271,0.80827
0.0,236,0.916008
0.0,311,1.053013
0.0,270,1.173028
0.0,359,1.332851
0.0,63,1.361188
0.0,178,1.441448
0.0,256,1.554238
0.0,172,1.630576
0.0,176,1.708981
0.0,218,1.806258
0.0,350,1.963479
0.0,264,2.080759
0.0,399,2.257945
0.0,407,2.437405
0.0,47,2.458076
0.0,523,2.688941
0.0,17,2.696572
0.0,541,2.934238
0.0,49,2.955863
1.0,746,3.285922
0.0,1000,3.726429
0.0,647,4.012261
0.0,680,4.316242
1.0,773,4.660808
0.0,90,4.7008
0.0,265,4.818957
0.0,63,4.846828
0.0,253,4.960034
0.0,377,5.128345
0.0,1000,5.571496
1.0,339,5.721694
0.0,88,5.760931
0.0,106,5.808012
0.0,77,5.842118
0.0,601,6.109171
0.0,88,6.148031
0.0,306,6.284818
0.0,327,6.429799
0.0,222,6.528682
0.0,118,6.58129
0.0,348,6.736442
0.0,116,6.788089
0.0,342,6.941237
0.0,33,6.955922
0.0,1000,7.400873
0.0,253,7.514092
0.0,1000,7.95874
0.0,318,8.100637
0.0,16,8.108046
0.0,207,8.199998
0.0,248,8.310528
0.0,317,8.451946
0.0,543,8.694393
0.0,935,9.110887
1.0,220,9.209252
1.0,777,9.556228
0.0,1000,10.001233
0.0,114,10.052551
1.0,70,10.084689
0.0,321,10.231175
1.0,232,10.33461
0.0,99,10.37881
0.0,3,10.380145
0.0,497,10.601779
0.0,78,10.636546
0.0,663,10.932153
1.0,138,10.993792
0.0,428,11.183694
0.0,110,11.232761
1.0,619,11.509366
1.0,80,11.545252
1.0,844,11.920253
1.0,883,12.315034
0.0,52,12.33821
1.0,125,12.39393
0.0,457,12.598121
1.0,697,12.907288
0.0,64,12.936208
0.0,42,12.954999
0.0,101,12.999916
0.0,1000,13.446801
0.0,260,13.562928
1.0,41,13.581252
0.0,361,13.742653
1.0,558,13.989741
1.0,305,14.125973
1.0,80,14.161924
0.0,109,14.210665
0.0,164,14.284287
1.0,106,14.331846
1.0,133,14.39135
1.0,86,14.430484
0.0,122,14.484802
0.0,41,14.503114
1.0,162,14.575336
0.0,532,14.81231
1.0,102,14.857526
1.0,146,14.922575
1.0,31,14.936715
1.0,349,15.092381
1.0,310,15.230851
0.0,162,15.302837
0.0,43,15.321862
0.0,53,15.345344
1.0,393,15.519809
1.0,89,15.559931
0.0,9,15.563944
0.0,181,15.644942
1.0,92,15.68599
0.0,30,15.699295
1.0,89,15.738723
1.0,241,15.846145
1.0,187,15.928991
0.0,266,16.048339
1.0,67,16.078437
0.0,664,16.373808
1.0,882,16.767557
1.0,77,16.802158
1.0,42,16.820849
1.0,384,16.992043
0.0,189,17.076693
0.0,61,17.104075
1.0,20,17.112983
0.0,161,17.185232
1.0,63,17.21306
1.0,110,17.262308
1.0,18,17.270351
1.0,276,17.39359
1.0,497,17.614004
1.0,75,17.647469
1.0,18,17.655472
1.0,578,17.913917
1.0,69,17.944923
1.0,89,17.984663
1.0,19,17.993008
1.0,218,18.090351
1.0,444,18.287819
1.0,74,18.32093
0.0,5,18.323189
0.0,133,18.382236
1.0,220,18.479901
1.0,71,18.51171
1.0,18,18.519737
1.0,212,18.614558
1.0,196,18.701437
1.0,81,18.737465
1.0,20,18.746321
0.0,5,18.748546
0.0,275,18.871239
1.0,69,18.902222
1.0,22,18.911984
1.0,179,18.991969
1.0,278,19.115873
1.0,77,19.150677
1.0,22,19.160527
0.0,126,19.216748
0.0,94,19.258751
1.0,75,19.292525
1.0,18,19.300576
1.0,146,19.365292
1.0,416,19.550418
1.0,75,19.584009
1.0,20,19.592865
1.0,103,19.63874
1.0,282,19.764417
1.0,255,19.878294
1.0,18,19.886301
0.0,31,19.900166
0.0,5,19.902415
1.0,76,19.936237
1.0,22,19.946042
1.0,131,20.004268
0.0,69,20.03483
1.0,82,20.071887
1.0,22,20.081637
0.0,93,20.123002
0.0,387,20.295232
1.0,71,20.327006
1.0,20,20.335796
0.0,118,20.388068
1.0,285,20.514897
1.0,78,20.549746
1.0,20,20.558676
1.0,90,20.59887
0.0,117,20.650986
1.0,72,20.6831
1.0,18,20.691083
1.0,256,20.804869
1.0,176,20.883212
1.0,78,20.917995
1.0,18,20.926053
1.0,107,20.973727
1.0,153,21.041485
1.0,72,21.073602
1.0,21,21.082929
1.0,103,21.128725
0.0,87,21.167253
1.0,77,21.201642
1.0,20,21.210484
1.0,88,21.249701
0.0,203,21.339889
1.0,82,21.376367
0.0,12,21.381721
1.0,239,21.487847
0.0,479,21.70065
1.0,90,21.74083
1.0,21,21.750119
1.0,71,21.781712
0.0,41,21.799877
1.0,71,21.831526
1.0,19,21.83987
1.0,85,21.877746
1.0,298,22.010672
1.0,87,22.049752
1.0,20,22.058628
1.0,306,22.195052
1.0,193,22.28086
0.0,25,22.292185
1.0,20,22.301089
0.0,35,22.317191
0.0,40,22.335321
1.0,74,22.368397
0.0,10,22.372847
1.0,57,22.398221
1.0,241,22.505405
1.0,78,22.540246
1.0,22,22.550061
1.0,130,22.607703
1.0,199,22.695993
1.0,82,22.732377
1.0,20,22.741256
1.0,100,22.785669
0.0,501,23.008572
1.0,77,23.043025
1.0,18,23.051021
1.0,126,23.107165
1.0,225,23.207283
1.0,81,23.243245
1.0,18,23.25121
0.0,10,23.25565
0.0,541,23.497049
1.0,73,23.530229
1.0,23,23.540499
1.0,125,23.596306
1.0,171,23.672225
1.0,77,23.706705
1.0,20,23.715583
1.0,130,23.773426
0.0,50,23.795695
1.0,81,23.831934
1.0,20,23.840831
1.0,91,23.880983
1.0,160,23.951799
1.0,78,23.98651
1.0,18,23.994509
1.0,174,24.072305
1.0,149,24.13904
1.0,70,24.170456
1.0,18,24.178477
0.0,49,24.200309
1.0,185,24.283177
0.0,36,24.29921
1.0,21,24.30855
1.0,136,24.369109
1.0,209,24.462403
1.0,75,24.495929
1.0,18,24.503935
1.0,81,24.540058
1.0,168,24.615277
0.0,36,24.631327
1.0,18,24.639296
1.0,68,24.669583
1.0,89,24.709523
1.0,72,24.741726
1.0,19,24.750184
1.0,56,24.775188
1.0,193,24.86107
1.0,75,24.894634
0.0,11,24.899551
1.0,128,24.956993
0.0,38,24.973967
1.0,70,25.005276
1.0,19,25.013961
1.0,285,25.141393
1.0,171,25.217695
1.0,74,25.250735
1.0,18,25.25874
1.0,71,25.290402
1.0,258,25.405334
1.0,78,25.440133
1.0,18,25.448097
1.0,146,25.512978
1.0,82,25.549485
1.0,76,25.583474
1.0,24,25.594119
0.0,126,25.650641
1.0,111,25.700056
1.0,76,25.733946
1.0,18,25.74195
0.0,36,25.75805
1.0,111,25.807455
1.0,78,25.842278
1.0,22,25.852032
1.0,83,25.889126
1.0,181,25.969942
1.0,74,26.002941
1.0,20,26.011897
1.0,133,26.071142
1.0,235,26.176862
1.0,77,26.211363
1.0,18,26.21939
1.0,100,26.26418
1.0,362,26.425723
1.0,84,26.463519
1.0,22,26.473219
1.0,67,26.503049
1.0,77,26.537952
1.0,80,26.573796
1.0,18,26.581865
1.0,60,26.608673
1.0,93,26.650327
1.0,81,26.686518
1.0,18,26.694506
1.0,50,26.716841
1.0,105,26.763948
1.0,80,26.800743
1.0,18,26.808821
0.0,245,26.918128
1.0,73,26.950551
0.0,56,26.975521
1.0,19,26.983907
1.0,90,27.024087
0.0,25,27.035382
0.0,36,27.051467
1.0,18,27.059478
1.0,48,27.080963
1.0,84,27.118629
0.0,20,27.127547
0.0,12,27.132914
1.0,85,27.170765
1.0,122,27.225535
1.0,72,27.257838
1.0,22,27.267618
1.0,80,27.303442
1.0,127,27.360045
1.0,77,27.394347
0.0,10,27.398822
1.0,86,27.437039
1.0,71,27.468578
1.0,83,27.505588
1.0,18,27.513632
1.0,107,27.561047
0.0,37,27.577628
1.0,74,27.610729
1.0,22,27.620548
1.0,101,27.665376
1.0,94,27.707169
1.0,79,27.742818
1.0,18,27.750776
1.0,63,27.778846
1.0,64,27.807196
0.0,22,27.816989
1.0,18,27.824952
1.0,88,27.864152
1.0,103,27.909999
1.0,83,27.947158
1.0,21,27.956551
1.0,46,27.976981
1.0,70,28.008108
1.0,71,28.039927
1.0,24,28.050582
1.0,155,28.119268
1.0,54,28.143212
0.0,58,28.168929
1.0,20,28.177942
0.0,87,28.216474
1.0,62,28.243934
1.0,74,28.276944
1.0,18,28.284941
1.0,49,28.306813
0.0,21,28.316549
0.0,20,28.325477
1.0,20,28.334393
1.0,70,28.365491
1.0,79,28.400416
1.0,78,28.43519
1.0,18,28.443218
1.0,67,28.47287
1.0,55,28.497257
1.0,78,28.532043
1.0,20,28.541094
1.0,51,28.563793
1.0,79,28.59909
1.0,82,28.635721
1.0,18,28.643699
1.0,75,28.676922
1.0,70,28.70804
0.0,36,28.724043
1.0,18,28.732046
1.0,52,28.755285
0.0,80,28.790963
1.0,78,28.825763
1.0,21,28.835065
1.0,64,28.863533
1.0,166,28.937737
1.0,78,28.972531
1.0,18,28.980518
1.0,54,29.004534
1.0,60,29.031321
1.0,76,29.065251
1.0,20,29.074206
0.0,29,29.087228
1.0,59,29.113431
1.0,81,29.149553
0.0,5,29.151805
1.0,68,29.18214
1.0,212,29.27716
1.0,73,29.309791
1.0,22,29.31955
1.0,66,29.348817
1.0,68,29.379047
1.0,73,29.411628
1.0,25,29.422719
1.0,55,29.447475
1.0,241,29.555047
0.0,42,29.573957
1.0,23,29.58415
1.0,46,29.604679
1.0,82,29.641167
1.0,80,29.676814
1.0,20,29.685673
1.0,41,29.703909
1.0,81,29.739792
0.0,9,29.743794
1.0,20,29.752712
1.0,52,29.775907
0.0,94,29.817695
1.0,81,29.853756
1.0,18,29.861769
1.0,45,29.881835
1.0,159,29.952722
1.0,79,29.98794
1.0,22,29.997747
1.0,53,30.021449
1.0,64,30.04988
1.0,69,30.081012
1.0,22,30.090741
1.0,48,30.11208
1.0,56,30.137375
0.0,57,30.16283
1.0,20,30.171732
1.0,42,30.190458
0.0,5,30.192712
1.0,81,30.228821
1.0,20,30.237728
1.0,176,30.315871
0.0,108,30.363919
1.0,73,30.396546
1.0,19,30.404947
1.0,74,30.437903
1.0,57,30.463282
1.0,83,30.500262
0.0,5,30.50251
1.0,58,30.528386
1.0,98,30.572124
1.0,79,30.607607
0.0,5,30.609957
1.0,49,30.631639
1.0,72,30.663513
1.0,72,30.69561
0.0,7,30.698728
0.0,43,30.718319
0.0,31,30.732173
1.0,71,30.763943
1.0,22,30.77369
0.0,11,30.778603
1.0,71,30.810226
1.0,72,30.842397
1.0,20,30.851305
1.0,41,30.869564
1.0,132,30.92799
1.0,72,30.960467
1.0,18,30.968472
1.0,67,30.998203
1.0,53,31.021852
0.0,22,31.031695
0.0,5,31.03393
0.0,7,31.037047
0.0,22,31.04695
1.0,71,31.078687
0.0,12,31.084029
1.0,40,31.101819
1.0,66,31.131185
1.0,81,31.167324
1.0,18,31.175347
0.0,13,31.181139
1.0,90,31.221446
1.0,72,31.254527
1.0,20,31.263435
1.0,36,31.279535
1.0,67,31.309224
1.0,75,31.342963
1.0,18,31.350976
1.0,40,31.36874
0.0,127,31.425476
0.0,61,31.452621
1.0,20,31.461495
1.0,84,31.498944
1.0,61,31.52613
0.0,22,31.535877
1.0,20,31.544758
0.0,22,31.55456
1.0,186,31.637492
1.0,78,31.672285
1.0,22,31.682043
1.0,44,31.701643
1.0,63,31.729584
1.0,75,31.762927
1.0,26,31.774549
1.0,67,31.804336
1.0,58,31.830745
1.0,75,31.864123
0.0,11,31.869015
1.0,38,31.885982
1.0,57,31.911306
0.0,59,31.938056
1.0,18,31.946037
1.0,40,31.963873
1.0,53,31.987362
1.0,75,32.02081
1.0,24,32.031502
1.0,45,32.051617
1.0,64,32.080371
1.0,88,32.119465
1.0,21,32.128769
1.0,42,32.147423
1.0,54,32.171757
1.0,76,32.205766
1.0,20,32.21462
1.0,38,32.231483
1.0,51,32.254103
0.0,40,32.27191
1.0,18,32.279892
1.0,43,32.298997
1.0,106,32.34607
1.0,79,32.381254
1.0,20,32.390115
1.0,48,32.411569
0.0,23,32.421828
0.0,34,32.436924
1.0,18,32.444886
1.0,39,32.462573
1.0,60,32.489144
1.0,73,32.522126
1.0,18,32.53026
1.0,46,32.550873
1.0,83,32.588005
1.0,79,32.623266
1.0,25,32.634349
1.0,38,32.651245
1.0,57,32.676545
1.0,79,32.711692
1.0,18,32.719676
0.0,49,32.74148
1.0,52,32.764605
1.0,76,32.798474
1.0,22,32.808223
1.0,40,32.826029
1.0,51,32.848694
1.0,71,32.880393
1.0,18,32.888388
1.0,39,32.905807
1.0,54,32.929754
1.0,80,32.965337
1.0,20,32.974209
1.0,46,32.994648
1.0,57,33.020068
1.0,80,33.055702
1.0,20,33.064534
0.0,26,33.076156
0.0,19,33.084626
1.0,80,33.120497
1.0,20,33.12957
1.0,37,33.146074
0.0,9,33.150091
1.0,77,33.184409
1.0,24,33.195044
1.0,40,33.212817
1.0,56,33.237698
1.0,78,33.272425
1.0,20,33.281324
1.0,121,33.334622
1.0,55,33.359052
0.0,60,33.385736
1.0,19,33.394226
1.0,38,33.411196
1.0,61,33.43835
1.0,75,33.471777
1.0,22,33.481555
1.0,43,33.500719
1.0,53,33.524408
1.0,80,33.560207
1.0,22,33.56997
1.0,42,33.588755
1.0,59,33.615002
1.0,75,33.648458
1.0,18,33.656528
1.0,44,33.676132
1.0,58,33.701966
1.0,79,33.737195
1.0,20,33.746051
1.0,44,33.765569
1.0,55,33.790106
1.0,74,33.823188
1.0,22,33.832988
0.0,25,33.844116
1.0,128,33.900633
1.0,74,33.933757
1.0,18,33.941762
1.0,38,33.959032
1.0,51,33.981671
1.0,80,34.017661
1.0,28,34.030089
1.0,36,34.046182
1.0,55,34.070803
0.0,20,34.079801
1.0,22,34.089572
1.0,124,34.144876
1.0,76,34.178862
1.0,76,34.212747
1.0,20,34.221623
0.0,21,34.231115
1.0,55,34.255843
1.0,73,34.288725
1.0,23,34.298968
1.0,38,34.315876
1.0,52,34.33892
0.0,63,34.366971
1.0,23,34.377196
1.0,40,34.394951
0.0,81,34.431087
1.0,67,34.461086
1.0,18,34.469095
0.0,11,34.474016
1.0,51,34.496728
1.0,81,34.5329
1.0,20,34.541768
1.0,42,34.560576
1.0,54,34.584741
1.0,83,34.621743
1.0,20,34.630614
1.0,36,34.6467
1.0,53,34.67017
0.0,62,34.69786
1.0,20,34.706765
1.0,41,34.725104
1.0,55,34.749492
1.0,75,34.782937
1.0,22,34.792714
1.0,46,34.813262
1.0,51,34.835974
1.0,75,34.869473
1.0,18,34.877478
1.0,36,34.893556
0.0,23,34.903852
0.0,62,34.931511
1.0,18,34.93951
1.0,42,34.958226
1.0,53,34.981818
1.0,74,35.014961
1.0,20,35.023887
1.0,40,35.041615
1.0,49,35.063573
1.0,74,35.09659
1.0,19,35.105028
1.0,36,35.121107
1.0,71,35.152498
1.0,79,35.187751
1.0,20,35.19664
1.0,40,35.214467
1.0,53,35.237995
1.0,71,35.269779
1.0,22,35.279557
1.0,36,35.295649
1.0,55,35.320086
0.0,65,35.349045
1.0,18,35.357097
0.0,9,35.361114
1.0,57,35.386391
1.0,75,35.419955
1.0,21,35.429231
1.0,42,35.448014
0.0,34,35.46349
1.0,74,35.496549
1.0,24,35.507294
1.0,40,35.525173
1.0,83,35.562283
1.0,73,35.594932
1.0,23,35.605107
0.0,9,35.609117
1.0,49,35.630963
0.0,36,35.646975
1.0,18,35.654995
1.0,40,35.672816
1.0,68,35.703924
1.0,77,35.738535
0.0,7,35.741635
1.0,39,35.759013
0.0,7,35.762134
1.0,78,35.796921
1.0,18,35.804935
1.0,41,35.823241
1.0,56,35.84815
1.0,90,35.888335
1.0,24,35.899026
1.0,39,35.916407
1.0,51,35.939169
1.0,85,35.977
1.0,22,35.986757
1.0,38,36.003709
1.0,60,36.030379
1.0,71,36.062252
1.0,24,36.073037
1.0,36,36.089244
1.0,49,36.111028
1.0,71,36.142892
1.0,20,36.151815
1.0,36,36.16788
1.0,83,36.20484
0.0,38,36.221766
1.0,19,36.230214
1.0,40,36.248319
0.0,9,36.252349
1.0,77,36.287308
1.0,20,36.29636
1.0,38,36.313363
1.0,57,36.338661
1.0,71,36.370514
1.0,26,36.382074
1.0,49,36.403784
1.0,49,36.42572
1.0,71,36.457407
1.0,18,36.465404
1.0,48,36.486634
1.0,56,36.511641
0.0,55,36.53614
1.0,18,36.544131
1.0,40,36.561964
1.0,54,36.586542
1.0,73,36.619287
1.0,20,36.62818
1.0,36,36.644269
1.0,56,36.669127
1.0,76,36.703112
1.0,20,36.711989
1.0,42,36.730711
1.0,54,36.754708
1.0,74,36.787769
1.0,20,36.796768
1.0,36,36.812839
1.0,54,36.836844
1.0,86,36.875182
1.0,22,36.884939
1.0,36,36.901378
1.0,66,36.930747
0.0,9,36.934765
1.0,18,36.942787
0.0,11,36.947727
0.0,60,36.974669
1.0,72,37.006854
1.0,21,37.016243
1.0,39,37.033717
0.0,45,37.053927
1.0,77,37.088343
1.0,21,37.097698
1.0,40,37.115441
1.0,63,37.143507
1.0,79,37.179395
1.0,22,37.189131
1.0,46,37.209656
1.0,63,37.237657
1.0,82,37.27419
1.0,20,37.283086
1.0,38,37.300117
1.0,59,37.326313
1.0,80,37.36199
1.0,25,37.373075
1.0,38,37.390017
1.0,58,37.415738
1.0,73,37.448397
1.0,22,37.458169
1.0,44,37.477791
0.0,11,37.482693
1.0,69,37.514177
1.0,20,37.523113
1.0,43,37.542208
1.0,57,37.56771
1.0,75,37.601292
1.0,18,37.609289
1.0,40,37.627278
1.0,57,37.652634
1.0,81,37.688806
1.0,22,37.698603
1.0,36,37.714651
1.0,59,37.740801
0.0,7,37.743915
1.0,19,37.752516
1.0,41,37.770777
1.0,52,37.79393
1.0,76,37.82783
1.0,18,37.835859
0.0,30,37.849231
1.0,60,37.875958
1.0,72,37.908116
1.0,18,37.916126
1.0,44,37.935721
1.0,46,37.956171
1.0,72,37.988328
1.0,22,37.998069
1.0,38,38.015088
1.0,53,38.038603
1.0,72,38.070825
1.0,23,38.081144
0.0,25,38.092695
1.0,88,38.131964
0.0,26,38.143573
1.0,18,38.151575
0.0,34,38.166764
1.0,68,38.197079
1.0,86,38.235452
1.0,18,38.243448
1.0,38,38.260365
1.0,58,38.286214
1.0,73,38.318857
1.0,18,38.326859
1.0,36,38.342854
1.0,54,38.366866
0.0,13,38.372641
1.0,18,38.380668
1.0,40,38.398558
1.0,53,38.422129
1.0,70,38.453408
1.0,22,38.46353
1.0,38,38.480385
1.0,55,38.504861
0.0,26,38.51654
1.0,19,38.524991
1.0,43,38.544081
0.0,40,38.561895
1.0,73,38.594633
1.0,19,38.603145
1.0,118,38.655708
1.0,53,38.679226
1.0,74,38.71262
1.0,21,38.721969
1.0,40,38.739834
1.0,57,38.765259
1.0,76,38.799309
1.0,20,38.808181
1.0,40,38.82602
1.0,55,38.850487
1.0,69,38.88135
1.0,21,38.890684
1.0,36,38.906728
1.0,55,38.931183
1.0,77,38.965518
1.0,20,38.974417
0.0,11,38.979336
0.0,21,38.988735
1.0,87,39.027865
1.0,22,39.037937
1.0,38,39.05487
1.0,54,39.079176
1.0,72,39.111704
1.0,20,39.120565
1.0,44,39.140151
1.0,52,39.163299
1.0,73,39.195923
1.0,23,39.206143
1.0,40,39.223975
1.0,51,39.246882
1.0,84,39.284465
1.0,18,39.292953
1.0,41,39.311336
1.0,55,39.335839
1.0,80,39.371466
1.0,20,39.380333
1.0,45,39.400295
1.0,55,39.424776
1.0,75,39.458282
1.0,22,39.468049
1.0,38,39.48496
0.0,55,39.509438
1.0,73,39.542772
1.0,18,39.55078
1.0,38,39.567687
1.0,243,39.67631
1.0,71,39.707969
1.0,18,39.71597
1.0,40,39.733817
1.0,53,39.757411
1.0,71,39.789127
1.0,20,39.797998
1.0,38,39.814956
1.0,64,39.843312
0.0,18,39.851348
1.0,20,39.860335
0.0,21,39.869689
1.0,70,39.901218
1.0,71,39.933021
1.0,20,39.94194
1.0,42,39.961027
1.0,133,40.020406
1.0,75,40.054472
1.0,18,40.062569
1.0,38,40.07995
1.0,59,40.10656
1.0,68,40.136928
0.0,12,40.142298
1.0,40,40.161521
1.0,73,40.194406
1.0,78,40.229206
1.0,21,40.238468
1.0,40,40.256306
0.0,11,40.261217
1.0,74,40.294359
1.0,22,40.304125
1.0,42,40.322827
1.0,78,40.357597
1.0,72,40.389749
1.0,21,40.398988
0.0,30,40.412359
1.0,55,40.436787
1.0,75,40.470296
1.0,18,40.478297
0.0,34,40.493669
1.0,53,40.517716
1.0,76,40.551868
1.0,18,40.55988
1.0,40,40.578036
1.0,52,40.601237
1.0,76,40.635111
1.0,23,40.645273
1.0,47,40.666156
0.0,28,40.678672
1.0,72,40.710742
1.0,18,40.71874
1.0,38,40.735664
1.0,57,40.760908
1.0,69,40.79174
1.0,18,40.799781
1.0,44,40.819344
1.0,54,40.843284
1.0,73,40.875833
0.0,14,40.882091
1.0,38,40.898967
1.0,88,40.938005
1.0,73,40.970713
1.0,18,40.978721
1.0,38,40.995663
1.0,56,41.020796
1.0,75,41.054617
1.0,19,41.063043
1.0,40,41.081085
1.0,56,41.106583
1.0,70,41.137767
1.0,22,41.147548
1.0,46,41.167889
0.0,18,41.175867
1.0,78,41.210692
0.0,5,41.212932
1.0,36,41.228999
0.0,44,41.248606
1.0,79,41.283847
1.0,20,41.292816
1.0,39,41.310061
1.0,59,41.336371
1.0,73,41.368937
1.0,18,41.376959
1.0,40,41.394763
1.0,59,41.420804
1.0,70,41.452029
1.0,22,41.462037
1.0,52,41.485228
1.0,56,41.510046
1.0,69,41.541502
1.0,18,41.549503
1.0,42,41.568275
1.0,68,41.599125
1.0,82,41.635653
1.0,24,41.646301
1.0,40,41.664136
1.0,54,41.688131
1.0,75,41.722085
1.0,18,41.730091
1.0,45,41.750126
1.0,52,41.773155
1.0,73,41.805702
1.0,18,41.813711
1.0,42,41.832468
1.0,52,41.8556
1.0,73,41.888191
1.0,18,41.896183
1.0,38,41.913197
1.0,54,41.937209
1.0,71,41.968863
1.0,19,41.977344
1.0,42,41.995942
0.0,7,41.999074
1.0,75,42.033047
1.0,20,42.041895
1.0,38,42.059027
1.0,55,42.083686
1.0,73,42.116626
1.0,18,42.124647
1.0,36,42.140702
1.0,53,42.164914
1.0,72,42.197737
0.0,5,42.200033
1.0,36,42.216055
0.0,11,42.220934
1.0,75,42.254502
1.0,20,42.263398
1.0,79,42.298985
1.0,53,42.322728
1.0,75,42.356179
0.0,3,42.357534
1.0,40,42.375333
1.0,49,42.397112
1.0,77,42.431351
1.0,22,42.441104
1.0,44,42.460559
1.0,60,42.48722
1.0,73,42.52015
1.0,23,42.530552
1.0,38,42.547489
1.0,60,42.574525
1.0,73,42.607404
1.0,21,42.616762
1.0,92,42.657865
1.0,56,42.682694
1.0,72,42.714795
0.0,3,42.71614
1.0,42,42.734848
1.0,55,42.75921
1.0,77,42.793512
1.0,22,42.803259
1.0,44,42.822881
1.0,54,42.84679
1.0,73,42.879454
1.0,24,42.890094
1.0,40,42.908367
1.0,67,42.938155
1.0,70,42.969592
1.0,23,42.979716
1.0,46,43.000133
1.0,57,43.025675
1.0,77,43.060326
1.0,23,43.070576
1.0,42,43.089502
1.0,53,43.113331
1.0,73,43.145871
1.0,25,43.156929
0.0,9,43.160941
1.0,55,43.185344
1.0,78,43.220053
1.0,21,43.229364
1.0,38,43.246257
1.0,59,43.27246
1.0,93,43.313775
1.0,18,43.321911
1.0,38,43.338906
1.0,59,43.365073
0.0,22,43.37492
1.0,18,43.38294
1.0,37,43.399404
1.0,55,43.42387
1.0,75,43.457414
1.0,20,43.466313
1.0,59,43.49254
1.0,73,43.525957
1.0,78,43.560981
1.0,20,43.569874
1.0,38,43.58727
0.0,21,43.596964
1.0,73,43.629552
1.0,20,43.638439
1.0,40,43.656265
1.0,77,43.690488
1.0,75,43.723945
1.0,24,43.734603
1.0,46,43.755112
1.0,55,43.779599
1.0,84,43.817152
1.0,18,43.825223
1.0,39,43.84258
1.0,56,43.867405
0.0,58,43.893215
1.0,22,43.903169
1.0,40,43.921002
1.0,56,43.945962
1.0,80,43.981608
1.0,20,43.990499
1.0,40,44.008314
0.0,21,44.018126
1.0,75,44.05196
1.0,18,44.060123
1.0,38,44.077629
0.0,14,44.083917
1.0,76,44.118484
1.0,22,44.128294
1.0,36,44.14442
1.0,53,44.168234
1.0,76,44.202143
1.0,20,44.211083
1.0,40,44.228861
1.0,51,44.251822
1.0,73,44.284696
1.0,23,44.294917
1.0,44,44.314514
0.0,64,44.343019
1.0,72,44.375233
1.0,21,44.38447
1.0,38,44.40149
1.0,57,44.426862
1.0,68,44.457287
1.0,22,44.467319
1.0,38,44.484227
1.0,64,44.512648
1.0,73,44.545845
1.0,20,44.554987
1.0,42,44.574082
1.0,53,44.598469
0.0,13,44.604241
1.0,18,44.612264
1.0,40,44.630778
0.0,11,44.635704
0.0,13,44.641546
1.0,18,44.649698
1.0,42,44.668768
1.0,54,44.692823
0.0,11,44.697736
1.0,18,44.706015
0.0,29,44.719171
0.0,11,44.724094
1.0,73,44.756783
1.0,20,44.765677
1.0,42,44.784371
1.0,57,44.809877
1.0,82,44.846507
1.0,22,44.856276
1.0,116,44.907947
0.0,9,44.911986
1.0,83,44.949197
1.0,22,44.959013
0.0,34,44.974012
1.0,52,44.99713
1.0,76,45.031801
1.0,18,45.039863
1.0,36,45.055902
1.0,71,45.087943
1.0,69,45.119182
1.0,18,45.127217
1.0,42,45.145948
1.0,57,45.171342
1.0,73,45.204002
1.0,18,45.21203
1.0,38,45.228975
0.0,31,45.24273
0.0,34,45.257967
1.0,21,45.267267
1.0,36,45.283309
1.0,68,45.313883
1.0,69,45.344877
1.0,24,45.355549
1.0,38,45.372453
1.0,53,45.39604
1.0,73,45.428645
1.0,18,45.436687
1.0,49,45.458507
0.0,21,45.467912
1.0,77,45.502314
1.0,18,45.510334
1.0,49,45.532885
1.0,56,45.557814
1.0,73,45.590873
1.0,23,45.601293
1.0,40,45.619187
1.0,51,45.641835
1.0,72,45.674056
1.0,18,45.68211
1.0,38,45.699023
0.0,30,45.712367
1.0,81,45.748507
1.0,19,45.756998
1.0,40,45.774821
0.0,5,45.777067
0.0,63,45.805305
1.0,18,45.81335
1.0,38,45.830341
1.0,57,45.855715
1.0,73,45.888813
1.0,20,45.897896
1.0,39,45.915703
1.0,48,45.937216
0.0,61,45.96461
1.0,19,45.973178
1.0,38,45.990192
1.0,68,46.02085
1.0,77,46.05547
1.0,18,46.063563
1.0,36,46.079969
1.0,51,46.102698
1.0,77,46.137083
1.0,18,46.145123
1.0,40,46.162971
1.0,52,46.18619
1.0,71,46.218008
1.0,22,46.227775
1.0,43,46.246999
0.0,11,46.251924
0.0,42,46.270634
1.0,18,46.278631
1.0,41,46.296966
1.0,50,46.319229
1.0,81,46.355445
1.0,22,46.365216
1.0,38,46.38218
1.0,53,46.405853
1.0,73,46.438575
1.0,18,46.446589
1.0,40,46.464437
1.0,67,46.494307
1.0,83,46.532399
1.0,24,46.54308
1.0,42,46.561934
1.0,52,46.585635
0.0,65,46.614943
1.0,22,46.624827
1.0,42,46.643528
1.0,48,46.66502
1.0,77,46.699414
1.0,18,46.707415
1.0,42,46.726744
1.0,50,46.749124
1.0,73,46.781864
0.0,5,46.784126
1.0,38,46.801166
1.0,57,46.826546
1.0,76,46.860532
1.0,19,46.868904
1.0,42,46.88773
1.0,57,46.913041
1.0,81,46.949185
1.0,19,46.957667
1.0,41,46.976157
0.0,39,46.993486
0.0,41,47.011858
1.0,19,47.020731
1.0,44,47.040702
1.0,52,47.064049
1.0,73,47.097265
1.0,18,47.105265
1.0,39,47.122703
1.0,50,47.144973
1.0,75,47.179137
1.0,21,47.188397
1.0,45,47.208542
1.0,52,47.231763
0.0,60,47.258559
1.0,21,47.26786
0.0,36,47.283919
1.0,60,47.31064
1.0,69,47.34158
1.0,22,47.351351
1.0,44,47.370982
1.0,52,47.394172
1.0,77,47.42853
0.0,5,47.430785
1.0,42,47.449588
1.0,54,47.473892
1.0,74,47.506953
1.0,22,47.51706
1.0,41,47.535608
1.0,50,47.557933
1.0,83,47.595773
1.0,19,47.604273
1.0,42,47.623007
0.0,14,47.629264
1.0,77,47.663799
1.0,20,47.67271
0.0,21,47.682113
1.0,54,47.706104
0.0,16,47.713252
1.0,18,47.72133
1.0,42,47.740006
1.0,55,47.76444
1.0,75,47.797941
1.0,20,47.806737
1.0,42,47.825394
0.0,5,47.827645
0.0,7,47.830763
1.0,20,47.839683
1.0,40,47.857495
1.0,51,47.880308
1.0,71,47.912109
1.0,20,47.921033
1.0,44,47.940659
1.0,58,47.96659
1.0,80,48.002537
1.0,20,48.011432
1.0,38,48.028731
1.0,63,48.057017
1.0,69,48.088473
1.0,20,48.097743
1.0,48,48.11911
1.0,59,48.145438
1.0,79,48.180772
1.0,24,48.191473
1.0,36,48.207453
1.0,53,48.231044
1.0,83,48.268154
1.0,20,48.277072
1.0,42,48.295902
1.0,54,48.319949
1.0,74,48.353003
1.0,20,48.361939
1.0,42,48.380648
1.0,51,48.403376
1.0,73,48.436006
1.0,23,48.446243
0.0,12,48.451588
0.0,7,48.45472
1.0,77,48.489816
1.0,18,48.497806
1.0,36,48.514178
0.0,46,48.535108
1.0,69,48.565988
1.0,20,48.575103
1.0,40,48.593639
1.0,56,48.618604
0.0,57,48.644158
1.0,18,48.65216
1.0,48,48.673522
0.0,32,48.687827
0.0,51,48.710586
1.0,18,48.718612
1.0,40,48.736467
0.0,5,48.738726
0.0,33,48.753477
1.0,18,48.761511
1.0,40,48.779354
1.0,51,48.802247
1.0,75,48.835764
1.0,28,48.848182
0.0,11,48.853172
1.0,59,48.879464
1.0,74,48.912619
1.0,21,48.921886
1.0,38,48.938801
0.0,49,48.960671
1.0,73,48.993497
1.0,20,49.002325
1.0,45,49.022762
1.0,61,49.05016
1.0,80,49.086497
1.0,20,49.095669
1.0,38,49.113294
1.0,53,49.137414
0.0,35,49.153186
1.0,18,49.161384
1.0,41,49.179651
1.0,55,49.204185
1.0,81,49.240325
1.0,20,49.24951
1.0,36,49.265855
1.0,55,49.290297
1.0,76,49.324297
1.0,19,49.332745
1.0,44,49.352348
0.0,7,49.355497
1.0,71,49.38905
1.0,18,49.39728
1.0,36,49.413447
1.0,51,49.43625
1.0,72,49.468537
1.0,18,49.476549
1.0,43,49.495677
1.0,57,49.521288
1.0,71,49.553436
1.0,21,49.56281
0.0,19,49.571409
1.0,68,49.602263
1.0,77,49.636713
1.0,18,49.644754
1.0,40,49.662638
1.0,76,49.696468
1.0,73,49.729559
1.0,20,49.738461
1.0,42,49.757231
1.0,53,49.780815
0.0,47,49.801814
1.0,20,49.810728
0.0,25,49.821933
1.0,59,49.848182
0.0,11,49.853091
1.0,22,49.862889
1.0,43,49.882075
1.0,54,49.906024
1.0,73,49.938739
1.0,18,49.946771
1.0,52,49.969814
1.0,49,49.991638
1.0,73,50.024424
1.0,18,50.03282
1.0,40,50.050825
1.0,53,50.07443
0.0,56,50.100109
1.0,22,50.109897
1.0,44,50.129495
0.0,13,50.135295
1.0,73,50.167962
1.0,22,50.177691
1.0,39,50.195071
1.0,53,50.218654
0.0,42,50.237397
1.0,20,50.246302
1.0,40,50.26424
0.0,38,50.281094
1.0,76,50.315543
1.0,22,50.325391
0.0,7,50.328539
1.0,57,50.3539
0.0,7,50.357023
1.0,20,50.365921
1.0,42,50.384674
1.0,57,50.410038
1.0,75,50.443628
1.0,22,50.453419
1.0,40,50.47148
1.0,56,50.496395
1.0,78,50.531898
1.0,20,50.540762
1.0,44,50.56029
1.0,62,50.588176
0.0,18,50.596592
1.0,20,50.6055
1.0,51,50.628216
1.0,66,50.657606
1.0,77,50.692048
1.0,18,50.700061
1.0,44,50.719655
1.0,55,50.744198
1.0,77,50.778588
1.0,20,50.787563
0.0,13,50.793366
1.0,55,50.817824
1.0,72,50.850029
1.0,18,50.858105
1.0,38,50.875016
1.0,59,50.901295
1.0,71,50.933436
1.0,18,50.941472
1.0,40,50.959382
1.0,56,50.984373
1.0,70,51.016015
1.0,22,51.025812
0.0,30,51.039582
1.0,53,51.063364
1.0,76,51.098004
1.0,18,51.106115
0.0,21,51.115552
1.0,51,51.138307
1.0,79,51.173584
1.0,20,51.182488
1.0,38,51.199732
0.0,9,51.203775
1.0,87,51.242966
1.0,18,51.251069
0.0,13,51.256796
1.0,54,51.280753
1.0,76,51.314728
1.0,18,51.322748
1.0,38,51.339723
1.0,51,51.362453
1.0,71,51.394214
1.0,22,51.404003
1.0,38,51.420903
1.0,47,51.441895
1.0,71,51.473711
1.0,18,51.481775
1.0,52,51.504956
1.0,86,51.543998
1.0,73,51.577105
1.0,19,51.585621
1.0,44,51.605605
1.0,54,51.629732
1.0,74,51.662928
1.0,22,51.672701
1.0,38,51.689681
1.0,56,51.714542
0.0,22,51.72439
1.0,24,51.735077
1.0,40,51.752959
1.0,57,51.77835
1.0,72,51.810627
1.0,19,51.819068
1.0,40,51.836891
1.0,54,51.860869
1.0,82,51.897475
1.0,18,51.905496
1.0,38,51.922504
1.0,48,51.943922
0.0,7,51.947035
1.0,20,51.955964
1.0,49,51.978148
1.0,50,52.000425
1.0,70,52.032275
1.0,19,52.040706
1.0,41,52.059239
1.0,57,52.085244
0.0,20,52.094608
1.0,20,52.103528
1.0,41,52.122189
1.0,50,52.144511
1.0,72,52.17741
1.0,18,52.185495
1.0,48,52.206795
1.0,51,52.229521
1.0,75,52.263028
1.0,20,52.271923
0.0,40,52.289794
1.0,48,52.311144
1.0,79,52.346408
1.0,20,52.355336
1.0,43,52.374512
1.0,46,52.394983
1.0,72,52.427154
1.0,19,52.435619
1.0,46,52.456164
1.0,50,52.478371
1.0,73,52.511163
1.0,20,52.520713
1.0,42,52.539764
1.0,50,52.562242
1.0,78,52.597906
1.0,22,52.607701
1.0,44,52.62796
1.0,48,52.649383
1.0,86,52.687835
1.0,20,52.696727
1.0,46,52.717471
1.0,52,52.74097
1.0,74,52.774088
1.0,21,52.783382
1.0,40,52.801306
1.0,49,52.823132
1.0,70,52.854333
0.0,5,52.856581
1.0,44,52.876212
0.0,10,52.880679
1.0,71,52.912454
1.0,26,52.923998
1.0,38,52.940946
1.0,53,52.964486
1.0,75,52.998175
1.0,18,53.006172
1.0,36,53.022528
1.0,51,53.045685
1.0,71,53.077615
1.0,20,53.086587
0.0,31,53.100708
1.0,51,53.123367
1.0,79,53.158667
1.0,22,53.168494
1.0,38,53.185425
0.0,10,53.189893
1.0,81,53.226166
1.0,18,53.234191
1.0,41,53.252438
1.0,56,53.277459
1.0,83,53.314517
1.0,18,53.322975
1.0,44,53.342647
1.0,52,53.365869
1.0,71,53.397783
1.0,22,53.407535
1.0,36,53.423644
1.0,53,53.447263
1.0,71,53.47943
1.0,18,53.487505
1.0,40,53.505515
1.0,50,53.528348
1.0,84,53.566366
1.0,24,53.577323
1.0,41,53.596458
1.0,60,53.624226
1.0,76,53.658452
1.0,18,53.66647
1.0,40,53.684351
1.0,56,53.709396
1.0,71,53.741382
1.0,26,53.752936
1.0,38,53.769962
0.0,3,53.771314
1.0,75,53.804931
1.0,18,53.812988
1.0,38,53.830105
0.0,29,53.843067
0.0,36,53.859215
1.0,22,53.869033
1.0,38,53.886118
1.0,50,53.908467
1.0,82,53.945716
0.0,5,53.94797
1.0,42,53.966839
1.0,55,53.991398
1.0,73,54.024503
1.0,18,54.032748
1.0,36,54.048959
1.0,50,54.071326
1.0,78,54.106853
1.0,20,54.115787
1.0,42,54.13457
0.0,12,54.139947
1.0,77,54.174623
1.0,20,54.183597
1.0,44,54.203261
0.0,7,54.206419
1.0,71,54.23833
1.0,18,54.246364
1.0,44,54.266632
1.0,60,54.293383
1.0,75,54.327097
1.0,20,54.336045
1.0,42,54.354759
0.0,29,54.367722
1.0,75,54.401433
1.0,19,54.410047
1.0,44,54.429665
1.0,53,54.453354
0.0,21,54.462741
1.0,24,54.4734
1.0,36,54.489546
1.0,53,54.513262
1.0,76,54.548064
1.0,20,54.557184
0.0,21,54.5666
1.0,51,54.589918
0.0,13,54.59601
1.0,20,54.604957
1.0,36,54.621263
1.0,53,54.644943
1.0,81,54.681223
0.0,12,54.686602
1.0,42,54.705349
1.0,52,54.728572
0.0,11,54.733438
1.0,18,54.741492
1.0,42,54.760286
1.0,53,54.783935
1.0,73,54.816761
1.0,18,54.824824
1.0,43,54.844143
1.0,51,54.866932
1.0,67,54.897065
1.0,23,54.907313
1.0,36,54.923414
1.0,56,54.948501
1.0,80,54.984506
1.0,18,54.992551
0.0,13,54.998411
1.0,51,55.021455
1.0,70,55.053128
1.0,18,55.061159
1.0,38,55.078485
0.0,13,55.084296
1.0,82,55.121381
1.0,24,55.132266
1.0,46,55.152838
1.0,46,55.173469
1.0,71,55.205286
0.0,7,55.208431
0.0,11,55.213366
1.0,56,55.238289
1.0,81,55.274554
1.0,22,55.284396
0.0,13,55.290185
1.0,48,55.311678
1.0,74,55.344867
1.0,20,55.353765
1.0,43,55.372994
1.0,50,55.395297
1.0,73,55.428115
1.0,20,55.43706
0.0,23,55.447402
1.0,52,55.470563
1.0,75,55.504109
1.0,20,55.513094
1.0,38,55.530432
1.0,53,55.554363
0.0,34,55.569547
1.0,18,55.577965
1.0,46,55.598722
1.0,52,55.621937
1.0,79,55.657212
1.0,18,55.665231
1.0,39,55.68267
1.0,52,55.705933
1.0,83,55.74355
1.0,25,55.754669
1.0,38,55.771708
0.0,18,55.779732
0.0,63,55.807959
1.0,18,55.816025
1.0,38,55.833032
1.0,56,55.85804
1.0,78,55.892975
1.0,22,55.902773
1.0,40,55.920666
1.0,57,55.946173
0.0,40,55.964131
0.0,9,55.968162
1.0,49,55.990059
1.0,53,56.01369
1.0,82,56.050988
1.0,20,56.059979
1.0,40,56.078294
1.0,71,56.110274
1.0,74,56.143432
1.0,18,56.151489
1.0,40,56.16935
0.0,12,56.174741
1.0,77,56.209232
0.0,16,56.216374
1.0,45,56.236504
1.0,55,56.261172
1.0,77,56.295579
1.0,18,56.303649
1.0,38,56.320648
1.0,51,56.343932
1.0,76,56.378006
1.0,22,56.38772
1.0,40,56.405674
1.0,57,56.431201
1.0,73,56.463999
1.0,18,56.472021
1.0,42,56.491057
1.0,50,56.513438
1.0,76,56.547932
1.0,20,56.556844
1.0,40,56.574963
1.0,59,56.602158
1.0,74,56.63538
1.0,20,56.644342
1.0,46,56.664861
0.0,9,56.668917
1.0,73,56.70171
1.0,21,56.711083
1.0,42,56.729859
1.0,64,56.758379
0.0,34,56.77358
1.0,20,56.782492
1.0,40,56.800497
1.0,58,56.827092
1.0,70,56.858525
1.0,20,56.867489
1.0,40,56.885357
1.0,55,56.909987
0.0,67,56.940341
1.0,20,56.949302
1.0,46,56.969852
1.0,53,56.993523
1.0,81,57.030228
0.0,14,57.036748
0.0,21,57.046106
1.0,58,57.072032
1.0,84,57.110105
1.0,18,57.118175
1.0,38,57.135199
1.0,54,57.159447
1.0,75,57.193453
1.0,18,57.201514
1.0,44,57.221239
1.0,57,57.246669
1.0,83,57.283796
1.0,18,57.291839
1.0,40,57.309695
0.0,7,57.312855
1.0,75,57.346467
1.0,18,57.354519
1.0,44,57.374138
1.0,57,57.399585
1.0,81,57.435957
1.0,20,57.444848
1.0,38,57.461802
1.0,55,57.486435
1.0,74,57.519881
1.0,18,57.528276
1.0,36,57.544629
0.0,25,57.55585
1.0,71,57.588032
1.0,20,57.597137
1.0,38,57.614096
1.0,55,57.638598
1.0,82,57.675312
1.0,18,57.683339
0.0,29,57.696252
1.0,50,57.718609
1.0,74,57.751807
0.0,7,57.754952
1.0,44,57.774631
0.0,45,57.794601
1.0,83,57.831697
1.0,18,57.839765
1.0,38,57.856773
1.0,58,57.882593
1.0,73,57.915322
1.0,22,57.925115
1.0,38,57.942154
1.0,50,57.964538
1.0,78,57.999619
1.0,18,58.007707
1.0,38,58.025009
1.0,52,58.048617
1.0,73,58.081986
1.0,22,58.092077
1.0,44,58.112175
1.0,54,58.136721
0.0,24,58.147557
1.0,22,58.157672
1.0,44,58.177391
1.0,54,58.201522
1.0,71,58.233378
0.0,5,58.235642
1.0,36,58.2518
1.0,53,58.275517
1.0,71,58.307476
1.0,28,58.319949
1.0,42,58.338683
1.0,54,58.362856
1.0,73,58.395544
1.0,18,58.4036
1.0,38,58.420675
1.0,52,58.443856
0.0,70,58.475113
1.0,18,58.483154
1.0,45,58.503252
1.0,50,58.525833
1.0,70,58.557515
1.0,18,58.565547
1.0,40,58.583773
1.0,49,58.605983
1.0,72,58.638162
1.0,22,58.648
1.0,46,58.66853
1.0,54,58.692675
1.0,85,58.731097
1.0,20,58.740035
1.0,48,58.761509
1.0,52,58.784686
1.0,77,58.819983
1.0,18,58.828046
1.0,36,58.844216
0.0,35,58.859743
1.0,69,58.890735
1.0,20,58.899671
1.0,38,58.916699
1.0,54,58.940883
1.0,76,58.974877
1.0,18,58.982913
1.0,43,59.00213
1.0,46,59.023172
1.0,79,59.058825
1.0,19,59.067318
1.0,40,59.085476
1.0,48,59.107261
1.0,80,59.143152
1.0,18,59.151163
1.0,40,59.16913
1.0,50,59.191471
1.0,74,59.224808
1.0,22,59.234616
1.0,42,59.253687
1.0,60,59.280888
1.0,73,59.313638
1.0,23,59.323894
1.0,39,59.341744
1.0,56,59.366813
1.0,69,59.397694
1.0,20,59.406646
1.0,38,59.423678
0.0,27,59.435738
1.0,79,59.471034
0.0,9,59.475154
1.0,36,59.491487
1.0,48,59.512919
1.0,71,59.545338
1.0,22,59.555173
1.0,40,59.57303
1.0,49,59.595651
1.0,78,59.630562
1.0,19,59.638939
1.0,38,59.655925
1.0,50,59.678187
1.0,69,59.712225
1.0,18,59.721657
1.0,44,59.741479
1.0,48,59.762942
1.0,79,59.798363
1.0,21,59.807654
1.0,40,59.825664
1.0,60,59.852435
1.0,75,59.886057
1.0,20,59.89502
1.0,45,59.915103
1.0,51,59.938351
1.0,76,59.972464
1.0,22,59.982252
1.0,44,60.003491
1.0,53,60.027654
1.0,77,60.062741
1.0,18,60.070895
1.0,38,60.08823
1.0,54,60.112568
1.0,82,60.149222
1.0,18,60.157413
1.0,37,60.173966
1.0,55,60.198469
1.0,81,60.234717
1.0,20,60.243601
1.0,42,60.262273
1.0,48,60.283759
0.0,38,60.300736
1.0,20,60.30973
1.0,38,60.326817
1.0,52,60.350045
1.0,78,60.385047
1.0,24,60.395734
1.0,44,60.415415
0.0,5,60.417654
1.0,72,60.449868
1.0,21,60.459251
1.0,41,60.477563
1.0,54,60.501682
1.0,78,60.537169
1.0,18,60.545164
1.0,36,60.561249
1.0,52,60.585362
0.0,24,60.596309
1.0,18,60.604357
1.0,46,60.624859
1.0,54,60.648917
1.0,74,60.681974
1.0,18,60.690095
0.0,15,60.6968
1.0,54,60.720922
0.0,18,60.728964
1.0,22,60.73875
1.0,48,60.760236
0.0,30,60.773574
0.0,33,60.788306
1.0,18,60.796578
1.0,45,60.816629
1.0,48,60.838029
1.0,70,60.869348
1.0,20,60.878288
1.0,46,60.898878
1.0,53,60.922734
0.0,22,60.932552
1.0,22,60.942338
1.0,40,60.960287
1.0,50,60.98265
0.0,55,61.007378
1.0,20,61.016288
1.0,44,61.036523
0.0,9,61.040568
0.0,20,61.049537
1.0,21,61.058889
1.0,42,61.077744
1.0,49,61.100231
0.0,40,61.118114
1.0,19,61.126561
1.0,42,61.145338
1.0,46,61.165908
1.0,79,61.201392
1.0,18,61.209429
0.0,25,61.22067
1.0,50,61.242935
1.0,79,61.278448
1.0,24,61.289215
1.0,42,61.308029
1.0,54,61.332141
0.0,22,61.341955
1.0,24,61.352658
1.0,46,61.373218
1.0,48,61.39463
1.0,71,61.426447
1.0,24,61.437378
1.0,39,61.454952
1.0,54,61.479029
0.0,35,61.494701
1.0,20,61.503606
1.0,41,61.52227
1.0,50,61.544681
0.0,23,61.554964
1.0,18,61.56308
1.0,38,61.58041
1.0,48,61.602178
1.0,77,61.636628
1.0,18,61.644665
0.0,26,61.656387
1.0,50,61.678817
1.0,79,61.714109
1.0,22,61.723813
1.0,44,61.743362
1.0,50,61.765602
1.0,79,61.800968
0.0,12,61.806362
0.0,7,61.809468
1.0,56,61.83439
1.0,78,61.869292
1.0,20,61.878175
1.0,45,61.898304
1.0,48,61.919711
0.0,15,61.926415
1.0,18,61.934484
1.0,38,61.951558
1.0,50,61.973922
1.0,69,62.004771
1.0,20,62.01378
1.0,46,62.034712
1.0,50,62.057222
0.0,9,62.061225
1.0,20,62.070143
1.0,45,62.090611
0.0,10,62.095308
1.0,70,62.126796
1.0,22,62.136524
1.0,42,62.155203
1.0,50,62.178334
1.0,78,62.213296
1.0,23,62.223403
1.0,47,62.244477
0.0,47,62.265366
1.0,74,62.298575
1.0,20,62.307554
1.0,36,62.323635
1.0,52,62.346993
0.0,21,62.356384
1.0,18,62.36445
1.0,40,62.382282
1.0,50,62.404661
1.0,92,62.445682
1.0,22,62.455478
1.0,38,62.472538
1.0,48,62.494177
0.0,7,62.497333
1.0,24,62.507983
1.0,40,62.526154
1.0,57,62.551877
1.0,73,62.585386
1.0,18,62.593904
1.0,40,62.612653
1.0,55,62.637274
1.0,72,62.669608
1.0,18,62.677717
1.0,40,62.695663
1.0,52,62.718898
1.0,89,62.758752
1.0,18,62.766863
1.0,51,62.789646
1.0,46,62.810381
0.0,11,62.815284
1.0,22,62.825109
1.0,38,62.842231
1.0,54,62.866338
1.0,69,62.897229
1.0,19,62.905688
1.0,42,62.924563
1.0,50,62.946834
1.0,73,62.979657
1.0,18,62.98778
1.0,40,63.005704
0.0,14,63.011992
1.0,75,63.046178
1.0,23,63.056336
1.0,38,63.073475
0.0,9,63.077525
1.0,80,63.113998
1.0,18,63.122024
1.0,36,63.138064
1.0,60,63.164924
1.0,75,63.199005
1.0,20,63.207878
1.0,38,63.225071
1.0,52,63.248315
1.0,69,63.279358
1.0,18,63.287461
1.0,37,63.30415
0.0,9,63.308186
1.0,76,63.342265
1.0,20,63.351193
1.0,39,63.368696
1.0,52,63.391929
1.0,77,63.426519
0.0,3,63.427883
1.0,38,63.444986
0.0,31,63.45883
1.0,67,63.48899
1.0,18,63.497022
1.0,38,63.513968
1.0,54,63.538642
1.0,78,63.573729
1.0,21,63.583523
1.0,40,63.601821
1.0,50,63.624192
1.0,75,63.657886
1.0,19,63.666287
1.0,41,63.684604
1.0,49,63.706509
0.0,22,63.716369
1.0,18,63.724415
1.0,40,63.742323
1.0,54,63.766581
1.0,79,63.802493
1.0,22,63.812328
1.0,40,63.830393
1.0,55,63.854958
1.0,74,63.888201
1.0,20,63.897029
1.0,43,63.916277
1.0,46,63.936908
1.0,75,63.970734
1.0,22,63.980532
1.0,40,63.998844
1.0,51,64.021895
0.0,36,64.038281
1.0,22,64.048166
1.0,42,64.067161
1.0,52,64.091042
0.0,48,64.112812
0.0,11,64.117758
1.0,41,64.136153
0.0,8,64.139735
0.0,32,64.154029
1.0,20,64.163109
1.0,40,64.181018
1.0,52,64.204321
1.0,75,64.2379
1.0,18,64.245955
1.0,39,64.26366
0.0,44,64.283612
1.0,71,64.31563
1.0,18,64.323669
1.0,48,64.345054
1.0,51,64.367813
1.0,74,64.401415
1.0,20,64.4104
1.0,42,64.429315
1.0,48,64.450809
1.0,81,64.487013
1.0,18,64.495054
1.0,38,64.512126
1.0,51,64.535342
1.0,72,64.567796
1.0,25,64.57902
1.0,36,64.595671
0.0,46,64.616264
1.0,72,64.648556
1.0,18,64.656669
1.0,46,64.677229
1.0,54,64.701375
1.0,79,64.736783
1.0,20,64.745729
1.0,41,64.764128
1.0,53,64.787817
1.0,79,64.82337
0.0,20,64.832323
0.0,23,64.842673
1.0,50,64.865058
1.0,75,64.898693
1.0,18,64.906749
1.0,40,64.924716
1.0,48,64.946075
1.0,73,64.978932
1.0,21,64.988302
1.0,38,65.005715
1.0,52,65.029278
1.0,67,65.059525
1.0,18,65.067599
0.0,30,65.081355
1.0,50,65.103999
1.0,73,65.136788
1.0,20,65.145838
1.0,38,65.163707
1.0,57,65.18915
1.0,79,65.224636
1.0,18,65.232696
1.0,38,65.249727
1.0,58,65.275596
1.0,75,65.309267
1.0,20,65.31819
1.0,40,65.336163
1.0,52,65.359356
0.0,40,65.377302
1.0,22,65.387112
0.0,11,65.391993
1.0,54,65.416183
1.0,79,65.451644
1.0,22,65.461447
1.0,42,65.480197
1.0,58,65.506466
1.0,70,65.538406
1.0,20,65.547326
1.0,40,65.565265
1.0,58,65.591455
1.0,70,65.623764
0.0,3,65.625124
1.0,36,65.641289
1.0,51,65.664091
1.0,73,65.696841
0.0,16,65.704031
1.0,42,65.722821
1.0,55,65.747365
1.0,75,65.781015
1.0,20,65.790045
1.0,40,65.807967
1.0,54,65.832031
1.0,78,65.867083
1.0,18,65.875139
1.0,38,65.892121
1.0,58,65.918016
1.0,69,65.949052
1.0,20,65.958009
1.0,38,65.975125
1.0,56,66.000074
0.0,42,66.019238
1.0,18,66.027263
1.0,45,66.047657
1.0,51,66.070459
1.0,80,66.106869
1.0,18,66.114922
1.0,44,66.134763
1.0,54,66.158943
1.0,74,66.192195
1.0,18,66.200773
1.0,38,66.217811
1.0,53,66.241511
0.0,52,66.264928
1.0,18,66.273008
1.0,40,66.290964
1.0,46,66.311637
1.0,71,66.343494
1.0,20,66.352436
1.0,43,66.371653
1.0,48,66.393171
1.0,72,66.425745
0.0,5,66.428067
1.0,42,66.446923
1.0,58,66.47287
0.0,7,66.475985
1.0,20,66.484924
1.0,42,66.503675
1.0,51,66.526689
1.0,79,66.562461
1.0,20,66.57139
1.0,42,66.591176
1.0,56,66.616585
0.0,26,66.628198
1.0,19,66.6367
1.0,42,66.655527
1.0,56,66.680414
1.0,77,66.714992
1.0,20,66.723875
0.0,19,66.732452
1.0,52,66.755696
1.0,75,66.789454
1.0,21,66.799206
1.0,42,66.818125
1.0,54,66.84235
1.0,69,66.873291
1.0,22,66.883155
1.0,38,66.900122
1.0,49,66.922068
0.0,68,66.952546
1.0,22,66.962429
1.0,38,66.979407
1.0,52,67.003022
1.0,75,67.037389
0.0,7,67.040535
1.0,50,67.062916
1.0,46,67.084144
1.0,69,67.116475
1.0,18,67.124546
0.0,25,67.135794
0.0,26,67.147463
1.0,71,67.179816
1.0,18,67.187885
1.0,40,67.205771
0.0,7,67.208926
0.0,11,67.213851
1.0,18,67.221972
1.0,44,67.24169
1.0,52,67.264969
1.0,79,67.300479
1.0,24,67.311177
1.0,38,67.328146
1.0,50,67.350493
1.0,70,67.38183
1.0,20,67.390746
1.0,40,67.409039
1.0,48,67.430538
0.0,36,67.446664
1.0,20,67.455587
1.0,43,67.474743
1.0,51,67.497585
1.0,69,67.528788
1.0,19,67.537476
0.0,23,67.547745
1.0,55,67.572227
1.0,77,67.607413
1.0,20,67.616324
0.0,11,67.62125
1.0,54,67.64541
1.0,76,67.679477
1.0,18,67.687629
1.0,38,67.704628
1.0,56,67.729547
1.0,85,67.767604
1.0,20,67.776496
1.0,46,67.79711
1.0,50,67.819409
1.0,90,67.859616
1.0,22,67.86945
1.0,42,67.888175
1.0,48,67.909667
1.0,78,67.944577
1.0,19,67.952961
1.0,39,67.97043
1.0,53,67.994133
1.0,77,68.029375
1.0,24,68.0403
1.0,49,68.062204
0.0,28,68.074841
1.0,77,68.109895
1.0,18,68.117908
1.0,44,68.137589
1.0,54,68.16155
1.0,83,68.198686
1.0,22,68.208497
1.0,40,68.226316
1.0,50,68.248615
1.0,71,68.280337
1.0,21,68.289638
1.0,38,68.306647
1.0,46,68.327249
0.0,67,68.357111
1.0,18,68.365144
1.0,48,68.386553
1.0,74,68.419564
1.0,70,68.450873
1.0,22,68.46068
1.0,40,68.478538
1.0,57,68.504215
1.0,69,68.535626
1.0,22,68.545488
1.0,40,68.563332
1.0,55,68.588343
1.0,78,68.623696
1.0,18,68.631722
1.0,38,68.648713
1.0,56,68.673701
1.0,75,68.707241
1.0,20,68.716132
0.0,11,68.721061
1.0,50,68.743344
1.0,81,68.779525
0.0,3,68.78087
1.0,40,68.798713
1.0,56,68.823616
1.0,74,68.856721
1.0,18,68.864716
1.0,41,68.882981
0.0,11,68.887974
1.0,81,68.924206
0.0,7,68.927338
1.0,38,68.944278
1.0,55,68.968749
1.0,81,69.004914
1.0,18,69.012917
1.0,40,69.030987
1.0,61,69.058309
1.0,82,69.095353
1.0,18,69.103666
1.0,44,69.123353
1.0,60,69.149945
1.0,73,69.182623
1.0,24,69.193301
1.0,42,69.212605
1.0,55,69.237157
1.0,81,69.273932
1.0,20,69.282804
1.0,36,69.299006
1.0,54,69.322991
1.0,81,69.35925
1.0,20,69.368141
1.0,39,69.385591
0.0,18,69.393596
0.0,7,69.39671
1.0,20,69.405622
1.0,36,69.421769
1.0,55,69.446253
1.0,80,69.482017
1.0,22,69.491925
1.0,44,69.511683
1.0,57,69.537729
1.0,85,69.575725
1.0,19,69.58435
1.0,38,69.601713
0.0,13,69.607478
1.0,75,69.641065
1.0,18,69.649093
0.0,25,69.660247
1.0,52,69.683524
1.0,71,69.715363
1.0,18,69.723397
1.0,42,69.742135
1.0,65,69.771216
1.0,73,69.804245
1.0,18,69.812351
1.0,51,69.835147
0.0,26,69.846812
1.0,72,69.879053
1.0,18,69.8871
1.0,47,69.908087
0.0,26,69.919681
0.0,7,69.922809
1.0,19,69.931178
0.0,24,69.941987
1.0,48,69.96332
1.0,74,69.996743
1.0,18,70.004771
1.0,40,70.023067
1.0,53,70.046951
1.0,73,70.079674
1.0,20,70.088927
1.0,48,70.11081
0.0,10,70.115304
1.0,84,70.152828
1.0,22,70.162679
1.0,45,70.182745
1.0,57,70.208172
1.0,79,70.243482
1.0,18,70.251631
1.0,36,70.267708
1.0,56,70.292628
1.0,69,70.323664
1.0,20,70.33262
1.0,216,70.429495
0.0,9,70.433512
0.0,56,70.458623
1.0,18,70.466635
1.0,36,70.482817
0.0,21,70.492238
1.0,67,70.522656
0.0,5,70.524907
1.0,50,70.547668
1.0,52,70.570813
1.0,74,70.604638
1.0,18,70.612669
1.0,40,70.630699
0.0,34,70.645849
1.0,70,70.67717
1.0,18,70.685202
1.0,40,70.703114
1.0,50,70.725965
1.0,77,70.760541
1.0,20,70.769459
1.0,36,70.785684
1.0,51,70.808491
1.0,73,70.84129
1.0,19,70.849874
1.0,46,70.870361
1.0,52,70.893618
1.0,83,70.930845
1.0,20,70.939677
1.0,40,70.957512
1.0,46,70.978095
1.0,73,71.011197
1.0,19,71.019965
1.0,41,71.03853
1.0,57,71.064056
1.0,74,71.09785
1.0,22,71.107641
1.0,39,71.125133
0.0,5,71.127406
0.0,20,71.136313
1.0,26,71.147866
0.0,13,71.153729
1.0,55,71.178262
1.0,73,71.211079
1.0,20,71.21986
0.0,13,71.225639
1.0,53,71.249242
1.0,73,71.282018
1.0,18,71.290061
1.0,40,71.30801
0.0,28,71.320458
1.0,85,71.358456
1.0,23,71.368674
1.0,47,71.389749
1.0,50,71.411993
0.0,20,71.421031
1.0,18,71.429079
0.0,24,71.43978
1.0,52,71.463021
1.0,73,71.495985
1.0,20,71.504936
1.0,40,71.523101
1.0,52,71.54652
1.0,89,71.587438
1.0,20,71.596458
1.0,46,71.617416
1.0,46,71.638289
1.0,73,71.671266
1.0,24,71.681997
1.0,46,71.702451
0.0,5,71.704705
1.0,75,71.738286
1.0,20,71.747169
1.0,40,71.765047
1.0,48,71.786453
1.0,70,71.817789
0.0,14,71.824064
1.0,38,71.841235
1.0,52,71.864396
1.0,71,71.896248
1.0,20,71.905138
1.0,38,71.92221
1.0,48,71.943627
1.0,69,71.974602
1.0,18,71.982609
1.0,40,72.000499
1.0,54,72.024921
0.0,21,72.034241
1.0,18,72.042471
0.0,30,72.055945
0.0,27,72.068214
1.0,70,72.100312
1.0,20,72.109239
1.0,42,72.128048
1.0,52,72.151287
0.0,59,72.178515
1.0,24,72.189194
0.0,19,72.197714
1.0,48,72.21959
1.0,75,72.253294
1.0,18,72.261319
1.0,42,72.280078
1.0,51,72.302965
1.0,79,72.338408
1.0,20,72.347307
0.0,30,72.360732
1.0,50,72.383057
0.0,16,72.390192
1.0,18,72.398225
1.0,38,72.415319
1.0,59,72.441642
1.0,71,72.47341
1.0,22,72.483268
0.0,30,72.496612
1.0,46,72.517259
0.0,58,72.543714
1.0,24,72.554554
1.0,42,72.573497
1.0,51,72.59665
1.0,77,72.631517
1.0,23,72.641722
1.0,40,72.659553
1.0,56,72.684607
1.0,80,72.720526
1.0,22,72.730333
1.0,41,72.748737
1.0,60,72.775379
1.0,74,72.808989
1.0,20,72.818038
1.0,39,72.83555
1.0,48,72.857024
1.0,71,72.888747
1.0,19,72.897224
0.0,34,72.91242
1.0,54,72.936573
1.0,83,72.973711
1.0,21,72.982966
1.0,40,73.001144
1.0,48,73.022957
1.0,72,73.055491
0.0,16,73.062644
1.0,40,73.080412
1.0,50,73.103406
1.0,75,73.136943
1.0,19,73.145399
1.0,44,73.165021
1.0,58,73.190829
1.0,72,73.223017
1.0,18,73.23105
1.0,44,73.250678
0.0,28,73.263155
1.0,77,73.297574
1.0,22,73.307374
0.0,27,73.319422
1.0,49,73.341239
1.0,79,73.376529
1.0,22,73.386333
1.0,40,73.404183
1.0,50,73.426786
1.0,72,73.458938
1.0,20,73.467941
1.0,41,73.4862
1.0,57,73.512385
1.0,73,73.54554
1.0,18,73.553545
1.0,38,73.570563
0.0,33,73.58558
1.0,78,73.620987
1.0,18,73.629026
1.0,36,73.64513
0.0,42,73.663941
1.0,75,73.697582
1.0,19,73.706033
1.0,38,73.722955
1.0,47,73.743876
1.0,74,73.777025
1.0,18,73.78506
1.0,44,73.80464
0.0,11,73.809579
1.0,79,73.844902
1.0,20,73.85386
1.0,40,73.871742
1.0,46,73.89229
1.0,67,73.922243
1.0,24,73.932867
0.0,21,73.942272
0.0,26,73.953895
0.0,64,73.982497
1.0,22,73.992355
1.0,41,74.010601
1.0,49,74.032691
0.0,27,74.044962
0.0,12,74.050345
1.0,43,74.069524
1.0,48,74.091268
1.0,71,74.123335
1.0,20,74.132246
1.0,43,74.151465
0.0,30,74.164954
1.0,69,74.19594
1.0,20,74.204818
1.0,46,74.225414
1.0,56,74.250656
0.0,52,74.274206
1.0,20,74.283086
1.0,44,74.302686
1.0,53,74.326308
1.0,72,74.358677
1.0,20,74.367704
1.0,42,74.386497
0.0,16,74.393656
1.0,75,74.427273
1.0,20,74.436186
1.0,36,74.452316
1.0,52,74.475457
1.0,71,74.507649
1.0,22,74.517453
0.0,27,74.529896
1.0,58,74.556135
1.0,73,74.58929
1.0,22,74.599399
1.0,40,74.61727
0.0,12,74.62264
1.0,75,74.656221
1.0,18,74.664259
1.0,38,74.681196
1.0,60,74.708056
1.0,80,74.743833
1.0,18,74.75185
1.0,50,74.774077
1.0,50,74.79638
0.0,28,74.808912
1.0,24,74.81958
0.0,23,74.829967
0.0,22,74.839799
1.0,73,74.872506
1.0,21,74.881837
1.0,42,74.900674
1.0,50,74.923005
1.0,75,74.95663
1.0,22,74.966408
0.0,23,74.976824
0.0,41,74.994893
1.0,72,75.027559
1.0,24,75.038463
1.0,39,75.056066
1.0,50,75.078309
1.0,73,75.111574
1.0,20,75.120463
1.0,40,75.138339
1.0,52,75.161539
1.0,75,75.195082
1.0,18,75.203209
1.0,45,75.223173
1.0,50,75.245528
1.0,83,75.282701
1.0,22,75.292403
1.0,38,75.309395
1.0,46,75.329955
1.0,78,75.36482
0.0,7,75.367958
0.0,29,75.380895
1.0,56,75.405921
0.0,51,75.428785
1.0,20,75.437702
1.0,50,75.459917
1.0,53,75.483586
1.0,71,75.515514
1.0,20,75.524689
1.0,40,75.542806
1.0,56,75.56772
0.0,66,75.597584
1.0,22,75.607691
1.0,38,75.624653
1.0,49,75.646409
1.0,81,75.682666
1.0,20,75.691715
1.0,42,75.710429
1.0,49,75.73232
1.0,82,75.769053
1.0,22,75.778874
1.0,42,75.797584
1.0,48,75.819084
1.0,82,75.855762
1.0,18,75.863808
1.0,42,75.882611
1.0,52,75.905761
1.0,81,75.94203
1.0,18,75.950019
1.0,42,75.968793
1.0,61,75.995906
1.0,73,76.029132
1.0,20,76.038291
1.0,48,76.059988
1.0,54,76.08503
1.0,72,76.117918
1.0,18,76.125939
1.0,37,76.142444
1.0,48,76.163914
1.0,77,76.198412
0.0,11,76.203312
0.0,25,76.214507
1.0,53,76.238192
0.0,18,76.246238
1.0,21,76.255675
1.0,43,76.274849
1.0,51,76.297735
1.0,73,76.330372
1.0,24,76.341079
1.0,44,76.360776
1.0,50,76.383058
1.0,72,76.415415
1.0,22,76.425102
1.0,40,76.442928
1.0,56,76.467839
0.0,44,76.487472
1.0,21,76.496761
1.0,39,76.514163
1.0,50,76.536588
1.0,82,76.573631
1.0,19,76.582225
1.0,42,76.601306
1.0,52,76.624385
1.0,77,76.658831
1.0,18,76.667164
1.0,36,76.683264
1.0,50,76.705521
1.0,81,76.741695
1.0,20,76.750631
1.0,36,76.766806
1.0,55,76.791285
1.0,81,76.827489
1.0,18,76.835503
1.0,42,76.854206
1.0,57,76.879561
1.0,80,76.915331
1.0,18,76.923384
1.0,40,76.941215
0.0,29,76.954
0.0,52,76.977253
1.0,23,76.987386
0.0,11,76.992329
1.0,60,77.018922
1.0,87,77.058387
1.0,18,77.066398
1.0,42,77.085392
1.0,48,77.10698
0.0,41,77.125407
1.0,21,77.134804
1.0,41,77.153022
1.0,49,77.175257
1.0,69,77.206483
1.0,22,77.216268
1.0,40,77.23405
1.0,55,77.258571
1.0,77,77.29347
0.0,10,77.297969
1.0,38,77.314951
1.0,61,77.342095
1.0,73,77.374792
1.0,18,77.382794
1.0,40,77.400613
1.0,59,77.42685
1.0,76,77.460774
1.0,22,77.470565
1.0,40,77.48838
1.0,51,77.51134
1.0,70,77.543281
1.0,18,77.551305
1.0,36,77.567329
1.0,51,77.590336
1.0,76,77.624748
1.0,24,77.635186
0.0,11,77.640119
1.0,50,77.662445
0.0,68,77.692704
1.0,18,77.70092
1.0,72,77.733031
1.0,46,77.753456
1.0,69,77.784353
1.0,19,77.792799
1.0,38,77.809709
0.0,28,77.822135
0.0,52,77.845378
1.0,20,77.854339
0.0,34,77.869704
0.0,10,77.874208
1.0,74,77.907346
1.0,19,77.915793
1.0,41,77.934058
1.0,63,77.962035
1.0,75,77.99554
1.0,20,78.004429
1.0,38,78.021495
0.0,5,78.023888
1.0,78,78.058974
1.0,19,78.067416
1.0,40,78.085565
1.0,57,78.111257
1.0,77,78.145561
1.0,18,78.153634
1.0,36,78.169717
1.0,59,78.196012
1.0,70,78.227311
1.0,18,78.235315
1.0,42,78.254027
1.0,55,78.278468
1.0,74,78.311519
1.0,18,78.319526
1.0,38,78.336509
1.0,54,78.360524
1.0,73,78.39317
1.0,20,78.402097
0.0,13,78.407903
1.0,57,78.433172
1.0,75,78.467113
1.0,19,78.475585
1.0,40,78.493389
1.0,67,78.523443
1.0,76,78.557673
1.0,18,78.565737
1.0,40,78.583976
1.0,54,78.608333
1.0,79,78.643595
0.0,5,78.645823
1.0,38,78.662715
1.0,57,78.687927
1.0,86,78.726157
1.0,20,78.735048
1.0,38,78.752009
1.0,55,78.776416
1.0,78,78.811332
1.0,19,78.819761
1.0,40,78.837607
1.0,59,78.863718
0.0,15,78.870391
1.0,20,78.879265
1.0,40,78.897016
1.0,51,78.919642
1.0,73,78.952245
1.0,22,78.961969
1.0,44,78.981462
1.0,52,79.004954
1.0,83,79.04241
1.0,23,79.05254
1.0,44,79.072477
0.0,23,79.082966
1.0,73,79.116173
1.0,18,79.124177
1.0,44,79.143895
0.0,13,79.149704
1.0,71,79.181604
1.0,22,79.191364
1.0,40,79.209332
1.0,53,79.232827
1.0,68,79.263514
1.0,23,79.273832
0.0,7,79.276974
1.0,50,79.299218
1.0,77,79.333642
0.0,14,79.33988
1.0,41,79.358077
1.0,48,79.379443
1.0,83,79.416428
1.0,18,79.424435
1.0,43,79.443706
1.0,55,79.46804
1.0,74,79.501214
1.0,20,79.510174
1.0,40,79.528309
1.0,54,79.552555
1.0,81,79.588963
1.0,23,79.599224
1.0,38,79.616277
1.0,51,79.639075
0.0,58,79.664919
1.0,24,79.675957
1.0,38,79.692892
1.0,52,79.716117
1.0,75,79.749563
1.0,28,79.762034
1.0,44,79.781657
1.0,48,79.803046
1.0,75,79.836548
1.0,20,79.845425
1.0,38,79.862429
1.0,61,79.889569
1.0,80,79.925214
1.0,24,79.935904
1.0,44,79.955498
1.0,54,79.97947
1.0,76,80.013366
1.0,21,80.022929
1.0,40,80.041101
0.0,25,80.052266
1.0,80,80.088599
1.0,24,80.099356
1.0,38,80.116349
1.0,53,80.139866
1.0,75,80.173421
1.0,24,80.184073
1.0,44,80.203596
1.0,52,80.226762
1.0,77,80.261017
1.0,21,80.270661
1.0,38,80.287568
1.0,46,80.30826
0.0,9,80.312244
1.0,18,80.32023
1.0,36,80.336267
1.0,52,80.359438
1.0,70,80.390785
1.0,18,80.398793
0.0,11,80.403708
1.0,53,80.427303
1.0,73,80.459955
1.0,19,80.468313
1.0,45,80.488307
1.0,49,80.510493
1.0,75,80.544997
1.0,19,80.553469
1.0,38,80.570973
0.0,39,80.58875
1.0,77,80.623636
1.0,20,80.632542
1.0,47,80.653474
1.0,48,80.674801
1.0,73,80.707438
1.0,24,80.718108
1.0,46,80.738542
1.0,48,80.760124
0.0,24,80.770785
1.0,25,80.781853
1.0,46,80.802369
1.0,54,80.826242
1.0,81,80.86247
1.0,20,80.8718
1.0,42,80.890479
1.0,54,80.914568
1.0,77,80.948895
1.0,18,80.956895
1.0,42,80.975557
0.0,35,80.991021
0.0,50,81.013271
1.0,18,81.021326
1.0,38,81.038916
1.0,53,81.062502
1.0,77,81.097225
1.0,18,81.105514
1.0,44,81.125051
1.0,52,81.148166
1.0,77,81.18253
1.0,18,81.190503
1.0,42,81.209387
1.0,48,81.230792
1.0,71,81.262668
1.0,18,81.270672
1.0,42,81.289319
1.0,54,81.313338
1.0,74,81.34637
0.0,5,81.348613
1.0,46,81.369136
1.0,54,81.393092
1.0,71,81.424887
1.0,20,81.433779
1.0,40,81.451552
0.0,44,81.471395
1.0,75,81.505113
1.0,25,81.516173
1.0,48,81.537823
1.0,48,81.559505
1.0,76,81.5937
1.0,20,81.60286
0.0,31,81.616738
1.0,51,81.639501
1.0,70,81.670877
1.0,18,81.678866
1.0,40,81.696661
1.0,58,81.72242
1.0,78,81.757235
1.0,19,81.76566
1.0,38,81.782624
1.0,53,81.806182
1.0,81,81.843005
1.0,18,81.851064
1.0,40,81.868854
0.0,28,81.881342
0.0,65,81.910366
1.0,18,81.918396
1.0,44,81.938048
1.0,54,81.962012
1.0,71,81.993786
1.0,18,82.001879
1.0,40,82.020098
1.0,48,82.042106
1.0,73,82.075245
1.0,21,82.085032
1.0,42,82.104182
1.0,46,82.124715
1.0,78,82.159734
1.0,23,82.17014
1.0,36,82.186434
1.0,51,82.20919
1.0,83,82.246301
1.0,18,82.254307
1.0,44,82.273962
1.0,50,82.296251
1.0,73,82.329002
1.0,20,82.337898
1.0,45,82.357958
1.0,55,82.382471
1.0,81,82.418614
1.0,20,82.427518
1.0,40,82.445319
1.0,63,82.473201
0.0,43,82.492244
0.0,5,82.494601
1.0,46,82.515025
1.0,48,82.536754
1.0,71,82.568908
1.0,18,82.576924
1.0,42,82.595979
1.0,53,82.619883
1.0,75,82.653377
1.0,30,82.666694
1.0,40,82.684972
1.0,63,82.713117
1.0,80,82.748697
1.0,22,82.758493
1.0,36,82.774562
0.0,7,82.777694
0.0,16,82.784852
1.0,22,82.794616
1.0,38,82.81163
1.0,46,82.83207
1.0,76,82.865976
1.0,20,82.874918
1.0,38,82.891825
1.0,61,82.918929
1.0,69,82.949934
1.0,20,82.958831
1.0,38,82.975814
1.0,53,82.99942
1.0,75,83.033052
1.0,24,83.04394
1.0,38,83.060954
0.0,3,83.062306
0.0,11,83.067204
1.0,21,83.07645
1.0,42,83.09543
1.0,53,83.119322
1.0,70,83.15056
1.0,24,83.161223
0.0,23,83.171409
1.0,52,83.194582
0.0,7,83.19769
1.0,22,83.207439
1.0,42,83.226162
1.0,51,83.248786
1.0,77,83.283507
0.0,5,83.285759
1.0,52,83.308968
1.0,57,83.334296
1.0,79,83.369577
1.0,18,83.377584
1.0,38,83.394502
1.0,62,83.421992
1.0,74,83.455033
0.0,5,83.457273
1.0,40,83.475078
0.0,11,83.479995
0.0,9,83.483995
1.0,20,83.492881
1.0,44,83.512641
1.0,46,83.533512
0.0,36,83.549771
1.0,21,83.559143
1.0,38,83.576041
1.0,46,83.596887
1.0,82,83.634406
1.0,20,83.643301
1.0,45,83.663317
1.0,50,83.685637
1.0,73,83.71839
1.0,24,83.729016
1.0,38,83.746011
1.0,52,83.769195
1.0,79,83.804458
1.0,18,83.8125
1.0,40,83.830495
1.0,48,83.851802
1.0,73,83.88493
1.0,18,83.89305
1.0,40,83.910785
1.0,54,83.934984
1.0,74,83.968131
1.0,22,83.977903
1.0,40,83.995753
1.0,50,84.018065
0.0,24,84.028974
1.0,21,84.038213
1.0,47,84.059433
1.0,48,84.081052
1.0,70,84.112898
1.0,18,84.120981
1.0,36,84.136986
1.0,55,84.161509
1.0,77,84.195989
1.0,18,84.204011
0.0,25,84.215145
1.0,54,84.239228
1.0,73,84.272325
1.0,21,84.281615
1.0,38,84.298656
1.0,50,84.320989
1.0,73,84.353723
1.0,20,84.362609
1.0,44,84.382234
1.0,46,84.402782
1.0,73,84.435527
1.0,22,84.445297
1.0,44,84.464915
1.0,54,84.489285
1.0,80,84.525309
1.0,20,84.534251
1.0,50,84.556752
1.0,46,84.577736
1.0,79,84.613846
1.0,18,84.621828
1.0,44,84.641397
1.0,46,84.661965
1.0,71,84.693676
1.0,20,84.702542
1.0,47,84.723275
1.0,57,84.748585
0.0,9,84.752568
1.0,20,84.761506
1.0,40,84.779267
1.0,60,84.805936
1.0,89,84.845561
1.0,18,84.853569
0.0,26,84.865206
0.0,30,84.878655
1.0,84,84.916001
1.0,28,84.928426
1.0,40,84.946174
1.0,54,84.970188
0.0,20,84.979106
1.0,18,84.98715
1.0,36,85.003351
1.0,46,85.025187
1.0,77,85.060424
1.0,19,85.068921
1.0,40,85.087271
1.0,62,85.11538
1.0,78,85.150246
1.0,26,85.161742
1.0,44,85.181499
1.0,59,85.20768
1.0,83,85.244716
1.0,19,85.253208
1.0,38,85.270182
1.0,50,85.292533
1.0,69,85.323393
1.0,18,85.331478
0.0,37,85.347924
1.0,50,85.37023
1.0,71,85.401928
1.0,18,85.410009
1.0,38,85.426895
1.0,53,85.450608
1.0,70,85.481924
0.0,5,85.48417
1.0,46,85.504534
1.0,46,85.525239
1.0,85,85.563434
1.0,24,85.574109
1.0,47,85.595434
0.0,10,85.599916
1.0,74,85.633965
0.0,9,85.637991
0.0,12,85.643387
1.0,52,85.666517
1.0,75,85.700457
1.0,21,85.709872
0.0,28,85.722324
0.0,5,85.724569
1.0,80,85.760415
1.0,21,85.769742
1.0,46,85.790267
1.0,61,85.817292
1.0,79,85.852604
1.0,22,85.862496
1.0,44,85.882318
1.0,54,85.906421
1.0,73,85.939267
1.0,20,85.948166
1.0,40,85.966021
1.0,63,85.994084
1.0,74,86.027369
1.0,20,86.036248
1.0,40,86.054435
1.0,51,86.077125
1.0,75,86.111226
1.0,20,86.120124
0.0,9,86.124185
1.0,56,86.149105
1.0,72,86.181516
1.0,18,86.18953
1.0,40,86.20748
1.0,53,86.231115
1.0,73,86.263936
1.0,20,86.272777
1.0,46,86.29373
0.0,23,86.304067
1.0,81,86.340287
1.0,18,86.348273
1.0,44,86.367958
1.0,57,86.393296
0.0,46,86.413965
1.0,20,86.422822
1.0,38,86.439871
1.0,53,86.463501
1.0,78,86.498339
1.0,20,86.507332
0.0,25,86.518739
1.0,53,86.542904
0.0,41,86.561179
1.0,25,86.572278
0.0,25,86.583626
1.0,52,86.607538
1.0,76,86.641701
1.0,24,86.652513
1.0,44,86.672076
0.0,9,86.676116
1.0,77,86.710567
1.0,28,86.72302
0.0,9,86.727209
1.0,56,86.752068
1.0,81,86.788298
1.0,20,86.797258
1.0,39,86.814747
1.0,51,86.837412
1.0,82,86.874021
1.0,20,86.883376
1.0,42,86.902157
1.0,70,86.933348
0.0,62,86.961008
1.0,22,86.97077
0.0,9,86.974808
0.0,5,86.977054
1.0,77,87.011483
1.0,18,87.019494
1.0,38,87.036859
1.0,47,87.057951
1.0,87,87.097146
1.0,19,87.105898
1.0,38,87.12284
1.0,60,87.14976
1.0,79,87.185834
1.0,20,87.194713
1.0,38,87.211644
1.0,56,87.236533
1.0,71,87.268213
1.0,21,87.277381
1.0,40,87.295367
1.0,54,87.319247
1.0,74,87.352301
1.0,20,87.361198
1.0,42,87.379913
1.0,57,87.405198
0.0,24,87.415915
1.0,20,87.424786
1.0,43,87.443918
1.0,59,87.47013
1.0,69,87.501051
1.0,20,87.509944
1.0,38,87.527342
1.0,50,87.549835
1.0,70,87.581176
1.0,20,87.59039
1.0,45,87.61082
1.0,51,87.633532
1.0,78,87.668341
1.0,20,87.677318
1.0,42,87.696044
1.0,52,87.719348
1.0,77,87.75372
1.0,18,87.76173
1.0,38,87.778605
1.0,52,87.801815
1.0,76,87.835771
0.0,11,87.840675
1.0,40,87.858474
1.0,48,87.87997
1.0,80,87.915695
1.0,19,87.924047
1.0,44,87.943661
1.0,51,87.966327
1.0,74,87.999411
1.0,18,88.0074
1.0,42,88.02673
1.0,54,88.051007
1.0,73,88.083922
0.0,5,88.086495
1.0,36,88.102855
0.0,42,88.121478
1.0,75,88.155016
1.0,24,88.165805
1.0,39,88.18327
0.0,11,88.188154
1.0,79,88.223403
1.0,22,88.233176
1.0,47,88.254144
1.0,50,88.276403
1.0,75,88.309947
1.0,20,88.31888
1.0,48,88.340178
1.0,54,88.364286
1.0,87,88.403064
1.0,20,88.412021
1.0,40,88.429888
1.0,49,88.451674
1.0,74,88.484684
1.0,22,88.494472
1.0,38,88.511528
1.0,54,88.535734
0.0,41,88.554237
0.0,3,88.555591
1.0,42,88.57427
1.0,51,88.59739
1.0,71,88.629592
1.0,22,88.639377
1.0,40,88.657255
1.0,59,88.683491
1.0,77,88.717874
1.0,18,88.725894
1.0,38,88.742898
1.0,60,88.769508
0.0,53,88.79306
0.0,10,88.797523
1.0,41,88.815836
1.0,53,88.839383
1.0,68,88.869791
1.0,24,88.88043
1.0,44,88.900022
1.0,50,88.922245
1.0,74,88.955278
1.0,18,88.963368
1.0,40,88.981194
1.0,54,89.005249
1.0,75,89.039123
1.0,21,89.048678
1.0,38,89.065588
1.0,54,89.089824
1.0,79,89.125289
1.0,18,89.133304
1.0,42,89.152048
1.0,50,89.174315
1.0,75,89.207955
1.0,19,89.216389
1.0,37,89.232969
1.0,55,89.257554
1.0,78,89.292677
1.0,24,89.303383
1.0,44,89.322986
0.0,7,89.32612
1.0,74,89.359213
1.0,24,89.369871
1.0,38,89.386901
1.0,51,89.409537
1.0,72,89.441733
1.0,22,89.451594
1.0,36,89.467629
1.0,59,89.494377
1.0,81,89.532023
1.0,20,89.541149
1.0,40,89.558978
1.0,57,89.584414
1.0,69,89.616021
1.0,18,89.62407
1.0,42,89.642856
1.0,55,89.667387
0.0,54,89.691623
1.0,22,89.701338
1.0,44,89.720995
1.0,62,89.748596
1.0,75,89.782192
0.0,12,89.787578
1.0,36,89.803689
1.0,51,89.826366
1.0,70,89.857707
1.0,20,89.86663
1.0,40,89.884485
1.0,53,89.908046
1.0,71,89.939736
1.0,19,89.948342
1.0,44,89.967925
1.0,51,89.990885
0.0,30,90.00428
1.0,20,90.013189
1.0,40,90.031411
1.0,55,90.056395
1.0,75,90.090201
1.0,22,90.100364
1.0,40,90.118389
0.0,21,90.127756
1.0,75,90.162052
1.0,18,90.170187
1.0,38,90.187076
1.0,52,90.210258
1.0,73,90.242818
1.0,18,90.250927
1.0,43,90.270096
1.0,48,90.291481
1.0,71,90.323328
1.0,20,90.332231
1.0,38,90.349114
1.0,49,90.371063
0.0,59,90.397519
1.0,20,90.406432
1.0,38,90.423394
1.0,46,90.443985
1.0,71,90.475782
1.0,21,90.485076
1.0,38,90.501953
1.0,55,90.526813
0.0,7,90.529919
1.0,20,90.538789
1.0,44,90.558671
1.0,48,90.58006
1.0,81,90.617149
1.0,18,90.625222
1.0,38,90.642171
1.0,48,90.663614
1.0,79,90.699285
1.0,20,90.708267
1.0,44,90.72782
1.0,52,90.751037
1.0,81,90.787193
1.0,18,90.795163
1.0,36,90.811353
1.0,50,90.833569
1.0,79,90.868818
1.0,20,90.877739
1.0,36,90.893797
1.0,54,90.917805
1.0,73,90.950475
1.0,24,90.961119
0.0,30,90.974543
1.0,62,91.002105
0.0,24,91.01279
0.0,5,91.015037
1.0,36,91.03164
1.0,49,91.053616
1.0,75,91.087461
0.0,14,91.093722
1.0,40,91.111782
1.0,52,91.134923
1.0,76,91.168867
1.0,18,91.176893
0.0,7,91.180029
0.0,44,91.199708
1.0,78,91.234547
1.0,20,91.243447
1.0,38,91.260454
1.0,58,91.286259
1.0,73,91.319288
1.0,20,91.328181
1.0,50,91.350498
1.0,52,91.373628
1.0,75,91.407115
1.0,20,91.416053
0.0,28,91.428521
1.0,52,91.451645
1.0,71,91.483425
1.0,18,91.491477
1.0,40,91.509429
1.0,49,91.531601
1.0,81,91.568071
1.0,24,91.578748
1.0,43,91.598127
1.0,48,91.619876
0.0,15,91.626571
0.0,12,91.631916
1.0,54,91.656011
1.0,50,91.678305
0.0,52,91.701561
1.0,20,91.710474
1.0,38,91.727447
1.0,48,91.748684
1.0,71,91.780435
1.0,18,91.788448
1.0,36,91.804556
0.0,10,91.809039
1.0,79,91.84428
1.0,20,91.853177
0.0,30,91.866551
1.0,55,91.890996
1.0,78,91.926333
0.0,7,91.92948
1.0,45,91.949556
1.0,53,91.973135
0.0,32,91.987456
1.0,21,91.996862
1.0,40,92.014675
1.0,56,92.040074
1.0,78,92.075516
1.0,20,92.08441
1.0,44,92.104438
1.0,58,92.130169
0.0,36,92.146275
1.0,20,92.155329
1.0,41,92.173948
1.0,53,92.197709
1.0,73,92.230358
1.0,24,92.240911
1.0,37,92.257479
1.0,50,92.279695
1.0,71,92.311489
1.0,18,92.319513
1.0,38,92.33655
1.0,50,92.358786
1.0,79,92.395225
1.0,22,92.405489
1.0,38,92.422451
1.0,48,92.44395
1.0,79,92.479373
1.0,19,92.487829
0.0,13,92.493666
1.0,51,92.516726
1.0,77,92.552288
1.0,22,92.562151
1.0,38,92.579207
1.0,56,92.604661
1.0,79,92.639999
1.0,18,92.647999
0.0,9,92.6521
1.0,46,92.672651
1.0,77,92.707129
1.0,21,92.716439
1.0,40,92.734393
1.0,50,92.756708
1.0,77,92.791168
1.0,20,92.800085
1.0,40,92.817999
1.0,54,92.841959
1.0,74,92.87512
1.0,18,92.883107
1.0,47,92.904088
1.0,53,92.92772
1.0,73,92.960418
1.0,20,92.969375
1.0,36,92.985391
1.0,55,93.009859
1.0,73,93.043082
1.0,21,93.052375
1.0,51,93.074874
1.0,50,93.09731
1.0,73,93.130371
1.0,22,93.140174
1.0,38,93.157112
1.0,56,93.181969
1.0,71,93.213704
1.0,18,93.221679
1.0,40,93.239553
1.0,53,93.263096
1.0,79,93.298391
1.0,20,93.307305
1.0,40,93.325027
1.0,50,93.347317
1.0,75,93.380843
1.0,18,93.388853
1.0,40,93.406703
1.0,54,93.430755
1.0,86,93.469141
1.0,18,93.477144
1.0,43,93.496404
1.0,50,93.518635
1.0,69,93.550016
1.0,20,93.558944
1.0,38,93.575971
1.0,56,93.601144
0.0,56,93.626433
1.0,22,93.636229
1.0,40,93.65408
1.0,46,93.674515
1.0,78,93.709711
1.0,20,93.718619
1.0,40,93.736618
0.0,10,93.741094
0.0,18,93.749088
1.0,18,93.757092
1.0,42,93.775845
1.0,52,93.798987
1.0,79,93.834165
1.0,22,93.84403
1.0,40,93.862388
1.0,59,93.888755
1.0,73,93.921506
0.0,10,93.925993
1.0,38,93.942947
1.0,53,93.966889
0.0,40,93.985241
1.0,21,93.994747
1.0,40,94.013047
1.0,55,94.03819
0.0,56,94.063526
1.0,18,94.071581
1.0,42,94.090584
1.0,51,94.113673
1.0,75,94.147075
1.0,20,94.155973
1.0,40,94.173877
1.0,53,94.197412
1.0,79,94.232645
1.0,18,94.240648
1.0,37,94.25741
1.0,55,94.282007
1.0,75,94.315827
1.0,21,94.325075
1.0,41,94.34338
1.0,52,94.36656
0.0,32,94.380962
1.0,18,94.389042
1.0,42,94.407811
1.0,45,94.427818
1.0,86,94.466054
0.0,10,94.470544
1.0,38,94.487463
1.0,55,94.511931
1.0,81,94.54852
1.0,22,94.558476
0.0,9,94.562503
0.0,40,94.580303
1.0,69,94.611862
1.0,22,94.621609
1.0,38,94.638536
1.0,53,94.662065
1.0,67,94.692066
1.0,20,94.700939
1.0,38,94.718334
1.0,58,94.744335
0.0,23,94.754565
1.0,22,94.764317
1.0,44,94.783833
1.0,61,94.810955
1.0,72,94.84311
1.0,20,94.852009
1.0,38,94.868919
1.0,51,94.891642
1.0,75,94.925579
1.0,20,94.934573
1.0,36,94.950618
1.0,57,94.975942
1.0,75,95.009498
1.0,20,95.018392
1.0,36,95.034808
1.0,53,95.058691
0.0,9,95.062689
1.0,23,95.072932
1.0,38,95.090186
1.0,54,95.114406
1.0,70,95.145662
1.0,19,95.154004
1.0,51,95.176756
1.0,55,95.201249
1.0,74,95.234214
1.0,19,95.242656
1.0,43,95.261756
1.0,59,95.287991
1.0,73,95.320647
0.0,7,95.323781
1.0,44,95.343313
1.0,56,95.368153
1.0,82,95.404833
1.0,24,95.415329
1.0,36,95.431377
1.0,57,95.456529
1.0,77,95.49091
1.0,18,95.498998
1.0,40,95.517138
1.0,58,95.543759
1.0,67,95.573749
1.0,20,95.582723
1.0,38,95.599857
1.0,46,95.620776
0.0,9,95.62479
1.0,20,95.633683
1.0,44,95.653279
1.0,58,95.679054
0.0,62,95.706827
1.0,18,95.71484
1.0,38,95.731794
1.0,52,95.7549
1.0,79,95.790034
1.0,21,95.799233
1.0,36,95.815286
1.0,52,95.838333
1.0,78,95.873106
1.0,18,95.88115
0.0,9,95.88517
0.0,32,95.89939
1.0,69,95.930216
0.0,12,95.935628
1.0,42,95.954349
1.0,50,95.976591
1.0,73,96.00936
1.0,18,96.017386
1.0,38,96.034638
1.0,48,96.056252
1.0,73,96.089422
1.0,20,96.09831
1.0,36,96.115112
1.0,48,96.136487
0.0,20,96.145428
1.0,19,96.153802
1.0,36,96.169857
1.0,55,96.19426
1.0,81,96.230374
1.0,22,96.240123
1.0,42,96.258923
1.0,48,96.280292
1.0,72,96.312495
1.0,20,96.321336
1.0,36,96.337522
0.0,31,96.351282
0.0,44,96.370982
1.0,20,96.379902
1.0,45,96.399899
1.0,48,96.421456
0.0,11,96.426367
1.0,20,96.435259
1.0,36,96.451343
1.0,50,96.473593
1.0,73,96.506258
1.0,18,96.514266
1.0,39,96.531955
1.0,48,96.553497
1.0,83,96.591482
1.0,21,96.600884
1.0,42,96.619862
1.0,54,96.643881
1.0,69,96.674874
1.0,18,96.682883
1.0,40,96.700715
0.0,31,96.715044
1.0,83,96.752196
1.0,25,96.763268
1.0,46,96.783859
1.0,55,96.808408
1.0,76,96.842335
1.0,29,96.855183
0.0,7,96.858446
1.0,58,96.884228
0.0,55,96.908803
1.0,18,96.91678
1.0,41,96.935029
1.0,50,96.957256
1.0,77,96.991721
1.0,20,97.00058
0.0,9,97.004611
1.0,57,97.030509
0.0,37,97.047249
1.0,20,97.056147
1.0,40,97.074008
1.0,56,97.099392
1.0,77,97.134244
1.0,20,97.143367
1.0,45,97.163588
1.0,54,97.188184
0.0,11,97.193089
1.0,18,97.201199
1.0,41,97.219449
1.0,50,97.241712
1.0,82,97.278431
1.0,18,97.286447
1.0,42,97.305214
1.0,54,97.329576
1.0,84,97.367052
1.0,18,97.375082
1.0,46,97.395659
1.0,52,97.41876
1.0,73,97.451387
1.0,21,97.460624
1.0,40,97.478567
1.0,61,97.505704
1.0,75,97.539518
1.0,18,97.547765
1.0,40,97.565605
1.0,57,97.591251
1.0,80,97.627156
1.0,24,97.637803
0.0,27,97.649862
1.0,60,97.67663
1.0,77,97.710904
1.0,18,97.718886
1.0,36,97.734945
1.0,72,97.766933
1.0,71,97.798592
1.0,18,97.806627
1.0,42,97.82532
1.0,59,97.851486
1.0,73,97.884043
1.0,21,97.893355
1.0,44,97.913275
1.0,50,97.93553
1.0,75,97.968981
1.0,18,97.976988
1.0,38,97.993979
1.0,50,98.016188
1.0,78,98.051693
1.0,19,98.060081
1.0,38,98.077138
1.0,48,98.098814
0.0,11,98.104013
1.0,21,98.11337
1.0,42,98.132107
1.0,48,98.153568
1.0,73,98.186244
1.0,20,98.195138
1.0,38,98.212078
1.0,49,98.23388
1.0,72,98.266057
1.0,26,98.277604
1.0,38,98.294569
1.0,52,98.317691
1.0,94,98.359585
1.0,18,98.3676
0.0,19,98.37618
1.0,55,98.400501
1.0,76,98.434498
1.0,23,98.444941
1.0,38,98.462466
1.0,52,98.486245
1.0,75,98.521171
1.0,24,98.5325
1.0,40,98.550536
1.0,48,98.572047
1.0,78,98.607385
1.0,20,98.616396
1.0,50,98.638752
1.0,54,98.662664
0.0,30,98.676193
1.0,18,98.684211
1.0,40,98.702037
0.0,26,98.713732
0.0,7,98.716846
1.0,20,98.725739
1.0,46,98.746202
1.0,52,98.769363
1.0,82,98.805985
1.0,19,98.814483
1.0,43,98.833705
1.0,48,98.855057
1.0,83,98.891903
1.0,26,98.903525
1.0,36,98.919544
1.0,56,98.94436
1.0,82,98.980941
1.0,20,98.989839
0.0,16,98.996932
1.0,46,99.017475
1.0,73,99.050591
1.0,19,99.059126
1.0,43,99.07826
1.0,48,99.099972
0.0,53,99.124229
1.0,20,99.133168
1.0,44,99.152728
1.0,50,99.175124
1.0,78,99.210468
1.0,22,99.220325
1.0,40,99.238247
0.0,7,99.241487
0.0,56,99.266751
1.0,19,99.275389
1.0,42,99.29424
1.0,50,99.31663
1.0,83,99.353561
1.0,22,99.363459
0.0,22,99.373291
1.0,56,99.398116
1.0,73,99.430799
1.0,18,99.438809
1.0,40,99.456589
1.0,55,99.481198
1.0,77,99.515651
1.0,19,99.524092
1.0,38,99.541326
0.0,5,99.543818
0.0,20,99.552846
1.0,22,99.562618
0.0,21,99.571976
1.0,51,99.595055
1.0,79,99.630787
1.0,18,99.638853
1.0,38,99.655764
1.0,53,99.679421
1.0,71,99.711181
0.0,9,99.715536
1.0,38,99.73264
1.0,57,99.757977
1.0,89,99.797726
1.0,20,99.80663
1.0,36,99.8228
1.0,51,99.84561
0.0,22,99.855381
0.0,7,99.858508
1.0,40,99.876353
1.0,57,99.901865
0.0,54,99.926029
1.0,18,99.934048
1.0,38,99.950987
1.0,51,99.973775
1.0,77,100.008137
1.0,22,100.017892
1.0,40,100.03643
1.0,62,100.064408
0.0,25,100.075776
1.0,19,100.084221
1.0,50,100.107091
1.0,53,100.130815
1.0,74,100.164057
1.0,20,100.172965
1.0,38,100.190014
1.0,59,100.216166
0.0,65,100.245162
1.0,23,100.255383
1.0,36,100.27154
1.0,49,100.293319
1.0,72,100.325982
1.0,26,100.337611
1.0,41,100.355871
0.0,23,100.366108
1.0,81,100.402357
0.0,3,100.403709
1.0,44,100.423386
1.0,50,100.445667
1.0,73,100.478393
1.0,27,100.49044
1.0,40,100.508214
1.0,48,100.529905
1.0,74,100.563163
1.0,18,100.571336
1.0,42,100.590441
1.0,54,100.614726
0.0,19,100.623193
1.0,24,100.633805
1.0,42,100.652591
1.0,48,100.673903
1.0,69,100.704851
1.0,18,100.712876
1.0,42,100.731664
1.0,46,100.752151
1.0,83,100.789249
1.0,18,100.797403
1.0,40,100.815189
1.0,51,100.837884
1.0,71,100.869722
1.0,18,100.877697
0.0,21,100.887041
0.0,27,100.898931
1.0,74,100.932047
1.0,22,100.941809
1.0,36,100.957969
1.0,46,100.97836
1.0,69,101.009228
1.0,24,101.019993
1.0,37,101.036733
1.0,48,101.058403
1.0,88,101.097927
1.0,18,101.10622
1.0,42,101.124911
1.0,61,101.152115
1.0,69,101.183125
1.0,18,101.191091
1.0,40,101.209049
1.0,55,101.23337
1.0,83,101.270562
1.0,20,101.279329
1.0,47,101.300426
1.0,52,101.323621
1.0,74,101.356537
1.0,24,101.36729
1.0,40,101.385064
1.0,50,101.407413
1.0,73,101.440078
1.0,20,101.44883
1.0,42,101.46752
1.0,58,101.493403
1.0,71,101.525248
1.0,19,101.534334
1.0,42,101.55335
1.0,46,101.573869
1.0,85,101.61239
1.0,19,101.620831
1.0,45,101.641026
1.0,50,101.663422
1.0,78,101.698145
1.0,18,101.706278
1.0,38,101.723219
1.0,52,101.74644
1.0,82,101.78302
1.0,18,101.791046
1.0,43,101.810174
1.0,55,101.83463
0.0,20,101.843503
1.0,18,101.851644
1.0,44,101.871195
1.0,54,101.895185
0.0,32,101.909366
1.0,20,101.918284
1.0,52,101.941439
1.0,50,101.963643
1.0,75,101.997211
1.0,18,102.005365
1.0,46,102.025823
1.0,48,102.047839
1.0,81,102.084083
1.0,20,102.09326
0.0,26,102.105109
1.0,49,102.126986
0.0,11,102.131847
1.0,20,102.140675
1.0,44,102.16045
1.0,50,102.183491
1.0,84,102.220922
1.0,23,102.231222
1.0,42,102.249909
1.0,54,102.273908
1.0,72,102.306207
1.0,21,102.315468
1.0,44,102.335027
0.0,14,102.341265
1.0,81,102.377382
0.0,3,102.378731
1.0,38,102.395744
1.0,53,102.419386
1.0,75,102.452838
1.0,24,102.463581
1.0,46,102.484033
1.0,55,102.508645
1.0,77,102.543482
1.0,21,102.552912
1.0,40,102.570859
1.0,54,102.595265
1.0,73,102.628125
1.0,22,102.63796
1.0,40,102.655878
1.0,51,102.678568
1.0,67,102.708621
1.0,22,102.718368
1.0,42,102.737217
1.0,50,102.759644
0.0,21,102.768943
1.0,26,102.780481
1.0,40,102.798393
1.0,52,102.821539
1.0,69,102.852422
1.0,19,102.860862
1.0,39,102.878354
1.0,61,102.905303
1.0,87,102.945042
1.0,18,102.953274
1.0,38,102.970524
1.0,56,102.995471
1.0,77,103.03019
1.0,18,103.038301
1.0,39,103.05588
1.0,54,103.079918
1.0,71,103.112258
1.0,22,103.121921
1.0,42,103.140879
1.0,54,103.164841
1.0,90,103.205
1.0,22,103.214837
1.0,40,103.232662
1.0,50,103.255012
1.0,71,103.286917
1.0,21,103.296379
1.0,38,103.313347
1.0,57,103.338781
1.0,81,103.375007
1.0,22,103.384743
1.0,38,103.40182
1.0,52,103.424916
1.0,86,103.463227
1.0,19,103.47157
1.0,36,103.487606
1.0,50,103.509766
1.0,69,103.54143
1.0,18,103.549636
1.0,38,103.566713
1.0,52,103.590288
1.0,75,103.624075
1.0,22,103.633942
1.0,38,103.650983
1.0,49,103.672927
1.0,75,103.706535
1.0,18,103.714546
1.0,41,103.732744
1.0,52,103.755984
1.0,75,103.789561
1.0,18,103.797547
1.0,42,103.816238
1.0,51,103.838957
1.0,82,103.875502
1.0,18,103.88351
1.0,40,103.901513
0.0,28,103.913976
1.0,73,103.946771
1.0,18,103.95482
1.0,41,103.973191
1.0,54,103.997174
0.0,57,104.022728
1.0,23,104.033214
1.0,36,104.049639
1.0,58,104.075811
1.0,79,104.111296
1.0,21,104.120735
1.0,40,104.138856
0.0,40,104.156655
0.0,52,104.180164
1.0,20,104.18904
1.0,38,104.206137
1.0,48,104.227473
0.0,36,104.243601
1.0,18,104.251613
1.0,38,104.268821
1.0,55,104.293519
1.0,69,104.324781
1.0,20,104.333639
1.0,42,104.352376
1.0,54,104.376339
0.0,39,104.393952
1.0,20,104.402693
0.0,13,104.408541
1.0,60,104.435146
1.0,82,104.471803
1.0,20,104.480691
1.0,44,104.500378
1.0,60,104.527054
1.0,79,104.563251
1.0,23,104.57349
1.0,44,104.593161
0.0,11,104.598037
1.0,82,104.635003
1.0,26,104.646518
1.0,38,104.663609
1.0,53,104.687078
1.0,74,104.720184
1.0,19,104.728736
1.0,40,104.746959
1.0,55,104.771538
1.0,76,104.805486
1.0,21,104.814759
1.0,41,104.833014
1.0,55,104.857545
1.0,80,104.89335
1.0,18,104.901351
1.0,45,104.921508
1.0,53,104.945009
1.0,75,104.978537
1.0,20,104.987419
1.0,42,105.006279
1.0,51,105.029414
1.0,72,105.061815
1.0,18,105.069947
1.0,40,105.087758
1.0,54,105.112347
1.0,76,105.146288
1.0,18,105.154285
1.0,40,105.17204
1.0,54,105.196032
1.0,78,105.230784
0.0,5,105.233035
1.0,48,105.254431
1.0,58,105.280064
0.0,11,105.284953
0.0,5,105.287177
1.0,42,105.306044
1.0,61,105.33316
1.0,77,105.367982
1.0,22,105.377698
1.0,43,105.396856
1.0,54,105.420921
0.0,34,105.43606
1.0,18,105.444184
1.0,38,105.461126
1.0,48,105.48252
1.0,71,105.514144
1.0,26,105.525714
1.0,42,105.544696
1.0,52,105.568094
1.0,74,105.601494
1.0,20,105.610655
1.0,40,105.628403
1.0,48,105.649797
1.0,77,105.684339
1.0,20,105.693229
0.0,11,105.698158
0.0,11,105.703069
1.0,81,105.739206
1.0,20,105.748229
1.0,36,105.764312
0.0,34,105.779409
0.0,40,105.79727
1.0,18,105.80528
0.0,26,105.81691
1.0,52,105.84021
1.0,73,105.872844
1.0,18,105.881131
1.0,40,105.899267
1.0,60,105.925921
1.0,81,105.962594
1.0,22,105.97237
1.0,38,105.989439
0.0,43,106.008594
1.0,73,106.042
1.0,20,106.051274
1.0,44,106.070941
1.0,52,106.0945
1.0,71,106.126698
1.0,24,106.137239
1.0,41,106.155463
1.0,62,106.183062
1.0,73,106.21577
1.0,22,106.225541
1.0,38,106.242542
0.0,26,106.254193
1.0,77,106.288615
1.0,25,106.299783
1.0,36,106.31595
1.0,51,106.338655
1.0,74,106.371753
1.0,22,106.381515
1.0,39,106.399071
1.0,55,106.423653
1.0,75,106.457151
1.0,18,106.465256
0.0,9,106.469292
1.0,46,106.489767
1.0,76,106.523798
1.0,18,106.532102
1.0,40,106.550722
1.0,50,106.573027
1.0,72,106.606102
1.0,22,106.61592
1.0,46,106.636495
0.0,40,106.654467
0.0,72,106.686579
0.0,7,106.689715
1.0,40,106.707623
1.0,57,106.733716
1.0,75,106.76724
0.0,8,106.770935
1.0,40,106.788801
1.0,50,106.811231
1.0,71,106.84392
1.0,20,106.852825
1.0,42,106.871559
1.0,48,106.893025
1.0,76,106.927025
1.0,20,106.93594
1.0,43,106.955057
0.0,44,106.974717
0.0,33,106.989437
1.0,20,106.998396
1.0,40,107.016158
1.0,51,107.039337
0.0,40,107.057316
1.0,18,107.065324
1.0,38,107.082396
1.0,49,107.104504
1.0,73,107.137574
0.0,12,107.143331
1.0,46,107.16393
1.0,60,107.191442
1.0,75,107.224987
1.0,21,107.234237
0.0,28,107.246748
1.0,49,107.268624
0.0,32,107.282837
1.0,22,107.292629
1.0,46,107.313167
1.0,51,107.335805
0.0,71,107.367255
1.0,20,107.376179
1.0,44,107.395784
1.0,52,107.419706
0.0,20,107.428649
1.0,18,107.436797
1.0,48,107.458534
1.0,59,107.484685
1.0,74,107.517733
1.0,20,107.526637
1.0,52,107.55051
1.0,46,107.571007
0.0,15,107.577731
1.0,19,107.586168
1.0,37,107.603006
1.0,52,107.626394
1.0,75,107.65997
1.0,18,107.667968
1.0,41,107.686304
1.0,58,107.711946
1.0,75,107.745781
1.0,24,107.756608
0.0,13,107.76238
1.0,51,107.785163
1.0,74,107.818251
1.0,20,107.827192
1.0,42,107.845858
1.0,56,107.870761
0.0,38,107.887726
1.0,18,107.895736
1.0,39,107.913129
1.0,46,107.933594
1.0,89,107.9732
1.0,24,107.98391
1.0,42,108.002529
1.0,56,108.027374
1.0,71,108.059846
1.0,21,108.069155
1.0,42,108.087916
0.0,18,108.096259
1.0,77,108.13088
1.0,18,108.138866
1.0,37,108.155353
1.0,50,108.177594
1.0,77,108.212086
1.0,18,108.220074
1.0,40,108.237856
1.0,50,108.260196
0.0,36,108.27618
1.0,18,108.284238
1.0,42,108.303014
1.0,49,108.324808
1.0,77,108.359656
1.0,18,108.367682
1.0,42,108.386367
1.0,48,108.407996
1.0,81,108.444134
1.0,18,108.452101
1.0,36,108.468127
1.0,46,108.488622
1.0,76,108.522572
1.0,18,108.530832
1.0,40,108.54891
1.0,55,108.573514
1.0,71,108.605759
1.0,19,108.614281
1.0,40,108.632232
1.0,50,108.654382
1.0,85,108.692249
1.0,18,108.700289
1.0,40,108.718122
1.0,50,108.740466
1.0,71,108.772174
1.0,20,108.781038
0.0,26,108.792834
1.0,58,108.818545
1.0,75,108.851969
0.0,5,108.854218
1.0,50,108.876424
1.0,56,108.901367
1.0,71,108.933136
1.0,18,108.941133
1.0,36,108.95763
1.0,46,108.978161
1.0,81,109.014349
1.0,20,109.023246
1.0,40,109.041759
1.0,49,109.063793
0.0,55,109.08849
1.0,22,109.098503
1.0,44,109.118514
0.0,25,109.129718
1.0,77,109.164055
1.0,18,109.172186
1.0,41,109.19046
1.0,50,109.21282
1.0,72,109.245017
1.0,20,109.254126
1.0,38,109.271307
1.0,49,109.293113
0.0,38,109.310144
0.0,14,109.316388
1.0,45,109.336356
1.0,61,109.363464
1.0,71,109.395968
1.0,24,109.406664
1.0,47,109.427636
0.0,26,109.439233
0.0,48,109.460726
1.0,28,109.473131
1.0,38,109.49016
1.0,53,109.513657
1.0,71,109.545933
1.0,20,109.555332
1.0,48,109.576731
0.0,10,109.58119
1.0,81,109.617953
1.0,24,109.628602
1.0,38,109.645556
0.0,7,109.64869
1.0,85,109.686682
1.0,20,109.695575
1.0,42,109.714389
1.0,51,109.737129
1.0,78,109.771999
1.0,20,109.78091
1.0,39,109.79833
1.0,56,109.823271
1.0,74,109.856379
1.0,20,109.865297
1.0,38,109.882294
1.0,42,109.900894
1.0,75,109.934527
1.0,23,109.944832
1.0,41,109.963129
1.0,55,109.987776
1.0,77,110.022239
1.0,18,110.030504
1.0,39,110.048206
1.0,49,110.070116
1.0,73,110.10316
1.0,18,110.111482
1.0,36,110.127551
0.0,19,110.136172
0.0,7,110.139287
0.0,10,110.143784
1.0,44,110.16386
1.0,52,110.186999
0.0,9,110.190989
1.0,20,110.199891
1.0,38,110.216879
1.0,52,110.239912
1.0,73,110.272596
1.0,18,110.280579
1.0,43,110.299844
1.0,52,110.322991
1.0,77,110.35734
1.0,18,110.365414
0.0,25,110.376564
1.0,50,110.398976
1.0,82,110.435606
1.0,18,110.443565
1.0,38,110.460685
1.0,60,110.487499
1.0,82,110.524176
1.0,22,110.53416
1.0,42,110.55355
1.0,54,110.577424
0.0,13,110.583225
1.0,22,110.59343
1.0,36,110.60979
1.0,50,110.632215
1.0,74,110.665346
1.0,18,110.67335
1.0,38,110.690259
1.0,54,110.714314
1.0,81,110.750909
1.0,18,110.75896
0.0,9,110.762993
1.0,52,110.786241
1.0,73,110.81902
1.0,20,110.8279
1.0,43,110.847025
1.0,52,110.870268
0.0,50,110.892648
1.0,21,110.901976
1.0,40,110.91977
1.0,52,110.943037
1.0,79,110.978295
1.0,22,110.988109
1.0,36,111.004272
1.0,56,111.029143
1.0,84,111.066986
1.0,18,111.075018
1.0,42,111.094024
1.0,49,111.116181
0.0,34,111.131364
1.0,18,111.139377
1.0,40,111.157507
0.0,3,111.158901
1.0,78,111.193612
1.0,18,111.201733
1.0,38,111.218651
0.0,3,111.220006
1.0,69,111.2509
1.0,18,111.258981
1.0,37,111.275599
1.0,53,111.299206
1.0,67,111.329208
1.0,18,111.337223
1.0,38,111.354693
1.0,58,111.380529
1.0,72,111.412608
1.0,22,111.422529
1.0,46,111.44287
1.0,49,111.464777
1.0,72,111.497173
1.0,18,111.505206
1.0,45,111.525143
1.0,57,111.551131
0.0,13,111.556896
1.0,20,111.5658
0.0,21,111.575307
1.0,63,111.603603
1.0,74,111.636948
1.0,18,111.64501
0.0,11,111.649985
1.0,53,111.673541
1.0,75,111.707277
1.0,18,111.71528
1.0,36,111.731414
1.0,56,111.75621
1.0,75,111.789725
1.0,18,111.797851
1.0,38,111.814711
1.0,57,111.840151
1.0,74,111.873309
1.0,20,111.882255
1.0,46,111.903543
1.0,57,111.929615
1.0,71,111.962005
1.0,20,111.970958
1.0,40,111.988909
1.0,55,112.01338
1.0,75,112.047709
1.0,18,112.055822
1.0,38,112.073107
0.0,21,112.082524
1.0,79,112.118412
1.0,24,112.128991
1.0,42,112.147874
1.0,55,112.172764
1.0,82,112.20996
1.0,18,112.218074
1.0,38,112.235066
1.0,57,112.260531
0.0,16,112.267664
1.0,18,112.275684
1.0,43,112.295
1.0,57,112.320301
1.0,71,112.351998
1.0,20,112.360906
0.0,24,112.371728
1.0,56,112.396778
1.0,78,112.431748
1.0,20,112.440754
1.0,40,112.458619
1.0,56,112.483559
1.0,71,112.515788
1.0,18,112.524051
1.0,43,112.543501
1.0,56,112.569101
0.0,14,112.575358
1.0,20,112.584301
0.0,11,112.589239
1.0,60,112.616356
1.0,76,112.650423
1.0,22,112.660212
1.0,40,112.678193
1.0,50,112.700452
0.0,60,112.727378
1.0,18,112.735398
1.0,42,112.754166
1.0,55,112.778655
0.0,49,112.800629
1.0,20,112.809528
0.0,23,112.819905
1.0,55,112.844343
1.0,77,112.8788
1.0,20,112.887685
1.0,42,112.906468
1.0,52,112.929629
1.0,76,112.963656
1.0,20,112.972669
1.0,40,112.990533
1.0,52,113.01379
1.0,79,113.049859
1.0,18,113.057844
1.0,44,113.077431
0.0,33,113.092522
1.0,75,113.126409
1.0,20,113.135304
1.0,40,113.153393
1.0,53,113.177166
1.0,70,113.20854
1.0,22,113.218302
1.0,36,113.234426
1.0,50,113.256727
1.0,76,113.29079
1.0,18,113.298875
1.0,45,113.319062
1.0,57,113.344336
0.0,16,113.351595
1.0,19,113.360028
0.0,30,113.373443
1.0,54,113.397559
1.0,74,113.430695
1.0,18,113.438753
1.0,42,113.457473
1.0,57,113.482929
1.0,77,113.517334
1.0,20,113.526225
1.0,38,113.543666
0.0,21,113.553286
1.0,76,113.587372
1.0,21,113.597032
1.0,46,113.617822
1.0,53,113.641489
1.0,76,113.675575
1.0,22,113.685345
1.0,44,113.705066
1.0,53,113.728721
1.0,77,113.763653
1.0,20,113.772544
1.0,45,113.792607
1.0,50,113.814909
1.0,80,113.85068
1.0,22,113.86043
1.0,38,113.877497
0.0,5,113.879737
1.0,73,113.912354
1.0,20,113.921338
1.0,38,113.938231
1.0,49,113.960146
0.0,11,113.965059
1.0,22,113.974855
1.0,42,113.993682
1.0,53,114.017225
1.0,80,114.053618
1.0,20,114.062531
1.0,45,114.082742
1.0,48,114.104481
1.0,73,114.137299
1.0,18,114.145398
1.0,43,114.164572
1.0,46,114.185277
1.0,81,114.221455
1.0,18,114.22948
1.0,36,114.245558
1.0,56,114.270943
0.0,20,114.279861
1.0,21,114.289175
1.0,54,114.313331
1.0,55,114.337862
0.0,46,114.358372
1.0,21,114.367703
1.0,38,114.384772
1.0,52,114.40806
1.0,80,114.443961
1.0,18,114.451989
1.0,40,114.469791
1.0,48,114.491276
0.0,9,114.495305
1.0,21,114.504565
0.0,14,114.510756
1.0,57,114.536394
0.0,55,114.56154
1.0,26,114.573126
1.0,37,114.589632
1.0,52,114.613595
1.0,75,114.647159
1.0,18,114.655205
1.0,38,114.67225
1.0,55,114.696624
1.0,71,114.728399
1.0,23,114.7386
1.0,38,114.755659
1.0,53,114.779205
0.0,51,114.802103
1.0,19,114.810599
0.0,21,114.819973
1.0,48,114.841479
1.0,71,114.873325
1.0,21,114.882644
1.0,54,114.906741
1.0,50,114.929045
0.0,40,114.946977
1.0,24,114.957628
1.0,36,114.973845
0.0,12,114.97922
1.0,75,115.012727
1.0,18,115.020715
1.0,42,115.039688
1.0,46,115.060817
1.0,81,115.09733
1.0,20,115.106234
0.0,23,115.116813
1.0,52,115.140093
1.0,75,115.174484
1.0,22,115.18424
1.0,42,115.203028
1.0,60,115.229589
1.0,79,115.264846
1.0,20,115.273659
1.0,40,115.291606
1.0,52,115.314834
0.0,40,115.332641
1.0,22,115.342427
1.0,40,115.360349
1.0,51,115.383049
1.0,70,115.414429
1.0,18,115.422824
1.0,40,115.441014
1.0,56,115.465977
1.0,73,115.498621
1.0,18,115.506758
1.0,42,115.525474
1.0,51,115.548837
1.0,71,115.580779
1.0,18,115.58879
1.0,36,115.605016
1.0,48,115.626757
1.0,71,115.658509
1.0,18,115.666527
1.0,40,115.68434
1.0,50,115.706648
1.0,78,115.741491
1.0,22,115.751258
1.0,42,115.770144
1.0,50,115.792348
1.0,75,115.825871
1.0,23,115.836001
1.0,39,115.853499
1.0,52,115.876677
1.0,76,115.910735
1.0,20,115.919742
1.0,40,115.937656
0.0,12,115.94301
1.0,75,115.976593
1.0,21,115.985914
1.0,46,116.006439
1.0,47,116.027267
1.0,73,116.06072
1.0,19,116.069179
1.0,37,116.085856
1.0,50,116.108716
0.0,57,116.134073
1.0,22,116.143815
1.0,41,116.162204
1.0,50,116.184593
0.0,7,116.187715
1.0,22,116.197466
1.0,42,116.21613
1.0,58,116.241968
1.0,83,116.279142
1.0,18,116.287213
1.0,48,116.308734
1.0,55,116.333135
1.0,76,116.367118
1.0,22,116.377402
1.0,50,116.400315
0.0,3,116.401735
1.0,73,116.435119
1.0,20,116.444074
1.0,40,116.461968
1.0,53,116.485533
1.0,84,116.52301
1.0,22,116.533129
1.0,42,116.552366
1.0,52,116.575765
0.0,55,116.600842
1.0,21,116.610479
1.0,44,116.630033
1.0,46,116.650668
1.0,73,116.683329
1.0,18,116.691368
1.0,43,116.710561
0.0,5,116.712814
1.0,82,116.749475
1.0,18,116.757556
1.0,36,116.773573
1.0,53,116.79738
1.0,73,116.83013
1.0,19,116.838505
1.0,41,116.856753
1.0,53,116.880469
1.0,73,116.913237
1.0,18,116.921259
1.0,40,116.939033
1.0,55,116.963581
1.0,82,117.000798
1.0,22,117.010595
1.0,37,117.027351
1.0,53,117.051539
1.0,83,117.08878
1.0,20,117.097929
1.0,40,117.116089
1.0,54,117.140261
1.0,71,117.172373
1.0,19,117.180825
1.0,42,117.199964
0.0,11,117.204887
1.0,73,117.237804
1.0,20,117.246816
1.0,43,117.266021
1.0,49,117.287919
1.0,75,117.321578
1.0,22,117.331362
1.0,42,117.350081
1.0,47,117.371125
1.0,74,117.404316
1.0,20,117.413218
1.0,40,117.431159
1.0,60,117.457828
1.0,78,117.492733
1.0,20,117.501652
1.0,37,117.518223
1.0,57,117.543718
1.0,81,117.580277
1.0,20,117.589679
1.0,38,117.606895
0.0,7,117.610238
1.0,71,117.642425
1.0,34,117.657537
1.0,47,117.678519
1.0,51,117.701392
1.0,72,117.733532
1.0,24,117.744302
1.0,42,117.763044
1.0,50,117.785423
1.0,72,117.817756
1.0,18,117.825772
1.0,38,117.84281
1.0,46,117.863373
1.0,75,117.89697
1.0,22,117.906746
1.0,40,117.924795
1.0,56,117.949712
1.0,75,117.983365
0.0,10,117.987848
1.0,39,118.005294
1.0,50,118.027542
0.0,61,118.055849
1.0,24,118.066522
0.0,21,118.075983
1.0,48,118.09768
1.0,77,118.132569
1.0,21,118.141889
1.0,38,118.158989
1.0,56,118.183832
1.0,73,118.217098
0.0,5,118.219345
1.0,39,118.236837
1.0,56,118.261747
1.0,73,118.294512
1.0,21,118.304046
1.0,40,118.321892
1.0,51,118.344605
1.0,81,118.380877
1.0,25,118.391967
1.0,45,118.412019
1.0,52,118.435386
1.0,69,118.466335
1.0,20,118.475249
1.0,38,118.492278
1.0,48,118.513628
0.0,9,118.517644
0.0,12,118.523012
1.0,42,118.542115
0.0,26,118.554008
1.0,76,118.588053
1.0,22,118.598339
0.0,19,118.607
1.0,54,118.631336
1.0,72,118.663574
1.0,18,118.671604
1.0,48,118.693083
1.0,61,118.72026
1.0,73,118.752791
1.0,18,118.760981
1.0,45,118.780969
1.0,54,118.805634
1.0,80,118.841407
1.0,18,118.849417
1.0,44,118.869029
1.0,58,118.89494
1.0,69,118.926066
1.0,22,118.935887
1.0,40,118.953812
1.0,50,118.97612
1.0,77,119.01071
1.0,23,119.020933
0.0,11,119.02585
0.0,30,119.039392
0.0,58,119.065613
0.0,7,119.068756
1.0,40,119.086561
1.0,49,119.10903
1.0,73,119.141744
1.0,20,119.150646
1.0,42,119.169481
1.0,53,119.193223
1.0,83,119.230437
1.0,20,119.239318
1.0,41,119.25792
1.0,53,119.2818
1.0,69,119.312865
1.0,24,119.323611
0.0,21,119.333
1.0,51,119.355763
1.0,70,119.387217
1.0,18,119.395694
1.0,38,119.412774
1.0,58,119.438761
0.0,64,119.467323
1.0,22,119.477213
1.0,40,119.494917
1.0,53,119.518602
1.0,77,119.553778
1.0,20,119.562615
1.0,42,119.581382
1.0,51,119.60442
1.0,83,119.64199
1.0,18,119.649991
1.0,37,119.666595
1.0,55,119.691295
1.0,71,119.724372
1.0,20,119.73332
1.0,37,119.750035
1.0,59,119.776266
1.0,84,119.813994
1.0,18,119.82213
1.0,42,119.840845
1.0,54,119.864952
0.0,24,119.875627
1.0,18,119.88365
1.0,40,119.901616
1.0,57,119.926966
0.0,9,119.931091
1.0,20,119.940004
1.0,44,119.959575
1.0,52,119.982839
1.0,75,120.016924
1.0,34,120.031928
1.0,38,120.04974
1.0,55,120.07452
0.0,60,120.101807
1.0,23,120.112253
1.0,38,120.129316
1.0,55,120.153821
0.0,9,120.157989
1.0,18,120.166015
1.0,40,120.183845
1.0,61,120.211118
1.0,82,120.247732
1.0,19,120.256165
1.0,46,120.276682
1.0,51,120.299496
1.0,77,120.333901
1.0,18,120.341904
1.0,37,120.358432
1.0,53,120.382084
1.0,81,120.418323
1.0,20,120.427352
1.0,46,120.447849
1.0,53,120.471623
1.0,83,120.508776
1.0,22,120.518567
1.0,42,120.537642
1.0,57,120.563292
1.0,77,120.598729
0.0,7,120.601873
1.0,38,120.619302
1.0,52,120.642488
0.0,15,120.649296
1.0,22,120.659119
1.0,44,120.678756
1.0,49,120.700922
1.0,83,120.73816
1.0,22,120.748003
1.0,48,120.769538
1.0,63,120.797546
1.0,77,120.832072
1.0,20,120.84107
1.0,40,120.858905
1.0,54,120.8837
1.0,74,120.917534
1.0,19,120.926052
1.0,42,120.944775
1.0,57,120.970262
1.0,87,121.009333
1.0,20,121.018312
1.0,36,121.034823
1.0,53,121.059009
1.0,80,121.095086
1.0,18,121.103228
0.0,27,121.115618
1.0,60,121.142496
0.0,38,121.15945
1.0,22,121.169242
1.0,38,121.18624
1.0,56,121.21161
1.0,79,121.24712
1.0,18,121.25531
1.0,40,121.273182
1.0,57,121.298625
1.0,71,121.33051
1.0,20,121.339351
1.0,38,121.356325
1.0,49,121.378276
1.0,79,121.413687
1.0,18,121.421695
1.0,40,121.439578
0.0,28,121.452187
1.0,74,121.485345
1.0,20,121.494253
1.0,36,121.510306
1.0,57,121.536021
1.0,86,121.574691
1.0,18,121.582729
1.0,42,121.601956
1.0,50,121.62483
1.0,73,121.657689
1.0,20,121.666616
1.0,42,121.685566
1.0,52,121.709077
1.0,83,121.746459
1.0,22,121.75623
1.0,42,121.775128
1.0,48,121.797258
1.0,70,121.828966
1.0,22,121.83876
1.0,36,121.854863
1.0,54,121.879235
1.0,79,121.91482
1.0,22,121.924557
1.0,41,121.943044
1.0,50,121.965658
1.0,76,122.000012
1.0,18,122.008077
1.0,43,122.027511
1.0,50,122.05095
1.0,71,122.082906
1.0,18,122.09099
1.0,43,122.110954
1.0,61,122.13851
1.0,78,122.174175
1.0,20,122.183075
1.0,38,122.200494
1.0,53,122.224378
1.0,76,122.258638
1.0,18,122.266649
1.0,40,122.284619
1.0,50,122.30717
1.0,91,122.34796
0.0,5,122.350304
1.0,36,122.366392
1.0,50,122.389082
1.0,86,122.428191
1.0,18,122.436251
1.0,46,122.456999
1.0,47,122.478249
1.0,74,122.511625
1.0,21,122.521002
1.0,40,122.539384
1.0,56,122.565058
0.0,51,122.588256
1.0,18,122.596666
1.0,36,122.613077
1.0,59,122.639574
1.0,74,122.673078
1.0,26,122.684649
1.0,38,122.701744
1.0,51,122.724672
1.0,85,122.762886
1.0,22,122.772686
1.0,44,122.792508
1.0,53,122.816477
1.0,75,122.850269
1.0,18,122.85827
1.0,40,122.876265
1.0,49,122.898441
0.0,36,122.914535
0.0,3,122.915892
1.0,41,122.934372
1.0,57,122.960205
1.0,83,122.997875
1.0,18,123.006224
1.0,46,123.026963
1.0,55,123.052212
1.0,69,123.083385
1.0,23,123.09394
1.0,36,123.110464
1.0,66,123.13995
0.0,18,123.148147
1.0,18,123.156408
0.0,21,123.166188
0.0,12,123.171763
1.0,74,123.2052
1.0,20,123.214398
1.0,46,123.235827
1.0,53,123.260355
0.0,11,123.265282
1.0,23,123.275637
1.0,36,123.292324
1.0,53,123.31703
1.0,73,123.350004
1.0,18,123.358014
1.0,42,123.376743
1.0,50,123.398904
0.0,50,123.421329
1.0,18,123.429356
1.0,41,123.447733
1.0,59,123.473987
1.0,80,123.510523
0.0,5,123.512778
0.0,21,123.522257
0.0,21,123.531652
1.0,85,123.57022
1.0,26,123.581857
1.0,43,123.601769
1.0,51,123.624866
0.0,19,123.633333
1.0,19,123.641878
1.0,44,123.661395
1.0,66,123.690862
1.0,77,123.72536
1.0,18,123.733363
0.0,23,123.74365
1.0,57,123.769083
1.0,73,123.801908
1.0,18,123.809949
0.0,26,123.8216
1.0,51,123.844415
1.0,80,123.880209
1.0,18,123.888218
1.0,37,123.904844
1.0,54,123.928804
1.0,76,123.962963
1.0,20,123.971886
1.0,44,123.991539
1.0,58,124.017524
1.0,81,124.054496
1.0,22,124.06446
0.0,25,124.075784
1.0,53,124.099936
1.0,78,124.135031
1.0,20,124.143936
1.0,42,124.162644
1.0,51,124.185546
1.0,81,124.22223
1.0,20,124.231142
1.0,40,124.249123
1.0,61,124.276621
1.0,85,124.314673
1.0,18,124.322785
1.0,38,124.339739
1.0,53,124.363417
1.0,71,124.395236
1.0,18,124.403247
0.0,9,124.40728
1.0,49,124.429249
1.0,77,124.46367
1.0,22,124.473547
1.0,48,124.494865
1.0,58,124.520631
1.0,83,124.558334
1.0,20,124.567286
1.0,40,124.585306
0.0,13,124.591088
1.0,79,124.627059
1.0,24,124.63771
1.0,42,124.656523
0.0,47,124.677437
1.0,79,124.712806
1.0,20,124.721692
1.0,38,124.738772
1.0,57,124.764148
1.0,82,124.8013
1.0,19,124.80987
1.0,38,124.82686
1.0,66,124.856374
1.0,81,124.892524
0.0,7,124.895656
1.0,44,124.915239
1.0,53,124.938913
1.0,73,124.971783
1.0,18,124.979804
1.0,40,124.997731
1.0,50,125.019974
1.0,77,125.055084
1.0,19,125.063431
1.0,38,125.080534
1.0,53,125.104439
1.0,77,125.139154
0.0,5,125.141401
1.0,42,125.160244
1.0,50,125.182514
1.0,73,125.215566
1.0,18,125.223683
0.0,11,125.228607
0.0,12,125.233962
1.0,77,125.268481
1.0,22,125.278284
1.0,40,125.296206
1.0,55,125.320698
1.0,83,125.357857
0.0,5,125.36012
1.0,48,125.381998
1.0,53,125.406245
0.0,40,125.424269
1.0,18,125.432476
1.0,41,125.451166
0.0,9,125.455193
0.0,28,125.467673
1.0,20,125.476575
1.0,41,125.495019
0.0,24,125.505766
0.0,48,125.527366
1.0,20,125.536578
1.0,38,125.553892
0.0,7,125.557225
1.0,74,125.590498
1.0,20,125.599725
1.0,36,125.616183
1.0,58,125.642113
1.0,76,125.676213
0.0,10,125.68083
1.0,36,125.697038
1.0,56,125.72208
1.0,79,125.757571
1.0,18,125.765595
1.0,37,125.782154
1.0,55,125.806809
1.0,73,125.839857
1.0,24,125.850569
1.0,42,125.869446
1.0,61,125.896709
0.0,16,125.903913
1.0,18,125.912056
1.0,42,125.930798
1.0,59,125.957248
1.0,76,125.991446
0.0,3,125.992804
1.0,38,126.01021
1.0,56,126.035501
1.0,74,126.069074
1.0,18,126.077203
1.0,42,126.096317
0.0,21,126.105808
1.0,82,126.142897
1.0,20,126.151851
1.0,38,126.16905
1.0,57,126.194661
1.0,77,126.229206
1.0,22,126.239015
1.0,38,126.256219
1.0,51,126.278933
1.0,82,126.315856
1.0,19,126.324382
1.0,36,126.340492
1.0,55,126.365121
1.0,80,126.401038
1.0,18,126.409151
1.0,36,126.425298
1.0,49,126.447321
1.0,83,126.484534
1.0,22,126.494351
1.0,40,126.512369
1.0,59,126.538984
0.0,22,126.548928
1.0,20,126.558069
1.0,40,126.576556
1.0,52,126.600329
1.0,82,126.637589
1.0,19,126.646122
1.0,39,126.663742
0.0,35,126.679383
1.0,80,126.715262
1.0,18,126.72327
1.0,42,126.742159
1.0,63,126.770307
0.0,50,126.792919
1.0,18,126.800978
1.0,50,126.823376
1.0,54,126.847493
0.0,38,126.864676
1.0,20,126.873622
1.0,38,126.890729
1.0,55,126.915273
1.0,76,126.949441
1.0,20,126.958347
1.0,48,126.979906
1.0,52,127.003234
1.0,71,127.035541
1.0,18,127.043736
1.0,42,127.063084
1.0,52,127.086419
1.0,77,127.121536
1.0,20,127.130465
1.0,40,127.148382
1.0,55,127.173399
1.0,87,127.213181
1.0,22,127.223
1.0,44,127.242909
1.0,50,127.265239
1.0,73,127.298112
1.0,18,127.306276
0.0,23,127.316564
1.0,57,127.341976
1.0,75,127.375655
1.0,20,127.384714
1.0,46,127.40526
1.0,58,127.431259
1.0,86,127.469888
1.0,22,127.479718
1.0,36,127.495927
1.0,59,127.522297
0.0,7,127.525434
1.0,20,127.534785
1.0,40,127.552973
0.0,38,127.570083
1.0,69,127.601435
1.0,18,127.609621
1.0,41,127.628236
0.0,9,127.632292
1.0,77,127.666938
1.0,22,127.676807
1.0,40,127.694728
1.0,52,127.718044
1.0,67,127.74825
1.0,20,127.75722
1.0,40,127.775237
1.0,52,127.79866
1.0,79,127.834208
1.0,20,127.843124
1.0,38,127.860103
1.0,48,127.881679
0.0,65,127.911007
1.0,18,127.919065
1.0,36,127.935294
1.0,48,127.956844
1.0,79,127.992302
0.0,5,127.994565
1.0,40,128.012484
0.0,5,128.014734
1.0,70,128.046463
1.0,22,128.056598
1.0,36,128.073098
1.0,56,128.098558
0.0,38,128.115877
1.0,22,128.125699
1.0,42,128.144567
0.0,42,128.163372
1.0,82,128.200237
1.0,18,128.208279
1.0,40,128.226305
1.0,50,128.248578
1.0,77,128.283171
1.0,20,128.292211
1.0,40,128.310168
1.0,48,128.331717
1.0,78,128.366763
1.0,22,128.376566
1.0,38,128.393533
0.0,16,128.400894
1.0,72,128.433307
0.0,3,128.434667
1.0,36,128.45082
1.0,49,128.472733
1.0,77,128.507299
1.0,22,128.517154
1.0,40,128.53543
1.0,46,128.556427
0.0,66,128.586169
0.0,7,128.589336
0.0,30,128.603298
1.0,52,128.626658
0.0,9,128.630788
1.0,19,128.639268
1.0,43,128.658545
1.0,46,128.67922
1.0,69,128.710244
1.0,20,128.719236
1.0,36,128.735308
1.0,50,128.757729
1.0,78,128.792978
1.0,18,128.801025
1.0,44,128.82074
1.0,49,128.842567
1.0,71,128.874606
1.0,19,128.883059
1.0,36,128.89927
1.0,56,128.924242
1.0,75,128.957993
1.0,20,128.966936
1.0,44,128.98672
1.0,52,129.010014
0.0,9,129.014082
1.0,20,129.02302
1.0,38,129.040376
1.0,56,129.065691
1.0,82,129.102915
1.0,21,129.112662
1.0,38,129.129713
1.0,46,129.150278
1.0,78,129.18541
1.0,23,129.195779
1.0,44,129.215564
1.0,52,129.238947
1.0,71,129.271199
1.0,18,129.279306
0.0,11,129.284204
1.0,52,129.307495
1.0,74,129.340716
1.0,18,129.348854
1.0,44,129.368464
1.0,47,129.389467
1.0,74,129.422765
1.0,18,129.430807
1.0,40,129.448696
1.0,54,129.47284
1.0,73,129.505668
0.0,5,129.507914
1.0,38,129.524859
1.0,48,129.546505
0.0,20,129.555665
1.0,18,129.563708
1.0,36,129.579914
1.0,62,129.607874
1.0,67,129.638178
1.0,18,129.646239
1.0,40,129.664188
1.0,51,129.687071
1.0,79,129.722388
1.0,21,129.731862
1.0,42,129.750652
1.0,52,129.773959
1.0,81,129.810442
1.0,21,129.819806
1.0,38,129.83674
1.0,50,129.859148
0.0,28,129.871628
1.0,27,129.88411
1.0,38,129.901488
1.0,51,129.924906
1.0,73,129.957915
1.0,20,129.966849
1.0,40,129.984652
1.0,58,130.010437
1.0,78,130.045813
1.0,18,130.054095
1.0,44,130.074234
0.0,5,130.076485
1.0,75,130.110703
1.0,20,130.119635
1.0,41,130.137939
1.0,52,130.161373
1.0,75,130.195076
1.0,18,130.203081
1.0,46,130.223654
1.0,52,130.246832
1.0,80,130.282711
1.0,21,130.292112
1.0,40,130.309967
1.0,54,130.334128
1.0,72,130.366399
1.0,18,130.374585
1.0,44,130.394165
1.0,54,130.418339
1.0,78,130.453479
1.0,23,130.463733
1.0,40,130.48168
1.0,56,130.507074
1.0,71,130.539267
1.0,20,130.548214
1.0,40,130.56641
1.0,48,130.58789
1.0,74,130.621617
1.0,27,130.63392
1.0,40,130.651775
0.0,43,130.671084
0.0,73,130.703733
1.0,18,130.714135
0.0,29,130.728182
0.0,5,130.730461
0.0,20,130.739385
1.0,20,130.748387
1.0,38,130.765376
1.0,52,130.78873
1.0,71,130.82063
1.0,20,130.829598
1.0,38,130.846546
1.0,50,130.86883
1.0,75,130.902457
0.0,7,130.905605
1.0,41,130.92399
1.0,50,130.946464
1.0,73,130.979202
1.0,20,130.988131
1.0,38,131.005111
1.0,48,131.026577
0.0,12,131.031905
1.0,22,131.042007
1.0,46,131.062814
1.0,48,131.08419
1.0,71,131.117264
1.0,18,131.125345
1.0,38,131.142373
1.0,46,131.162944
1.0,75,131.196578
1.0,20,131.20551
1.0,38,131.222521
1.0,53,131.246159
1.0,75,131.279894
1.0,20,131.288818
1.0,50,131.311187
0.0,12,131.316612
1.0,86,131.355109
1.0,18,131.36316
1.0,42,131.38195
1.0,56,131.407014
1.0,74,131.440149
1.0,18,131.44819
1.0,42,131.466903
0.0,40,131.484763
1.0,77,131.519246
1.0,18,131.527304
1.0,39,131.545065
1.0,56,131.570418
0.0,15,131.577095
1.0,18,131.585124
1.0,37,131.602105
1.0,50,131.624812
1.0,79,131.660368
1.0,20,131.669277
1.0,42,131.688225
1.0,46,131.70923
1.0,70,131.740656
1.0,18,131.748714
1.0,41,131.767023
1.0,52,131.790252
0.0,57,131.815773
1.0,24,131.826434
1.0,43,131.846353
1.0,48,131.867767
1.0,76,131.901806
1.0,23,131.912023
1.0,38,131.929051
0.0,31,131.942909
1.0,79,131.978473
1.0,20,131.987424
1.0,38,132.004477
1.0,51,132.027301
1.0,73,132.06114
1.0,20,132.070727
1.0,42,132.089875
1.0,54,132.115015
1.0,77,132.15051
1.0,18,132.158888
1.0,43,132.178835
1.0,62,132.20698
1.0,74,132.240447
1.0,22,132.250155
1.0,40,132.268041
1.0,46,132.288557
1.0,72,132.321326
1.0,22,132.331141
1.0,44,132.350851
1.0,52,132.374114
0.0,40,132.392058
1.0,18,132.40009
1.0,40,132.41798
1.0,50,132.440337
1.0,80,132.476188
1.0,18,132.484321
1.0,40,132.502196
1.0,52,132.525525
0.0,34,132.541035
1.0,20,132.549963
1.0,36,132.566434
1.0,50,132.588938
1.0,69,132.620624
1.0,23,132.630851
0.0,30,132.644332
1.0,47,132.665346
1.0,77,132.699873
1.0,18,132.70793
1.0,40,132.725834
0.0,5,132.728096
1.0,71,132.760013
1.0,20,132.768961
1.0,46,132.789555
1.0,55,132.814196
1.0,84,132.851825
0.0,5,132.854093
1.0,54,132.878249
1.0,50,132.900997
0.0,22,132.910889
1.0,19,132.919392
1.0,40,132.937301
1.0,55,132.961859
1.0,69,132.992881
1.0,19,133.001305
1.0,45,133.021435
0.0,13,133.027259
1.0,75,133.061616
1.0,22,133.071632
1.0,44,133.091362
1.0,52,133.115299
1.0,76,133.149393
1.0,18,133.157548
1.0,38,133.174624
1.0,54,133.198724
1.0,74,133.23205
1.0,18,133.240141
1.0,40,133.25805
0.0,9,133.262088
1.0,71,133.294084
1.0,23,133.304381
1.0,44,133.324044
1.0,53,133.347704
1.0,73,133.380543
1.0,18,133.3886
1.0,40,133.406526
1.0,59,133.432901
1.0,73,133.465675
1.0,20,133.474654
1.0,36,133.490788
0.0,11,133.496083
1.0,73,133.529006
0.0,3,133.530363
1.0,44,133.550318
1.0,52,133.573807
1.0,77,133.608618
1.0,20,133.617872
1.0,48,133.639411
1.0,50,133.661737
1.0,77,133.696358
1.0,18,133.704414
0.0,34,133.71964
1.0,55,133.744269
1.0,76,133.778367
1.0,20,133.787303
1.0,38,133.804324
1.0,54,133.828483
0.0,40,133.846421
1.0,20,133.855375
1.0,38,133.872362
0.0,14,133.878633
1.0,73,133.911394
1.0,20,133.920324
1.0,40,133.938244
1.0,53,133.961938
1.0,77,133.996535
0.0,7,133.999667
1.0,42,134.018419
0.0,44,134.038402
0.0,7,134.041532
1.0,18,134.049646
1.0,42,134.068637
1.0,48,134.090154
1.0,77,134.125882
1.0,22,134.135669
1.0,39,134.153175
1.0,63,134.181381
0.0,62,134.209226
1.0,22,134.21899
1.0,38,134.236057
0.0,48,134.257727
0.0,52,134.281306
0.0,5,134.283556
1.0,42,134.302465
1.0,53,134.326151
1.0,74,134.359334
1.0,18,134.367407
1.0,40,134.385736
1.0,61,134.414066
1.0,86,134.45312
1.0,20,134.462133
0.0,23,134.472476
1.0,48,134.493983
1.0,76,134.528082
1.0,18,134.536266
1.0,44,134.55645
0.0,10,134.561041
1.0,73,134.593961
1.0,18,134.602532
0.0,7,134.60569
1.0,53,134.62956
1.0,76,134.663828
1.0,18,134.671883
1.0,43,134.691243
1.0,51,134.714311
1.0,85,134.752488
1.0,18,134.760562
1.0,41,134.7789
1.0,50,134.801301
1.0,77,134.835913
1.0,20,134.844821
1.0,45,134.864961
1.0,53,134.888724
1.0,79,134.924199
1.0,20,134.933157
1.0,39,134.95063
0.0,26,134.962299
1.0,74,134.995571
1.0,24,135.006284
1.0,42,135.0251
1.0,54,135.049811
1.0,73,135.08279
1.0,18,135.090799
1.0,40,135.109091
1.0,56,135.134467
1.0,73,135.167199
1.0,21,135.176544
1.0,42,135.19533
1.0,48,135.216824
1.0,81,135.253078
1.0,22,135.262921
1.0,50,135.285305
1.0,48,135.307218
0.0,13,135.31302
1.0,24,135.323743
0.0,23,135.334092
1.0,46,135.354614
1.0,73,135.387392
1.0,18,135.395498
1.0,41,135.41381
0.0,5,135.41607
1.0,72,135.448374
1.0,18,135.456422
1.0,42,135.4752
1.0,56,135.5002
1.0,77,135.534817
1.0,20,135.544051
1.0,40,135.562192
1.0,60,135.589028
1.0,79,135.625019
1.0,20,135.633969
1.0,40,135.65185
1.0,49,135.673796
1.0,83,135.711002
1.0,18,135.719052
1.0,42,135.737945
1.0,52,135.76117
1.0,69,135.792196
1.0,20,135.801123
1.0,44,135.820887
1.0,53,135.844579
1.0,74,135.877851
1.0,18,135.885905
1.0,40,135.904367
0.0,30,135.917727
1.0,69,135.948861
1.0,18,135.956914
1.0,50,135.979321
1.0,51,136.002162
0.0,7,136.005298
1.0,20,136.014259
1.0,38,136.031313
1.0,59,136.058485
1.0,69,136.090014
1.0,25,136.101474
1.0,40,136.119786
1.0,51,136.142547
1.0,80,136.178605
1.0,22,136.188421
0.0,13,136.194345
1.0,53,136.218035
1.0,74,136.251369
1.0,18,136.259529
1.0,38,136.276573
0.0,33,136.291323
1.0,79,136.326946
1.0,20,136.335874
1.0,42,136.354736
1.0,52,136.377869
0.0,24,136.388583
1.0,28,136.401103
1.0,42,136.420122
1.0,48,136.441876
1.0,69,136.47293
1.0,18,136.480988
1.0,44,136.501114
1.0,50,136.523465
1.0,71,136.555934
1.0,18,136.564023
0.0,9,136.568161
1.0,50,136.590664
0.0,10,136.595129
1.0,19,136.604026
1.0,48,136.625738
1.0,48,136.647325
1.0,73,136.680228
1.0,19,136.688721
1.0,36,136.704899
1.0,46,136.725595
1.0,79,136.761161
1.0,22,136.771077
1.0,40,136.789051
1.0,54,136.813408
1.0,78,136.848368
1.0,18,136.856417
1.0,45,136.87654
0.0,3,136.877903
0.0,61,136.905328
1.0,24,136.915989
1.0,44,136.935621
0.0,30,136.949044
1.0,76,136.983158
1.0,21,136.992518
1.0,38,137.009599
1.0,54,137.033848
1.0,71,137.066359
1.0,18,137.074425
1.0,40,137.092515
1.0,55,137.118326
1.0,82,137.155063
1.0,18,137.163118
1.0,58,137.189693
1.0,54,137.213897
0.0,48,137.23565
1.0,23,137.245886
1.0,40,137.263843
0.0,7,137.26699
1.0,74,137.300215
1.0,22,137.310049
1.0,40,137.327934
1.0,55,137.352561
1.0,69,137.383623
1.0,20,137.392556
1.0,40,137.41042
1.0,48,137.431826
1.0,73,137.464605
1.0,22,137.474428
1.0,42,137.493165
1.0,63,137.521333
1.0,74,137.555185
1.0,21,137.564741
1.0,150,137.632741
0.0,32,137.647007
1.0,72,137.679396
1.0,21,137.688781
1.0,36,137.705354
1.0,50,137.727881
1.0,85,137.766119
1.0,22,137.775842
1.0,38,137.793013
1.0,48,137.814683
1.0,84,137.852325
1.0,22,137.862179
1.0,40,137.880131
1.0,51,137.902945
0.0,68,137.933468
1.0,20,137.942404
1.0,36,137.958544
1.0,52,137.981776
0.0,7,137.984912
1.0,18,137.992955
1.0,42,138.011758
1.0,50,138.03413
1.0,69,138.065574
1.0,18,138.073642
1.0,43,138.092964
1.0,48,138.114951
1.0,79,138.1504
1.0,20,138.15936
1.0,45,138.179496
1.0,51,138.202349
1.0,69,138.233369
1.0,20,138.242305
1.0,38,138.259356
0.0,7,138.262493
1.0,69,138.29358
1.0,25,138.305145
1.0,42,138.324059
1.0,60,138.350976
1.0,75,138.38469
1.0,18,138.392758
1.0,42,138.411603
1.0,52,138.43487
1.0,78,138.469803
1.0,20,138.478733
1.0,38,138.495808
1.0,48,138.51725
1.0,79,138.552939
1.0,22,138.563006
0.0,21,138.572489
1.0,55,138.597661
1.0,79,138.633527
1.0,20,138.64248
1.0,40,138.660412
1.0,50,138.682789
1.0,70,138.714281
1.0,18,138.72238
1.0,42,138.741143
1.0,48,138.762717
1.0,71,138.794597
1.0,20,138.80358
0.0,32,138.817929
1.0,57,138.843492
1.0,73,138.876244
0.0,5,138.878506
1.0,45,138.899731
1.0,58,138.926367
1.0,75,138.960123
0.0,9,138.96418
1.0,52,138.987462
1.0,50,139.009818
1.0,71,139.042096
1.0,24,139.05286
1.0,40,139.071462
1.0,53,139.095182
1.0,76,139.130059
1.0,22,139.139917
1.0,42,139.158754
1.0,68,139.189269
1.0,79,139.224952
1.0,22,139.234748
0.0,9,139.238809
0.0,7,139.241977
1.0,71,139.274492
1.0,18,139.282542
1.0,40,139.300606
1.0,63,139.328781
1.0,77,139.363291
1.0,20,139.372253
1.0,38,139.38927
1.0,56,139.4144
1.0,84,139.452105
1.0,18,139.460134
1.0,42,139.478734
0.0,45,139.498816
1.0,77,139.533721
1.0,18,139.542053
0.0,28,139.554881
0.0,30,139.568256
1.0,81,139.605152
1.0,18,139.613517
1.0,42,139.632269
1.0,48,139.653732
1.0,75,139.687291
1.0,18,139.695408
1.0,40,139.713225
1.0,55,139.73773
1.0,76,139.771669
1.0,20,139.780618
0.0,27,139.79261
1.0,54,139.816597
1.0,84,139.854045
1.0,18,139.862151
1.0,38,139.879093
1.0,51,139.901908
0.0,40,139.919776
1.0,18,139.927801
1.0,36,139.943983
1.0,53,139.967566
0.0,7,139.970752
1.0,19,139.979237
1.0,40,139.997088
1.0,53,140.020725
1.0,77,140.055854
1.0,18,140.063981
0.0,25,140.075269
1.0,51,140.098363
1.0,75,140.132779
1.0,21,140.142152
1.0,38,140.159184
1.0,53,140.183463
1.0,78,140.218295
1.0,18,140.226324
1.0,43,140.245521
0.0,10,140.249997
1.0,77,140.284497
1.0,20,140.293386
1.0,46,140.314126
1.0,58,140.339866
0.0,63,140.368034
1.0,18,140.376064
1.0,42,140.394787
1.0,50,140.417114
1.0,67,140.447176
1.0,23,140.457291
1.0,37,140.473786
1.0,53,140.497344
1.0,72,140.529489
0.0,5,140.531745
1.0,42,140.550743
1.0,54,140.575388
1.0,84,140.613794
1.0,20,140.622702
1.0,38,140.63963
1.0,53,140.663206
1.0,85,140.701202
1.0,22,140.711385
1.0,46,140.731923
0.0,3,140.733279
0.0,40,140.751149
1.0,18,140.759143
1.0,36,140.775259
1.0,52,140.798383
0.0,44,140.817961
0.0,10,140.822449
0.0,11,140.827383
1.0,52,140.850496
1.0,85,140.888413
1.0,18,140.896447
1.0,38,140.913371
1.0,51,140.936029
1.0,75,140.969555
1.0,24,140.980215
1.0,50,141.002472
1.0,50,141.02466
1.0,79,141.06051
1.0,21,141.06985
1.0,40,141.087739
1.0,48,141.109368
1.0,82,141.146203
1.0,22,141.155977
1.0,44,141.175631
1.0,53,141.199445
1.0,87,141.238187
1.0,22,141.247967
1.0,40,141.265888
1.0,49,141.287685
1.0,68,141.31818
1.0,24,141.328849
1.0,36,141.344892
1.0,53,141.368504
1.0,72,141.400673
1.0,22,141.410489
0.0,13,141.41631
1.0,58,141.442089
1.0,73,141.474721
1.0,20,141.483635
1.0,40,141.501504
1.0,50,141.523801
0.0,9,141.527792
0.0,3,141.529132
0.0,31,141.543117
1.0,50,141.565638
1.0,78,141.600819
1.0,19,141.609407
1.0,39,141.627135
1.0,57,141.652563
1.0,81,141.688765
1.0,18,141.696784
1.0,36,141.713022
1.0,48,141.734429
0.0,20,141.743357
1.0,24,141.754083
0.0,15,141.760794
1.0,46,141.781312
1.0,79,141.816583
1.0,22,141.826477
1.0,45,141.846493
1.0,52,141.869803
1.0,69,141.900741
1.0,23,141.91093
1.0,43,141.930017
1.0,50,141.95228
1.0,78,141.987155
0.0,12,141.992508
0.0,21,142.001906
1.0,50,142.024155
0.0,41,142.042604
1.0,22,142.052483
1.0,44,142.072316
1.0,46,142.093015
0.0,18,142.101398
1.0,24,142.112139
1.0,37,142.129064
1.0,50,142.151323
0.0,9,142.155334
1.0,26,142.167065
0.0,11,142.172157
1.0,51,142.195106
1.0,77,142.229607
1.0,24,142.240448
1.0,46,142.260806
1.0,59,142.287083
0.0,57,142.312737
1.0,21,142.322071
0.0,30,142.335453
1.0,56,142.360435
1.0,73,142.393109
1.0,23,142.403309
1.0,38,142.420233
1.0,53,142.443863
1.0,79,142.479179
1.0,20,142.48809
0.0,24,142.498795
1.0,50,142.52115
1.0,76,142.555643
1.0,19,142.564048
1.0,45,142.584121
0.0,38,142.601458
0.0,71,142.633535
1.0,21,142.642744
1.0,38,142.65978
1.0,52,142.682911
1.0,69,142.713828
0.0,7,142.716938
1.0,42,142.735764
1.0,54,142.75976
1.0,70,142.791248
1.0,18,142.799244
1.0,38,142.816305
1.0,48,142.837817
1.0,78,142.87274
1.0,20,142.881792
1.0,49,142.903482
0.0,10,142.907968
1.0,68,142.938411
1.0,20,142.947316
0.0,21,142.956772
1.0,53,142.980434
1.0,75,143.014001
1.0,20,143.022922
1.0,40,143.041124
1.0,56,143.066393
1.0,75,143.100265
1.0,18,143.108363
1.0,36,143.124651
1.0,57,143.150141
1.0,76,143.184131
0.0,5,143.186379
1.0,36,143.202416
1.0,50,143.2247
1.0,82,143.261376
1.0,18,143.269346
1.0,42,143.288075
1.0,51,143.310957
1.0,77,143.345447
1.0,22,143.355216
1.0,38,143.372583
1.0,49,143.394919
1.0,70,143.426672
1.0,26,143.438216
1.0,42,143.456974
0.0,9,143.460973
1.0,71,143.492797
1.0,20,143.501718
1.0,42,143.520417
0.0,12,143.525924
1.0,77,143.560986
1.0,22,143.570809
1.0,38,143.587949
1.0,51,143.611259
1.0,75,143.64509
1.0,18,143.653094
0.0,21,143.662512
1.0,53,143.686177
1.0,68,143.716741
1.0,22,143.726499
1.0,45,143.746485
1.0,50,143.768837
0.0,22,143.778653
1.0,22,143.788541
1.0,44,143.808125
0.0,3,143.809479
0.0,57,143.834954
1.0,18,143.842961
1.0,47,143.864028
1.0,54,143.887963
1.0,77,143.922436
1.0,18,143.930471
1.0,40,143.948414
1.0,53,143.971923
0.0,11,143.976873
0.0,5,143.979174
1.0,45,143.999524
1.0,57,144.024974
1.0,73,144.05851
1.0,24,144.069299
1.0,38,144.086392
1.0,47,144.107824
1.0,79,144.143444
1.0,18,144.151452
1.0,40,144.169354
0.0,30,144.18284
1.0,72,144.215093
0.0,3,144.216449
1.0,38,144.233424
1.0,52,144.256646
1.0,73,144.289778
1.0,24,144.300519
1.0,44,144.320208
1.0,48,144.341612
1.0,85,144.379523
1.0,24,144.390187
1.0,45,144.410275
1.0,56,144.435216
1.0,73,144.467947
1.0,18,144.476028
1.0,44,144.49564
1.0,52,144.518771
1.0,75,144.552556
1.0,20,144.561725
1.0,44,144.581815
1.0,50,144.604649
0.0,49,144.627149
1.0,18,144.635202
1.0,50,144.65752
1.0,55,144.681942
1.0,77,144.716432
1.0,18,144.724488
1.0,42,144.743367
1.0,50,144.765626
1.0,70,144.796937
1.0,18,144.804965
1.0,40,144.822837
1.0,49,144.844647
1.0,77,144.879078
1.0,26,144.890671
1.0,41,144.908986
1.0,56,144.933856
1.0,71,144.965692
1.0,21,144.974954
1.0,40,144.992794
1.0,51,145.015447
1.0,75,145.049325
1.0,19,145.05791
1.0,44,145.077731
0.0,42,145.096506
1.0,78,145.131974
1.0,22,145.141777
1.0,38,145.158908
0.0,14,145.165171
0.0,57,145.191214
1.0,19,145.199744
1.0,42,145.218483
1.0,50,145.240825
1.0,84,145.278351
1.0,18,145.286341
1.0,41,145.304725
1.0,49,145.326619
1.0,85,145.364502
1.0,18,145.372517
1.0,46,145.39303
0.0,25,145.404228
1.0,69,145.435148
1.0,20,145.444085
1.0,40,145.461915
0.0,3,145.463274
1.0,78,145.498101
1.0,18,145.506092
1.0,46,145.52666
1.0,53,145.550521
1.0,74,145.584013
1.0,22,145.593791
1.0,46,145.615019
1.0,57,145.641007
1.0,75,145.674529
1.0,18,145.682595
1.0,42,145.701236
0.0,23,145.711504
1.0,71,145.743384
1.0,23,145.753651
1.0,40,145.771462
1.0,51,145.794633
1.0,76,145.82859
0.0,5,145.830842
1.0,44,145.850421
1.0,53,145.874042
1.0,67,145.90398
1.0,20,145.912889
1.0,40,145.930704
1.0,57,145.956105
1.0,75,145.989675
1.0,24,146.000311
1.0,36,146.016417
1.0,59,146.043002
1.0,74,146.076463
1.0,18,146.084522
1.0,40,146.102537
1.0,52,146.126004
1.0,74,146.159114
1.0,22,146.16898
1.0,36,146.185097
1.0,54,146.209188
1.0,78,146.244018
1.0,20,146.252839
1.0,40,146.27071
1.0,53,146.294209
1.0,78,146.329158
0.0,5,146.331404
1.0,38,146.348363
0.0,9,146.352383
0.0,19,146.360856
1.0,24,146.371494
1.0,49,146.393784
1.0,55,146.418419
0.0,57,146.443871
1.0,18,146.451895
1.0,43,146.471131
1.0,51,146.4938
1.0,71,146.525613
0.0,12,146.531015
1.0,40,146.54921
1.0,49,146.571354
1.0,67,146.60215
1.0,18,146.610372
1.0,40,146.628449
1.0,61,146.655575
1.0,80,146.69137
1.0,20,146.700297
1.0,40,146.718199
1.0,51,146.740876
1.0,77,146.775317
1.0,18,146.783361
0.0,25,146.794468
1.0,52,146.81769
1.0,72,146.849912
1.0,24,146.860561
1.0,42,146.879249
1.0,61,146.90643
1.0,75,146.939938
1.0,20,146.94884
1.0,44,146.968409
1.0,56,146.993758
1.0,71,147.025508
1.0,18,147.033641
1.0,42,147.052617
1.0,55,147.077256
1.0,73,147.110094
1.0,21,147.119723
1.0,40,147.137541
1.0,53,147.161202
0.0,11,147.166084
1.0,24,147.177129
1.0,44,147.19682
1.0,50,147.219065
1.0,73,147.2519
1.0,18,147.259947
0.0,10,147.264496
1.0,53,147.288032
1.0,79,147.323468
1.0,23,147.333685
1.0,36,147.34987
1.0,53,147.373516
1.0,82,147.410152
1.0,20,147.419168
1.0,36,147.435277
1.0,60,147.461954
0.0,61,147.489172
1.0,24,147.499859
1.0,40,147.517679
1.0,52,147.541118
1.0,81,147.577574
1.0,22,147.587669
1.0,40,147.605864
0.0,11,147.610802
1.0,77,147.645825
1.0,18,147.65384
1.0,40,147.671698
1.0,52,147.694927
1.0,73,147.727607
1.0,18,147.735675
1.0,40,147.753487
1.0,48,147.774942
1.0,75,147.808473
1.0,19,147.816917
1.0,38,147.83406
1.0,60,147.861661
1.0,74,147.89592
1.0,21,147.905197
1.0,40,147.923146
1.0,50,147.945423
1.0,73,147.978053
1.0,19,147.986474
1.0,48,148.007857
1.0,52,148.030888
0.0,15,148.037584
1.0,18,148.045963
1.0,45,148.066548
1.0,46,148.087372
1.0,77,148.122567
1.0,20,148.131478
1.0,50,148.153785
1.0,48,148.175381
1.0,77,148.210262
1.0,18,148.218327
1.0,48,148.239634
1.0,59,148.265828
0.0,56,148.290904
0.0,14,148.297225
1.0,38,148.314183
1.0,50,148.336439
1.0,74,148.369485
1.0,19,148.377935
1.0,38,148.394856
1.0,52,148.418074
1.0,77,148.452499
1.0,24,148.463115
1.0,42,148.481865
1.0,53,148.506097
1.0,68,148.536598
1.0,20,148.545758
1.0,36,148.562185
0.0,7,148.565317
1.0,73,148.598117
1.0,18,148.606516
1.0,40,148.6249
1.0,64,148.653326
1.0,77,148.687678
1.0,22,148.697424
0.0,9,148.701532
1.0,48,148.72291
1.0,77,148.757417
1.0,23,148.767625
1.0,40,148.785611
1.0,54,148.810119
0.0,16,148.817311
1.0,26,148.828833
1.0,43,148.847948
0.0,7,148.851163
0.0,50,148.873476
1.0,20,148.882348
1.0,38,148.899338
1.0,54,148.923368
1.0,75,148.956955
1.0,18,148.965068
1.0,40,148.982873
0.0,12,148.988221
1.0,75,149.021717
1.0,22,149.031491
1.0,42,149.050418
1.0,55,149.075084
0.0,50,149.097559
1.0,18,149.105806
1.0,42,149.124744
1.0,51,149.147468
0.0,22,149.157325
1.0,20,149.166184
1.0,42,149.18497
1.0,54,149.209244
0.0,11,149.21414
1.0,18,149.222149
1.0,38,149.239088
0.0,11,149.24404
1.0,73,149.277191
1.0,18,149.285203
1.0,40,149.303065
1.0,56,149.328075
1.0,73,149.360687
1.0,20,149.369605
1.0,36,149.385702
0.0,38,149.403014
1.0,69,149.433925
1.0,18,149.441936
1.0,43,149.461087
1.0,59,149.487359
1.0,80,149.523069
1.0,22,149.532864
1.0,44,149.552807
1.0,53,149.576813
1.0,72,149.609381
0.0,7,149.612527
1.0,43,149.631953
1.0,53,149.655617
1.0,70,149.686969
1.0,22,149.69674
0.0,7,149.699889
1.0,52,149.723097
1.0,74,149.756081
1.0,18,149.76417
1.0,41,149.782428
1.0,55,149.806948
1.0,79,149.842166
1.0,18,149.85018
1.0,42,149.868917
1.0,58,149.894711
1.0,85,149.932679
1.0,22,149.942488
1.0,42,149.961261
1.0,56,149.986228
1.0,81,150.022862
1.0,21,150.032167
1.0,44,150.052128
1.0,54,150.076494
1.0,76,150.110776
0.0,5,150.11303
1.0,37,150.129835
1.0,54,150.153887
1.0,83,150.190907
1.0,24,150.201555
1.0,48,150.223032
0.0,26,150.234622
1.0,73,150.267318
1.0,20,150.276237
1.0,40,150.294203
1.0,53,150.317945
0.0,56,150.342973
1.0,18,150.350989
1.0,46,150.371484
1.0,56,150.396396
1.0,69,150.427261
1.0,21,150.436614
1.0,36,150.452744
1.0,58,150.478601
1.0,71,150.510377
1.0,18,150.518473
1.0,38,150.535469
1.0,56,150.560856
1.0,75,150.594768
1.0,22,150.604987
1.0,49,150.62689
1.0,59,150.653038
0.0,20,150.661948
1.0,22,150.671753
0.0,27,150.683826
1.0,52,150.707
1.0,75,150.740453
1.0,18,150.748493
1.0,42,150.767129
1.0,52,150.790216
1.0,79,150.825516
0.0,5,150.827765
0.0,31,150.841481
0.0,5,150.843736
1.0,73,150.876391
1.0,24,150.887036
1.0,38,150.904012
0.0,23,150.91428
1.0,77,150.948659
1.0,20,150.957546
1.0,42,150.976308
1.0,50,150.998506
1.0,80,151.034188
1.0,18,151.042564
1.0,38,151.059794
1.0,56,151.084971
1.0,73,151.118309
0.0,14,151.124599
1.0,40,151.142464
1.0,59,151.168696
1.0,75,151.202759
1.0,20,151.211652
1.0,36,151.227728
1.0,62,151.255236
1.0,73,151.28787
1.0,20,151.296804
1.0,42,151.31558
1.0,54,151.339465
1.0,75,151.372999
1.0,18,151.381014
1.0,40,151.398898
1.0,58,151.424809
1.0,70,151.4561
1.0,20,151.465019
1.0,40,151.482805
1.0,47,151.503697
1.0,75,151.537183
1.0,20,151.546366
1.0,38,151.563587
1.0,56,151.588521
1.0,75,151.622455
1.0,22,151.632247
1.0,51,151.654881
0.0,3,151.656231
1.0,73,151.688881
1.0,28,151.701292
1.0,38,151.718178
1.0,54,151.742245
1.0,71,151.774034
1.0,20,151.782941
1.0,42,151.80204
1.0,57,151.827358
1.0,76,151.861305
1.0,22,151.87107
1.0,40,151.888931
1.0,50,151.911158
1.0,79,151.94639
1.0,18,151.954424
1.0,41,151.972717
1.0,50,151.995043
0.0,22,152.004867
1.0,23,152.015099
1.0,48,152.036383
1.0,54,152.061193
1.0,71,152.093131
1.0,18,152.101521
0.0,36,152.11791
1.0,56,152.142907
1.0,71,152.174894
1.0,23,152.18505
1.0,45,152.205439
1.0,54,152.229602
1.0,75,152.263339
1.0,20,152.272212
1.0,51,152.294869
1.0,49,152.31675
0.0,52,152.340207
1.0,26,152.35218
1.0,42,152.371275
1.0,49,152.393739
0.0,39,152.411407
1.0,20,152.42023
1.0,48,152.441743
1.0,50,152.463986
1.0,79,152.499351
1.0,20,152.508272
1.0,44,152.527992
0.0,42,152.547055
1.0,73,152.580141
1.0,19,152.588728
1.0,40,152.607033
1.0,50,152.629386
1.0,69,152.660276
1.0,24,152.671016
1.0,36,152.687184
1.0,48,152.708624
1.0,78,152.743403
1.0,18,152.751424
1.0,38,152.768404
0.0,34,152.783613
1.0,70,152.814959
1.0,20,152.823916
1.0,38,152.840997
1.0,53,152.864562
1.0,77,152.898921
1.0,21,152.90824
1.0,44,152.927874
0.0,30,152.941241
1.0,72,152.973386
1.0,20,152.982395
1.0,36,152.998785
1.0,49,153.020673
1.0,79,153.056389
1.0,20,153.065558
1.0,40,153.083383
1.0,46,153.104105
1.0,79,153.139714
1.0,24,153.150402
1.0,46,153.170932
1.0,48,153.192314
0.0,62,153.220058
1.0,24,153.230704
0.0,11,153.235632
1.0,53,153.259189
1.0,79,153.294514
1.0,18,153.302605
1.0,44,153.32227
0.0,5,153.324514
1.0,81,153.360665
1.0,20,153.369559
1.0,37,153.386041
1.0,61,153.4132
1.0,73,153.445734
1.0,18,153.453767
1.0,38,153.470709
1.0,50,153.492956
0.0,18,153.500965
1.0,18,153.509002
1.0,42,153.527699
1.0,53,153.551641
0.0,15,153.558601
1.0,24,153.569258
0.0,11,153.5742
1.0,52,153.597803
1.0,75,153.631929
1.0,18,153.639922
1.0,38,153.656952
1.0,57,153.68229
1.0,76,153.716364
1.0,23,153.726543
1.0,36,153.742628
1.0,51,153.765397
1.0,75,153.798932
1.0,18,153.806983
1.0,50,153.829192
1.0,53,153.85272
1.0,73,153.885446
1.0,18,153.893462
1.0,38,153.910375
1.0,52,153.933598
1.0,71,153.965392
1.0,19,153.973846
0.0,23,153.984139
1.0,54,154.00822
1.0,74,154.041604
1.0,20,154.050583
1.0,48,154.072305
1.0,51,154.095339
1.0,78,154.130949
1.0,18,154.138995
1.0,48,154.160431
0.0,40,154.178394
1.0,75,154.212362
1.0,18,154.220469
1.0,40,154.238376
1.0,51,154.261355
0.0,11,154.266266
0.0,5,154.268519
1.0,38,154.285758
1.0,51,154.308566
1.0,73,154.341312
1.0,20,154.350212
1.0,38,154.367154
1.0,57,154.39258
1.0,87,154.431503
1.0,28,154.443929
1.0,42,154.462622
1.0,48,154.483981
1.0,75,154.517767
1.0,18,154.525823
1.0,40,154.543925
0.0,26,154.555617
1.0,77,154.590301
0.0,11,154.595233
1.0,40,154.613414
1.0,54,154.637734
1.0,78,154.672613
1.0,18,154.680668
1.0,44,154.700317
1.0,57,154.725819
1.0,77,154.760266
1.0,18,154.768284
1.0,42,154.787039
1.0,53,154.810548
1.0,76,154.844541
1.0,19,154.852905
1.0,40,154.870794
1.0,60,154.897429
1.0,83,154.934539
1.0,18,154.942573
1.0,36,154.958693
1.0,52,154.981884
1.0,80,155.017683
1.0,19,155.026139
1.0,43,155.045572
1.0,57,155.071391
1.0,69,155.10258
1.0,18,155.110606
1.0,38,155.127895
1.0,48,155.149267
1.0,79,155.18449
1.0,18,155.192527
1.0,38,155.209512
1.0,53,155.233039
1.0,73,155.265705
0.0,10,155.270184
1.0,36,155.286275
1.0,52,155.309531
1.0,78,155.34442
1.0,24,155.355112
0.0,9,155.359153
1.0,50,155.381411
1.0,79,155.416795
1.0,19,155.42525
1.0,39,155.442655
1.0,60,155.469336
1.0,73,155.501935
1.0,18,155.510068
1.0,38,155.527035
1.0,50,155.54965
0.0,11,155.554557
1.0,18,155.562809
1.0,41,155.581152
1.0,54,155.605856
1.0,80,155.64195
1.0,18,155.649947
1.0,39,155.667362
1.0,50,155.689699
1.0,77,155.72415
1.0,18,155.732254
1.0,36,155.748371
1.0,53,155.771884
1.0,71,155.803513
1.0,18,155.81154
1.0,40,155.829346
1.0,54,155.853394
1.0,80,155.889097
1.0,20,155.897999
1.0,40,155.915836
1.0,60,155.942504
1.0,73,155.975116
1.0,22,155.984905
1.0,40,156.002715
1.0,57,156.028088
1.0,79,156.064155
1.0,22,156.074163
1.0,40,156.092016
1.0,50,156.114555
1.0,75,156.148471
1.0,26,156.160094
1.0,42,156.178823
1.0,52,156.202036
1.0,73,156.234737
1.0,20,156.243654
0.0,24,156.254369
0.0,5,156.256619
1.0,85,156.29459
1.0,18,156.302726
1.0,40,156.320628
1.0,55,156.345082
0.0,36,156.361169
1.0,26,156.372734
0.0,23,156.383014
1.0,46,156.403631
1.0,77,156.438124
1.0,22,156.44793
1.0,44,156.467576
1.0,53,156.491133
1.0,75,156.524626
1.0,24,156.535343
1.0,42,156.554264
1.0,60,156.581897
0.0,13,156.587731
0.0,5,156.58997
1.0,38,156.607242
1.0,58,156.633309
1.0,70,156.664685
1.0,24,156.675336
1.0,41,156.693592
1.0,53,156.717119
1.0,77,156.75155
1.0,20,156.760517
1.0,38,156.777513
1.0,50,156.799875
1.0,69,156.831544
1.0,18,156.840266
1.0,42,156.859228
1.0,50,156.881477
1.0,75,156.915092
0.0,7,156.918219
1.0,46,156.938637
1.0,59,156.964856
1.0,69,156.995759
1.0,20,157.004663
1.0,36,157.020773
0.0,30,157.034083
0.0,61,157.061772
1.0,18,157.069805
1.0,42,157.088732
1.0,56,157.114209
1.0,72,157.146731
1.0,20,157.155665
1.0,40,157.173952
1.0,52,157.197494
1.0,75,157.231147
0.0,14,157.237406
1.0,40,157.25523
1.0,62,157.282892
1.0,79,157.318311
1.0,20,157.327257
1.0,38,157.344218
1.0,50,157.366518
1.0,76,157.400472
1.0,18,157.408493
1.0,40,157.426512
1.0,59,157.452942
1.0,77,157.487383
1.0,20,157.496287
1.0,38,157.513301
1.0,48,157.534652
1.0,76,157.568968
1.0,20,157.577869
1.0,40,157.595774
1.0,58,157.622264
1.0,77,157.656647
1.0,23,157.666867
1.0,52,157.69001
1.0,51,157.712739
1.0,75,157.746247
1.0,22,157.756134
1.0,38,157.773156
1.0,52,157.796241
0.0,37,157.812806
1.0,18,157.82088
1.0,44,157.840508
1.0,52,157.863798
0.0,58,157.889678
1.0,25,157.900759
1.0,44,157.920389
1.0,57,157.94552
1.0,76,157.979453
1.0,22,157.989115
1.0,42,158.00791
1.0,46,158.028826
1.0,84,158.066842
1.0,19,158.075329
0.0,11,158.080281
0.0,7,158.08342
1.0,73,158.1164
1.0,23,158.126941
1.0,41,158.145286
1.0,57,158.170711
1.0,75,158.204372
1.0,25,158.215452
1.0,40,158.233355
0.0,11,158.238251
1.0,83,158.275337
1.0,18,158.283329
1.0,48,158.304725
1.0,47,158.325708
1.0,76,158.359696
1.0,18,158.367696
1.0,43,158.386922
0.0,36,158.402973
0.0,38,158.419951
1.0,28,158.432376
1.0,38,158.449335
1.0,54,158.473299
1.0,77,158.507813
1.0,22,158.517586
1.0,48,158.538932
1.0,60,158.565977
1.0,71,158.598214
1.0,19,158.607147
1.0,42,158.626314
1.0,50,158.648951
1.0,87,158.687856
1.0,20,158.696769
1.0,42,158.715554
1.0,53,158.739117
1.0,79,158.774336
1.0,20,158.783267
1.0,42,158.802171
1.0,50,158.824464
1.0,76,158.85848
1.0,20,158.867375
1.0,44,158.88697
1.0,52,158.910096
1.0,76,158.9441
1.0,19,158.95256
1.0,43,158.971669
1.0,52,158.994883
1.0,79,159.030159
1.0,27,159.042236
1.0,36,159.058645
1.0,46,159.079263
1.0,77,159.114063
1.0,18,159.122446
1.0,36,159.138639
1.0,62,159.166226
0.0,29,159.179266
1.0,18,159.187284
1.0,36,159.203416
1.0,56,159.228371
1.0,83,159.265996
1.0,20,159.274889
1.0,38,159.292248
1.0,48,159.313736
0.0,18,159.321793
1.0,23,159.331997
1.0,40,159.349864
0.0,40,159.367707
1.0,81,159.403933
1.0,18,159.411944
1.0,44,159.431514
1.0,55,159.45598
1.0,79,159.49131
1.0,20,159.500223
1.0,40,159.51814
0.0,10,159.522629
1.0,71,159.554743
1.0,18,159.563
1.0,42,159.581769
1.0,60,159.608564
0.0,45,159.628835
1.0,18,159.636882
1.0,42,159.655601
0.0,32,159.669872
1.0,79,159.705223
1.0,20,159.71411
1.0,42,159.73277
1.0,55,159.757338
1.0,76,159.791293
1.0,22,159.80106
1.0,36,159.817182
0.0,5,159.819435
0.0,34,159.834937
1.0,19,159.843423
0.0,30,159.856822
1.0,57,159.882128
1.0,78,159.916923
1.0,18,159.924918
1.0,37,159.94147
1.0,59,159.967391
1.0,81,160.003559
1.0,20,160.01239
1.0,38,160.029422
1.0,67,160.060081
0.0,57,160.085799
1.0,18,160.093925
1.0,41,160.112624
1.0,53,160.136574
0.0,11,160.141469
1.0,18,160.149508
1.0,42,160.168346
1.0,53,160.192037
1.0,79,160.227271
1.0,21,160.236501
1.0,42,160.255136
1.0,56,160.28004
1.0,73,160.312768
1.0,18,160.320803
1.0,42,160.339484
1.0,58,160.365304
1.0,77,160.3997
1.0,18,160.407722
0.0,15,160.414373
0.0,43,160.433902
1.0,75,160.467489
1.0,18,160.475517
1.0,45,160.49566
1.0,57,160.521068
1.0,75,160.554872
1.0,20,160.564107
1.0,36,160.580251
1.0,55,160.605129
1.0,72,160.637673
1.0,19,160.646135
1.0,42,160.664866
1.0,53,160.688481
0.0,46,160.709039
1.0,22,160.718821
1.0,47,160.739728
1.0,49,160.761552
1.0,82,160.798195
1.0,22,160.808001
1.0,42,160.826711
1.0,51,160.849428
0.0,22,160.859211
1.0,22,160.868891
1.0,40,160.886767
1.0,59,160.913064
1.0,67,160.94297
1.0,24,160.953637
1.0,42,160.972308
1.0,51,160.995091
1.0,72,161.027309
1.0,18,161.035715
1.0,40,161.053859
1.0,59,161.080425
0.0,66,161.110271
1.0,19,161.119008
1.0,40,161.136763
0.0,44,161.156384
1.0,69,161.187295
1.0,20,161.196199
1.0,41,161.214529
1.0,56,161.239391
0.0,35,161.254986
1.0,20,161.263986
1.0,37,161.280448
1.0,57,161.306579
0.0,69,161.337932
1.0,24,161.348504
1.0,41,161.366812
1.0,64,161.395244
1.0,67,161.425273
1.0,18,161.433281
1.0,40,161.451129
1.0,53,161.474627
1.0,77,161.508994
1.0,20,161.517923
1.0,40,161.535776
1.0,59,161.562563
1.0,74,161.595698
1.0,18,161.604263
0.0,25,161.615423
1.0,51,161.638958
1.0,73,161.671587
1.0,20,161.680506
1.0,38,161.697565
1.0,51,161.720286
1.0,76,161.754313
1.0,18,161.762303
1.0,42,161.781009
1.0,61,161.808049
1.0,71,161.839851
1.0,20,161.848735
1.0,40,161.8666
1.0,49,161.888353
1.0,75,161.921856
1.0,18,161.92986
0.0,13,161.935722
1.0,56,161.960615
1.0,75,161.994105
1.0,20,162.003009
0.0,32,162.017314
1.0,50,162.039559
0.0,67,162.070185
1.0,19,162.078691
0.0,11,162.083599
1.0,61,162.110975
1.0,77,162.145743
1.0,20,162.154652
1.0,42,162.173923
0.0,9,162.177947
1.0,79,162.21353
1.0,20,162.22242
1.0,36,162.238825
0.0,7,162.242007
1.0,77,162.276381
1.0,18,162.284394
1.0,39,162.301834
0.0,32,162.316177
1.0,77,162.350688
1.0,20,162.35958
1.0,51,162.38223
1.0,51,162.404934
1.0,73,162.437554
1.0,18,162.445576
0.0,21,162.454924
1.0,54,162.47898
1.0,81,162.515273
1.0,20,162.524197
1.0,40,162.542087
1.0,60,162.569343
1.0,69,162.600281
1.0,18,162.608649
1.0,46,162.629459
1.0,53,162.653072
1.0,72,162.685261
1.0,23,162.695513
1.0,43,162.714683
1.0,52,162.737885
1.0,75,162.771363
1.0,20,162.780252
1.0,53,162.803785
1.0,46,162.824325
0.0,26,162.835977
1.0,18,162.844368
0.0,9,162.848408
1.0,47,162.869464
1.0,75,162.903005
1.0,20,162.911909
1.0,36,162.928048
1.0,49,162.949811
0.0,22,162.959645
1.0,20,162.968522
1.0,40,162.986233
1.0,56,163.011036
1.0,73,163.0439
1.0,20,163.052773
1.0,42,163.071886
1.0,55,163.096393
1.0,69,163.128162
1.0,20,163.137076
1.0,40,163.154983
1.0,50,163.177218
0.0,59,163.203618
1.0,20,163.212507
1.0,40,163.230354
0.0,7,163.233487
1.0,67,163.263458
1.0,18,163.271463
0.0,13,163.277272
1.0,51,163.300093
1.0,73,163.332742
0.0,12,163.338103
1.0,41,163.356287
1.0,52,163.379458
1.0,84,163.41685
1.0,18,163.424855
0.0,25,163.435975
0.0,34,163.451463
1.0,73,163.484097
1.0,20,163.492977
1.0,38,163.509855
1.0,55,163.53427
1.0,73,163.567433
1.0,24,163.578104
1.0,54,163.602296
1.0,48,163.624078
0.0,66,163.65343
1.0,20,163.662323
1.0,36,163.678388
1.0,53,163.701911
1.0,74,163.735031
1.0,18,163.743031
1.0,42,163.761739
1.0,53,163.785365
0.0,17,163.792876
1.0,18,163.800877
1.0,46,163.821289
1.0,50,163.843624
1.0,77,163.878035
1.0,18,163.886054
1.0,54,163.910125
0.0,39,163.927531
0.0,15,163.934193
1.0,18,163.942235
1.0,40,163.960052
1.0,53,163.98351
1.0,75,164.017004
1.0,25,164.028165
1.0,38,164.045813
1.0,51,164.06897
1.0,85,164.107207
1.0,18,164.115246
1.0,36,164.131496
1.0,48,164.152829
1.0,76,164.186882
1.0,18,164.194903
1.0,42,164.213669
1.0,54,164.237592
0.0,61,164.265072
1.0,22,164.274851
1.0,36,164.291116
1.0,51,164.313805
1.0,69,164.344776
1.0,18,164.352855
0.0,25,164.364005
1.0,52,164.387066
0.0,60,164.41389
1.0,20,164.422773
0.0,13,164.428589
1.0,47,164.449445
1.0,80,164.485013
1.0,18,164.493011
1.0,40,164.510865
1.0,52,164.533965
1.0,76,164.568532
1.0,18,164.576573
1.0,42,164.595406
1.0,50,164.61815
0.0,49,164.640623
1.0,20,164.649574
1.0,44,164.669196
1.0,50,164.691534
1.0,69,164.722389
1.0,18,164.730438
0.0,9,164.734453
1.0,51,164.757077
0.0,15,164.763726
1.0,18,164.771778
1.0,40,164.789528
1.0,52,164.812695
1.0,73,164.84532
1.0,18,164.853296
0.0,28,164.865715
1.0,53,164.889367
1.0,73,164.921962
1.0,20,164.930844
1.0,37,164.94734
1.0,48,164.968695
1.0,75,165.002162
1.0,18,165.010159
1.0,44,165.029829
1.0,50,165.052396
1.0,79,165.088036
1.0,25,165.099116
0.0,21,165.108885
0.0,40,165.126962
1.0,77,165.161407
1.0,18,165.169417
1.0,42,165.188793
1.0,49,165.210629
1.0,74,165.244108
1.0,20,165.253075
1.0,36,165.269267
0.0,27,165.281319
1.0,71,165.313205
1.0,20,165.322148
1.0,42,165.34095
1.0,50,165.36319
1.0,75,165.396708
1.0,20,165.405581
1.0,44,165.425181
1.0,54,165.449008
0.0,20,165.457943
0.0,5,165.460196
1.0,40,165.477979
0.0,46,165.49847
0.0,13,165.504288
1.0,20,165.513165
1.0,38,165.530094
1.0,54,165.554296
1.0,77,165.588816
1.0,22,165.598637
1.0,42,165.617627
1.0,51,165.640567
1.0,69,165.671472
1.0,18,165.679513
1.0,42,165.698267
1.0,56,165.723055
1.0,81,165.759426
1.0,22,165.769207
1.0,43,165.789209
1.0,48,165.811181
1.0,71,165.843333
1.0,24,165.854188
0.0,25,165.865352
1.0,46,165.886122
0.0,19,165.894452
1.0,18,165.902748
1.0,42,165.921426
1.0,55,165.945972
0.0,9,165.949967
1.0,18,165.957966
1.0,41,165.976251
1.0,49,165.998047
1.0,84,166.0356
1.0,20,166.044825
1.0,40,166.063019
0.0,36,166.079095
1.0,77,166.114053
0.0,14,166.120617
1.0,38,166.137585
0.0,5,166.139825
1.0,74,166.172915
0.0,5,166.175163
1.0,41,166.19352
1.0,48,166.214912
1.0,81,166.251071
1.0,22,166.260944
1.0,42,166.279612
0.0,5,166.281855
0.0,37,166.298434
1.0,20,166.307256
1.0,46,166.32768
1.0,51,166.350252
1.0,91,166.390782
1.0,28,166.403174
1.0,40,166.421019
1.0,61,166.448448
1.0,75,166.481944
1.0,20,166.490824
1.0,42,166.509518
1.0,56,166.534394
1.0,80,166.570604
1.0,18,166.578658
1.0,40,166.596581
1.0,48,166.618302
1.0,72,166.650639
1.0,18,166.658673
1.0,37,166.675169
1.0,52,166.698373
1.0,73,166.734132
1.0,18,166.742151
1.0,38,166.759155
0.0,29,166.772079
1.0,76,166.806119
1.0,20,166.815118
1.0,38,166.832101
1.0,51,166.854756
1.0,81,166.890934
1.0,18,166.898961
1.0,40,166.916759
1.0,58,166.942571
0.0,22,166.952395
1.0,23,166.962615
1.0,38,166.979578
1.0,50,167.001807
1.0,76,167.035831
1.0,19,167.04451
1.0,39,167.062434
1.0,50,167.084864
1.0,80,167.121166
0.0,12,167.126548
1.0,38,167.143487
1.0,49,167.165337
1.0,82,167.202529
1.0,22,167.212334
0.0,9,167.21636
1.0,55,167.24088
1.0,72,167.27303
1.0,20,167.281955
0.0,36,167.298143
1.0,57,167.323492
1.0,73,167.356172
1.0,19,167.364609
1.0,40,167.382443
1.0,46,167.402903
1.0,71,167.434647
1.0,25,167.445736
1.0,45,167.465807
1.0,46,167.486322
0.0,52,167.509558
1.0,20,167.518442
1.0,42,167.537244
1.0,52,167.560858
1.0,75,167.594441
1.0,20,167.603879
1.0,38,167.62122
1.0,54,167.645624
1.0,72,167.678584
1.0,18,167.686604
1.0,44,167.706136
1.0,46,167.726655
1.0,76,167.760701
1.0,22,167.770443
0.0,10,167.7749
1.0,60,167.801737
1.0,72,167.833901
0.0,5,167.836156
1.0,40,167.853909
1.0,50,167.876288
1.0,75,167.909844
1.0,20,167.918739
1.0,36,167.934777
1.0,60,167.961492
1.0,76,167.995457
1.0,18,168.003513
1.0,42,168.022292
1.0,50,168.04469
1.0,72,168.07775
1.0,21,168.087087
1.0,42,168.106198
1.0,50,168.128659
1.0,72,168.160817
1.0,18,168.168839
1.0,36,168.185008
1.0,61,168.212149
1.0,77,168.246624
1.0,18,168.25462
1.0,40,168.272403
0.0,38,168.289334
1.0,78,168.32434
1.0,23,168.334558
1.0,44,168.354156
1.0,48,168.37555
1.0,74,168.408653
1.0,22,168.41843
1.0,36,168.434521
1.0,58,168.460295
1.0,73,168.492896
1.0,18,168.500919
1.0,38,168.517937
0.0,26,168.529507
0.0,61,168.55716
0.0,7,168.560308
1.0,40,168.578483
1.0,54,168.60255
1.0,81,168.639405
1.0,19,168.647851
1.0,38,168.664865
1.0,49,168.686609
1.0,75,168.720206
1.0,22,168.729978
1.0,40,168.747867
1.0,50,168.77007
0.0,68,168.800553
1.0,18,168.80855
1.0,38,168.825522
1.0,55,168.850002
0.0,44,168.869681
0.0,7,168.872829
0.0,11,168.877765
1.0,56,168.902722
0.0,22,168.912504
1.0,21,168.92185
1.0,40,168.939706
0.0,7,168.942832
1.0,73,168.975502
1.0,18,168.983537
1.0,40,169.001362
1.0,49,169.023101
1.0,71,169.055241
1.0,18,169.06347
1.0,40,169.081417
1.0,50,169.104217
1.0,75,169.138221
1.0,22,169.148006
1.0,36,169.164128
1.0,54,169.188293
1.0,83,169.225456
1.0,22,169.235269
0.0,34,169.250504
1.0,49,169.272507
1.0,77,169.307167
0.0,7,169.310301
1.0,44,169.329879
1.0,48,169.351279
1.0,84,169.38993
1.0,18,169.398109
1.0,40,169.415995
1.0,56,169.440968
1.0,73,169.473666
1.0,20,169.482599
1.0,44,169.502239
1.0,64,169.530675
1.0,79,169.56642
1.0,18,169.574498
1.0,36,169.590542
1.0,57,169.61626
1.0,69,169.647532
1.0,20,169.656435
1.0,40,169.674361
1.0,58,169.700208
1.0,75,169.733689
1.0,18,169.741707
1.0,36,169.757815
1.0,53,169.781409
1.0,76,169.81547
1.0,23,169.825588
1.0,42,169.844349
1.0,52,169.867359
1.0,79,169.902635
1.0,24,169.913333
1.0,40,169.931215
1.0,50,169.953508
0.0,32,169.967792
1.0,18,169.975811
1.0,46,169.996361
1.0,52,170.019503
1.0,77,170.05423
1.0,20,170.063411
1.0,37,170.080162
1.0,58,170.106315
1.0,69,170.137606
1.0,19,170.145983
1.0,36,170.162357
1.0,56,170.187734
0.0,22,170.197542
1.0,20,170.206426
1.0,44,170.226076
1.0,50,170.248342
1.0,89,170.288986
1.0,18,170.297397
1.0,36,170.313571
1.0,54,170.337638
1.0,71,170.369362
1.0,22,170.379151
0.0,23,170.389394
1.0,51,170.412158
1.0,79,170.447412
1.0,20,170.456226
0.0,26,170.467783
1.0,49,170.48959
1.0,75,170.523232
1.0,20,170.532148
1.0,40,170.550186
1.0,55,170.574937
1.0,74,170.608566
1.0,18,170.616659
1.0,52,170.640144
0.0,12,170.645504
1.0,81,170.681586
1.0,18,170.689593
1.0,40,170.707442
1.0,52,170.730529
1.0,74,170.763589
1.0,20,170.772476
1.0,42,170.791184
1.0,49,170.812885
1.0,77,170.847216
1.0,18,170.855261
1.0,44,170.875249
1.0,51,170.897977
1.0,72,170.93008
1.0,23,170.94021
1.0,37,170.956649
1.0,55,170.981162
1.0,79,171.016353
1.0,18,171.02436
1.0,40,171.042157
1.0,52,171.065784
0.0,25,171.076906
1.0,20,171.085838
1.0,36,171.101953
1.0,52,171.125806
1.0,91,171.16633
1.0,20,171.175237
1.0,44,171.194808
1.0,50,171.217145
1.0,85,171.255099
1.0,21,171.264476
0.0,25,171.275689
1.0,52,171.298862
0.0,67,171.3288
1.0,20,171.337704
1.0,42,171.356394
0.0,9,171.360414
1.0,79,171.395696
1.0,23,171.40591
1.0,38,171.422868
1.0,56,171.447721
1.0,76,171.482059
1.0,20,171.490952
1.0,40,171.508844
1.0,49,171.530644
0.0,11,171.535585
1.0,20,171.544469
1.0,42,171.56372
1.0,58,171.589559
1.0,77,171.624608
1.0,24,171.635263
1.0,40,171.653091
1.0,54,171.677082
1.0,79,171.712415
1.0,18,171.720385
0.0,23,171.7307
1.0,56,171.755544
1.0,73,171.788307
1.0,18,171.796341
1.0,39,171.813758
1.0,53,171.837374
1.0,78,171.872168
1.0,24,171.882888
1.0,40,171.900731
1.0,50,171.923052
1.0,88,171.962255
1.0,18,171.970272
1.0,44,171.989911
1.0,46,172.010344
1.0,73,172.043021
1.0,20,172.052348
1.0,42,172.071852
1.0,54,172.095935
1.0,78,172.131753
1.0,18,172.139778
1.0,36,172.155837
1.0,50,172.178453
1.0,88,172.218125
1.0,20,172.227041
1.0,39,172.244447
1.0,48,172.265829
1.0,77,172.300399
1.0,18,172.308423
1.0,46,172.328909
1.0,60,172.355538
1.0,69,172.386419
1.0,18,172.394434
1.0,42,172.413193
1.0,50,172.435394
0.0,9,172.43939
1.0,18,172.447425
1.0,42,172.466086
1.0,54,172.489997
1.0,77,172.52507
1.0,20,172.534017
1.0,40,172.552111
1.0,53,172.576121
1.0,81,172.612978
1.0,20,172.622209
1.0,40,172.64009
1.0,50,172.662317
1.0,72,172.695137
1.0,20,172.704184
0.0,24,172.714929
1.0,56,172.739802
1.0,75,172.773322
1.0,18,172.781376
0.0,9,172.785405
1.0,56,172.810331
1.0,73,172.84295
0.0,7,172.846077
0.0,23,172.856328
1.0,46,172.877012
1.0,72,172.90924
1.0,20,172.918132
1.0,42,172.936914
0.0,10,172.94139
0.0,65,172.970381
1.0,18,172.978396
1.0,46,172.998686
1.0,55,173.023204
0.0,37,173.039699
1.0,18,173.047887
1.0,36,173.064214
1.0,55,173.088765
1.0,73,173.122045
1.0,25,173.133053
1.0,44,173.152618
1.0,55,173.177119
1.0,83,173.214055
1.0,23,173.224267
1.0,38,173.241252
1.0,49,173.263025
0.0,53,173.287096
1.0,22,173.296927
1.0,42,173.315761
1.0,51,173.338561
1.0,69,173.369393
1.0,22,173.379075
1.0,46,173.399505
1.0,63,173.427647
1.0,76,173.46158
1.0,18,173.469598
1.0,38,173.486534
1.0,52,173.510345
0.0,54,173.534383
1.0,18,173.542458
1.0,42,173.561349
0.0,29,173.574548
0.0,9,173.578603
1.0,20,173.587497
1.0,41,173.606219
0.0,31,173.620164
1.0,73,173.65314
1.0,20,173.662042
1.0,44,173.681601
1.0,52,173.704909
1.0,75,173.738457
1.0,18,173.746465
1.0,42,173.765212
1.0,52,173.788379
1.0,72,173.820546
1.0,20,173.829431
1.0,42,173.848111
1.0,60,173.87514
1.0,80,173.910864
0.0,3,173.91221
1.0,42,173.930967
0.0,3,173.932318
1.0,83,173.96936
1.0,20,173.978249
1.0,40,173.996101
1.0,53,174.019613
0.0,22,174.029428
1.0,20,174.038312
1.0,36,174.054729
1.0,63,174.083061
1.0,75,174.116929
1.0,20,174.126127
1.0,48,174.147507
1.0,58,174.173304
0.0,60,174.20024
1.0,20,174.209117
1.0,39,174.226516
0.0,25,174.237618
1.0,79,174.273281
1.0,18,174.281568
1.0,38,174.298603
1.0,50,174.320801
1.0,79,174.356087
0.0,10,174.360565
1.0,40,174.378384
1.0,55,174.40271
1.0,71,174.434533
1.0,20,174.443432
1.0,38,174.46041
1.0,54,174.484837
1.0,71,174.516663
1.0,23,174.526929
1.0,39,174.544302
1.0,48,174.566402
0.0,7,174.569522
1.0,18,174.578315
1.0,38,174.595279
1.0,50,174.618079
1.0,73,174.650998
1.0,18,174.658999
1.0,44,174.678665
1.0,48,174.69995
1.0,71,174.731744
1.0,20,174.741004
1.0,40,174.759333
1.0,53,174.783309
1.0,72,174.815717
1.0,20,174.824654
1.0,36,174.840727
1.0,52,174.863927
1.0,82,174.900483
1.0,18,174.908483
1.0,38,174.925365
1.0,52,174.948485
1.0,67,174.978477
1.0,18,174.986464
1.0,41,175.004759
1.0,53,175.028429
1.0,76,175.063111
1.0,18,175.071163
1.0,46,175.09215
1.0,59,175.11908
1.0,73,175.152087
1.0,23,175.162308
1.0,40,175.180221
1.0,49,175.202112
1.0,77,175.236528
1.0,22,175.246334
1.0,41,175.264673
1.0,53,175.288334
0.0,46,175.308942
1.0,20,175.317794
1.0,47,175.338819
1.0,52,175.361975
0.0,49,175.383849
1.0,20,175.3928
1.0,40,175.410621
1.0,48,175.432395
1.0,82,175.469362
1.0,28,175.481803
1.0,40,175.49963
1.0,59,175.525802
1.0,80,175.56184
1.0,21,175.571438
1.0,39,175.588844
1.0,57,175.614572
1.0,73,175.647512
1.0,22,175.657321
1.0,43,175.67673
1.0,46,175.697403
1.0,79,175.73278
1.0,21,175.7421
1.0,42,175.76075
0.0,7,175.763903
1.0,73,175.79662
1.0,20,175.80554
1.0,46,175.825974
1.0,51,175.84871
0.0,56,175.87373
1.0,20,175.882671
1.0,46,175.90317
1.0,54,175.927289
0.0,22,175.937109
0.0,12,175.94248
1.0,39,175.959875
1.0,52,175.9829
1.0,79,176.018302
1.0,21,176.02764
1.0,44,176.047685
1.0,48,176.069518
1.0,71,176.101459
1.0,18,176.109786
1.0,40,176.127897
1.0,48,176.149358
0.0,42,176.168095
1.0,20,176.176996
1.0,44,176.196568
1.0,51,176.219287
1.0,76,176.253264
1.0,18,176.26142
1.0,46,176.282278
1.0,56,176.307386
1.0,75,176.341031
1.0,20,176.349918
1.0,40,176.367768
1.0,50,176.389971
1.0,80,176.425814
1.0,18,176.433817
1.0,46,176.454331
1.0,48,176.475667
1.0,80,176.511396
1.0,20,176.520294
1.0,49,176.542212
1.0,48,176.564081
1.0,74,176.597377
1.0,21,176.607144
0.0,27,176.619357
1.0,62,176.647346
1.0,73,176.679922
1.0,22,176.6897
1.0,36,176.705866
1.0,62,176.733455
0.0,68,176.763828
1.0,20,176.772637
1.0,42,176.791337
1.0,54,176.815345
1.0,82,176.851938
1.0,23,176.862151
1.0,38,176.879562
1.0,50,176.901894
1.0,75,176.935415
1.0,20,176.944324
1.0,38,176.961298
1.0,52,176.984519
1.0,80,177.020275
1.0,20,177.029286
1.0,36,177.045387
1.0,51,177.068644
1.0,73,177.101272
1.0,18,177.109646
1.0,41,177.128249
1.0,57,177.153553
0.0,52,177.177064
1.0,20,177.185959
1.0,38,177.203309
1.0,57,177.228615
1.0,74,177.261748
1.0,18,177.26975
0.0,12,177.275085
1.0,48,177.296475
1.0,71,177.32839
1.0,20,177.337391
1.0,36,177.353424
1.0,56,177.378289
1.0,74,177.411331
1.0,18,177.419402
1.0,41,177.437821
1.0,52,177.460935
0.0,18,177.468935
1.0,18,177.476919
1.0,38,177.49423
1.0,48,177.51555
1.0,79,177.551144
1.0,24,177.561784
1.0,50,177.58435
1.0,56,177.609625
1.0,76,177.643844
1.0,20,177.652731
1.0,38,177.669682
1.0,52,177.692799
1.0,76,177.726754
1.0,18,177.734773
1.0,38,177.751633
1.0,52,177.774778
1.0,73,177.807479
1.0,23,177.817663
1.0,42,177.836388
1.0,52,177.859462
0.0,11,177.864369
1.0,18,177.87238
1.0,36,177.888611
1.0,64,177.917106
1.0,72,177.9493
1.0,22,177.959061
1.0,45,177.979204
1.0,51,178.001948
1.0,77,178.036345
1.0,20,178.045563
1.0,46,178.066603
1.0,52,178.09021
1.0,76,178.125358
1.0,20,178.134266
0.0,29,178.147156
1.0,48,178.16852
1.0,80,178.204251
1.0,22,178.214118
1.0,39,178.231589
1.0,62,178.259156
1.0,76,178.293231
1.0,21,178.30276
1.0,37,178.319294
1.0,49,178.341181
1.0,76,178.375071
1.0,19,178.383554
1.0,41,178.401839
0.0,32,178.416116
1.0,75,178.449692
1.0,20,178.458544
1.0,40,178.476346
1.0,55,178.500737
1.0,82,178.537298
1.0,20,178.546181
1.0,42,178.565481
1.0,51,178.588196
1.0,76,178.622728
1.0,18,178.630723
1.0,41,178.648969
0.0,9,178.652997
0.0,24,178.663702
1.0,22,178.673477
1.0,46,178.694414
1.0,53,178.717946
1.0,72,178.750077
1.0,20,178.758991
1.0,40,178.77673
1.0,57,178.802155
1.0,76,178.836152
1.0,19,178.844531
1.0,40,178.862376
1.0,61,178.889444
1.0,76,178.923394
1.0,20,178.932292
1.0,42,178.951009
1.0,50,178.973253
1.0,77,179.007679
1.0,22,179.017457
1.0,46,179.037909
0.0,21,179.047504
1.0,73,179.080535
0.0,20,179.089442
1.0,40,179.107682
1.0,54,179.132062
1.0,77,179.166438
1.0,20,179.175486
1.0,48,179.19674
1.0,50,179.219341
1.0,80,179.255962
1.0,20,179.265166
1.0,38,179.282571
1.0,50,179.305279
1.0,71,179.337186
0.0,5,179.339439
1.0,42,179.358162
1.0,54,179.382157
1.0,85,179.420115
1.0,18,179.428131
1.0,36,179.444225
1.0,46,179.464653
1.0,79,179.499919
1.0,22,179.509794
0.0,9,179.513835
0.0,18,179.521871
0.0,36,179.537964
1.0,19,179.546322
1.0,38,179.563578
1.0,53,179.587466
1.0,78,179.623298
1.0,19,179.631661
1.0,42,179.650399
1.0,49,179.672264
1.0,79,179.709095
1.0,18,179.719369
1.0,45,179.739563
1.0,52,179.762782
0.0,32,179.77708
1.0,18,179.785092
1.0,40,179.803045
0.0,12,179.808415
1.0,80,179.844197
1.0,20,179.853155
1.0,44,179.872796
1.0,49,179.895057
1.0,73,179.927744
1.0,22,179.937533
0.0,9,179.941569
1.0,51,179.964333
1.0,77,179.998761
1.0,20,180.0077
1.0,43,180.026904
1.0,53,180.050997
1.0,71,180.083478
0.0,5,180.08573
1.0,44,180.105297
1.0,57,180.131318
1.0,74,180.164456
1.0,22,180.174202
1.0,46,180.194727
1.0,50,180.216892
1.0,72,180.249176
1.0,18,180.257203
1.0,41,180.275482
1.0,61,180.302528
1.0,67,180.332508
0.0,5,180.334762
1.0,36,180.350899
1.0,48,180.372336
1.0,83,180.409401
1.0,21,180.418774
1.0,42,180.437495
1.0,48,180.458946
1.0,78,180.494212
1.0,20,180.503131
1.0,38,180.52011
1.0,52,180.54337
1.0,77,180.579137
0.0,14,180.585407
1.0,40,180.603328
1.0,48,180.625148
1.0,75,180.658648
1.0,24,180.669275
1.0,42,180.687996
1.0,50,180.710207
1.0,74,180.743271
1.0,20,180.752172
1.0,36,180.768227
1.0,50,180.790461
1.0,78,180.82531
1.0,22,180.835114
1.0,39,180.852514
1.0,48,180.873923
0.0,11,180.878836
1.0,18,180.886849
1.0,38,180.903759
1.0,54,180.927763
0.0,68,180.95814
1.0,18,180.966195
1.0,38,180.983186
1.0,46,181.003742
1.0,75,181.037345
1.0,18,181.045405
1.0,38,181.062708
1.0,47,181.084109
1.0,71,181.116705
1.0,21,181.126237
1.0,40,181.144115
1.0,50,181.166373
1.0,90,181.206598
1.0,20,181.215439
1.0,40,181.233295
1.0,52,181.256449
1.0,71,181.288236
1.0,18,181.296205
1.0,44,181.315874
1.0,50,181.338228
1.0,77,181.372638
1.0,22,181.382451
1.0,38,181.399437
1.0,67,181.42918
1.0,79,181.464506
1.0,18,181.472519
1.0,40,181.490472
1.0,52,181.513663
0.0,31,181.527543
1.0,22,181.53731
0.0,9,181.541348
1.0,50,181.563916
0.0,59,181.590662
1.0,18,181.598687
1.0,46,181.619513
1.0,48,181.641281
1.0,67,181.671342
1.0,18,181.679369
1.0,47,181.700345
1.0,49,181.722309
1.0,77,181.756789
1.0,19,181.765239
1.0,38,181.782219
1.0,50,181.804549
1.0,71,181.836302
1.0,20,181.845898
1.0,36,181.862031
1.0,54,181.88605
1.0,80,181.921763
1.0,18,181.929817
1.0,40,181.947629
1.0,54,181.971776
1.0,77,182.006195
1.0,18,182.014196
1.0,38,182.031214
1.0,52,182.054778
0.0,26,182.066615
1.0,18,182.074708
1.0,46,182.095167
0.0,34,182.110556
1.0,74,182.143937
1.0,20,182.152756
1.0,42,182.171597
1.0,58,182.197929
1.0,73,182.230551
1.0,21,182.239922
1.0,37,182.25646
1.0,57,182.281871
1.0,76,182.316012
1.0,22,182.325791
0.0,30,182.339203
1.0,49,182.360961
1.0,71,182.392709
0.0,7,182.395816
1.0,40,182.413654
1.0,51,182.436374
1.0,77,182.470744
1.0,20,182.479637
1.0,50,182.501941
1.0,53,182.525654
1.0,82,182.562775
0.0,5,182.565363
1.0,52,182.588602
1.0,57,182.614492
1.0,84,182.652499
1.0,18,182.660496
1.0,42,182.679245
1.0,55,182.703803
0.0,30,182.717252
0.0,5,182.719506
1.0,38,182.736472
1.0,57,182.761861
0.0,35,182.777459
1.0,20,182.786365
1.0,40,182.804261
1.0,59,182.830538
0.0,36,182.846679
1.0,22,182.856471
1.0,45,182.876495
0.0,9,182.880481
1.0,72,182.912806
1.0,18,182.920839
1.0,38,182.93781
0.0,9,182.941852
1.0,74,182.975031
1.0,18,182.983051
1.0,41,183.001398
1.0,51,183.024138
1.0,86,183.062909
1.0,18,183.07114
1.0,41,183.089421
1.0,53,183.113303
1.0,79,183.148778
1.0,26,183.160434
1.0,38,183.177421
1.0,61,183.204515
1.0,77,183.238977
0.0,7,183.242118
1.0,42,183.2609
1.0,49,183.282697
1.0,71,183.314528
1.0,18,183.322523
1.0,46,183.343044
1.0,57,183.36851
1.0,74,183.401541
1.0,19,183.410049
1.0,40,183.427886
1.0,62,183.45535
1.0,77,183.489745
1.0,18,183.497768
1.0,37,183.514241
1.0,55,183.538727
1.0,79,183.574473
1.0,18,183.58247
1.0,38,183.599337
1.0,55,183.62449
1.0,74,183.657526
1.0,22,183.667301
1.0,42,183.686078
1.0,63,183.714792
1.0,74,183.748516
1.0,21,183.757776
1.0,40,183.775655
0.0,32,183.790052
1.0,73,183.822835
1.0,18,183.830854
1.0,42,183.849453
1.0,47,183.870316
1.0,80,183.906041
1.0,22,183.915833
1.0,36,183.931951
0.0,18,183.939921
1.0,75,183.973516
1.0,18,183.981534
1.0,38,183.998399
1.0,50,184.020646
1.0,70,184.052315
1.0,22,184.062156
1.0,42,184.081338
1.0,52,184.104577
0.0,24,184.115613
1.0,24,184.126822
1.0,36,184.142953
0.0,12,184.148322
1.0,76,184.182307
1.0,20,184.191383
1.0,44,184.211053
1.0,53,184.234722
1.0,74,184.268007
1.0,18,184.276082
1.0,36,184.29241
0.0,21,184.301882
1.0,70,184.333626
1.0,20,184.342494
1.0,42,184.361291
1.0,53,184.384877
0.0,36,184.400937
1.0,18,184.408957
1.0,42,184.427792
1.0,59,184.454016
1.0,79,184.489252
0.0,3,184.490613
1.0,36,184.506669
1.0,53,184.530225
1.0,70,184.561922
1.0,24,184.573017
1.0,46,184.593544
1.0,53,184.617544
1.0,79,184.653175
1.0,22,184.662952
1.0,36,184.679064
1.0,55,184.70351
1.0,73,184.736126
1.0,22,184.745876
1.0,47,184.766836
1.0,64,184.795274
1.0,85,184.833158
1.0,18,184.841167
0.0,21,184.850511
0.0,11,184.855395
0.0,71,184.887029
1.0,18,184.895011
1.0,51,184.918052
1.0,54,184.941975
1.0,70,184.973442
1.0,22,184.983103
0.0,30,184.996593
0.0,31,185.010365
1.0,75,185.044055
1.0,24,185.054967
1.0,40,185.073155
1.0,57,185.098496
1.0,75,185.132752
1.0,19,185.141118
1.0,47,185.162103
1.0,46,185.182596
1.0,76,185.216481
1.0,20,185.225466
1.0,38,185.242464
1.0,47,185.263568
1.0,72,185.29597
1.0,18,185.304062
1.0,40,185.321813
1.0,48,185.343274
0.0,7,185.346371
1.0,20,185.355243
1.0,38,185.372276
1.0,57,185.397562
1.0,75,185.431088
1.0,20,185.439943
1.0,42,185.458696
1.0,56,185.483646
1.0,77,185.518315
1.0,19,185.526861
1.0,36,185.542924
1.0,53,185.567238
1.0,77,185.601686
1.0,18,185.610017
1.0,40,185.628377
1.0,49,185.650243
1.0,82,185.686903
0.0,7,185.690024
1.0,40,185.70785
1.0,61,185.734923
1.0,77,185.76934
1.0,18,185.777362
1.0,42,185.796114
1.0,48,185.81758
1.0,92,185.858513
1.0,18,185.866578
1.0,36,185.88264
1.0,51,185.905312
0.0,38,185.922234
1.0,18,185.93024
1.0,42,185.949052
1.0,52,185.972228
1.0,85,186.010158
1.0,20,186.019125
1.0,39,186.036398
1.0,49,186.058672
1.0,85,186.096947
1.0,22,186.106754
1.0,40,186.125751
1.0,48,186.147267
1.0,70,186.178845
1.0,22,186.188632
1.0,40,186.206466
1.0,50,186.228792
1.0,74,186.261985
1.0,20,186.270983
1.0,38,186.28798
1.0,52,186.311158
0.0,13,186.317012
1.0,18,186.325015
1.0,42,186.34378
1.0,55,186.368269
1.0,73,186.40099
1.0,18,186.409014
1.0,40,186.426962
1.0,50,186.449211
1.0,81,186.48543
1.0,18,186.493464
1.0,44,186.513157
0.0,46,186.533639
1.0,77,186.568685
1.0,18,186.577421
1.0,42,186.596294
1.0,54,186.62088
1.0,74,186.654274
1.0,20,186.663193
1.0,38,186.68013
1.0,54,186.704183
1.0,74,186.737624
1.0,19,186.746048
1.0,36,186.762119
1.0,56,186.787074
0.0,57,186.813154
1.0,20,186.82213
1.0,46,186.84252
0.0,9,186.846642
1.0,71,186.878321
1.0,20,186.887288
1.0,43,186.906385
1.0,59,186.932471
1.0,76,186.966387
1.0,24,186.977031
1.0,40,186.994951
1.0,49,187.016793
1.0,71,187.048687
1.0,20,187.057899
1.0,46,187.078712
1.0,55,187.103146
0.0,53,187.127504
1.0,19,187.136038
1.0,40,187.153872
0.0,13,187.159679
0.0,13,187.165452
1.0,20,187.174344
1.0,40,187.192863
1.0,51,187.215514
1.0,80,187.251432
1.0,20,187.260442
1.0,45,187.280453
0.0,49,187.302402
1.0,75,187.336406
1.0,28,187.34884
1.0,42,187.367544
1.0,61,187.394764
1.0,79,187.430095
1.0,20,187.438991
1.0,40,187.45685
1.0,54,187.48077
1.0,69,187.511642
1.0,21,187.520962
1.0,40,187.538867
1.0,55,187.563717
1.0,75,187.597451
1.0,18,187.605526
1.0,40,187.623669
1.0,49,187.645965
1.0,79,187.681392
1.0,20,187.690284
1.0,42,187.708928
0.0,9,187.713034
1.0,75,187.746527
1.0,20,187.755472
1.0,38,187.772439
1.0,76,187.80625
1.0,87,187.845063
1.0,18,187.853108
1.0,37,187.869703
1.0,49,187.891539
0.0,61,187.919003
1.0,18,187.927397
1.0,44,187.947126
1.0,46,187.967591
1.0,75,188.001213
1.0,22,188.011023
1.0,41,188.029376
1.0,52,188.052764
1.0,75,188.086867
1.0,26,188.09847
0.0,9,188.102516
1.0,56,188.127845
1.0,78,188.162747
1.0,20,188.171733
0.0,23,188.182
0.0,5,188.184244
1.0,73,188.21775
1.0,23,188.228243
1.0,46,188.249087
1.0,48,188.270503
0.0,61,188.297858
1.0,18,188.305902
1.0,40,188.323878
0.0,32,188.337911
1.0,69,188.368844
1.0,20,188.377739
1.0,38,188.394679
1.0,52,188.418149
1.0,80,188.454069
1.0,25,188.465065
1.0,36,188.481138
0.0,5,188.483384
1.0,77,188.517813
1.0,18,188.526228
0.0,25,188.537452
1.0,58,188.563685
1.0,74,188.597092
1.0,20,188.606003
1.0,38,188.623429
0.0,7,188.626889
1.0,80,188.662609
0.0,14,188.668852
1.0,37,188.685311
1.0,48,188.70682
1.0,69,188.737843
1.0,20,188.746734
1.0,38,188.763676
1.0,48,188.785098
1.0,73,188.817908
1.0,19,188.82627
1.0,46,188.846886
0.0,5,188.84911
1.0,77,188.883562
1.0,22,188.893405
1.0,40,188.911277
1.0,48,188.93271
1.0,79,188.968026
1.0,18,188.976001
1.0,46,188.996506
1.0,56,189.02143
1.0,77,189.056241
1.0,21,189.065537
1.0,46,189.086328
1.0,55,189.111287
1.0,69,189.142793
1.0,18,189.150876
1.0,38,189.167857
1.0,54,189.191976
1.0,78,189.227123
1.0,20,189.236013
1.0,42,189.254788
1.0,50,189.277294
1.0,75,189.311311
1.0,22,189.321095
1.0,42,189.33987
1.0,59,189.366131
0.0,22,189.376026
1.0,22,189.38582
1.0,46,189.406285
1.0,58,189.432076
1.0,75,189.465625
1.0,18,189.473614
1.0,42,189.492394
1.0,54,189.516293
0.0,9,189.520283
1.0,19,189.528781
1.0,36,189.544893
0.0,5,189.547137
1.0,79,189.58307
1.0,20,189.591905
1.0,36,189.60831
0.0,3,189.609662
1.0,77,189.64443
1.0,21,189.653766
1.0,38,189.670713
0.0,21,189.680215
1.0,74,189.713245
1.0,20,189.722295
0.0,23,189.732922
1.0,48,189.754433
0.0,49,189.776253
1.0,20,189.785168
1.0,42,189.803928
1.0,55,189.828324
0.0,9,189.832409
1.0,18,189.840436
1.0,42,189.859102
1.0,51,189.881847
1.0,77,189.916242
1.0,20,189.925141
1.0,42,189.943942
1.0,48,189.965307
1.0,75,189.998846
1.0,22,190.008607
0.0,7,190.011726
1.0,53,190.035384
1.0,78,190.071
1.0,18,190.079016
0.0,9,190.083048
1.0,61,190.110595
0.0,66,190.140611
1.0,19,190.149048
0.0,21,190.158508
0.0,26,190.17013
1.0,70,190.20216
1.0,18,190.210249
1.0,43,190.229491
1.0,49,190.251369
1.0,73,190.284007
1.0,20,190.292856
1.0,38,190.309829
1.0,52,190.3335
1.0,77,190.367952
1.0,20,190.376856
1.0,47,190.397908
1.0,52,190.420957
1.0,79,190.45629
1.0,20,190.465198
1.0,40,190.483136
0.0,5,190.485378
1.0,69,190.516341
1.0,25,190.52729
1.0,40,190.545175
0.0,48,190.567084
0.0,22,190.576916
1.0,18,190.584999
1.0,41,190.60334
1.0,52,190.62733
1.0,77,190.661839
1.0,20,190.670735
1.0,38,190.687634
1.0,53,190.713169
1.0,75,190.747908
1.0,20,190.75681
1.0,40,190.774763
1.0,50,190.796988
1.0,76,190.831193
1.0,18,190.839247
1.0,38,190.856304
1.0,52,190.87949
1.0,73,190.912206
1.0,18,190.920217
1.0,44,190.940292
1.0,48,190.961745
1.0,74,190.994856
1.0,19,191.003396
1.0,42,191.022071
1.0,54,191.046206
1.0,73,191.079428
1.0,26,191.090931
1.0,44,191.110806
1.0,50,191.13347
1.0,87,191.172246
1.0,20,191.181137
1.0,36,191.197366
1.0,52,191.220491
1.0,75,191.253959
1.0,19,191.262384
1.0,42,191.281265
1.0,52,191.304499
1.0,73,191.337089
1.0,22,191.346959
1.0,46,191.368502
1.0,47,191.38958
1.0,79,191.424872
0.0,3,191.426223
1.0,44,191.445651
1.0,54,191.469585
1.0,83,191.506638
1.0,19,191.514995
1.0,44,191.534935
1.0,49,191.557092
1.0,81,191.593543
0.0,5,191.595787
1.0,38,191.61314
1.0,52,191.636767
0.0,61,191.664127
1.0,18,191.672121
1.0,39,191.689565
1.0,48,191.710949
1.0,82,191.747692
1.0,20,191.756507
1.0,41,191.774935
1.0,52,191.798049
1.0,75,191.831643
1.0,20,191.840598
1.0,40,191.858406
1.0,54,191.882468
0.0,13,191.888267
1.0,18,191.896262
1.0,44,191.91585
1.0,59,191.942066
1.0,75,191.975448
1.0,20,191.984418
1.0,36,192.000405
0.0,12,192.005785
1.0,74,192.038801
1.0,21,192.048194
1.0,39,192.066027
1.0,52,192.089673
1.0,77,192.124399
1.0,18,192.133049
1.0,44,192.152753
1.0,50,192.175268
0.0,66,192.205289
1.0,27,192.217273
1.0,38,192.234322
1.0,48,192.255828
1.0,71,192.287599
1.0,24,192.298319
1.0,38,192.315244
1.0,50,192.337622
1.0,71,192.369422
1.0,18,192.377428
1.0,45,192.397495
1.0,54,192.421563
1.0,86,192.459964
1.0,19,192.468419
1.0,44,192.488124
1.0,57,192.513619
1.0,76,192.547506
1.0,20,192.55686
1.0,38,192.574288
1.0,49,192.596159
1.0,75,192.630291
1.0,18,192.638285
0.0,25,192.649369
1.0,62,192.677143
1.0,71,192.70978
1.0,22,192.719734
1.0,39,192.737509
1.0,54,192.761664
1.0,82,192.798294
1.0,28,192.810458
1.0,38,192.827504
0.0,45,192.847581
1.0,75,192.881016
1.0,18,192.889025
1.0,45,192.909143
1.0,54,192.933336
1.0,69,192.964045
0.0,9,192.968125
1.0,38,192.985042
1.0,51,193.007786
1.0,75,193.041208
1.0,18,193.049345
1.0,38,193.06659
1.0,49,193.088569
0.0,58,193.11475
1.0,20,193.123718
0.0,23,193.134465
0.0,48,193.155829
1.0,75,193.189306
0.0,12,193.194751
1.0,38,193.211673
1.0,57,193.23714
0.0,13,193.242924
1.0,20,193.251735
0.0,23,193.261997
0.0,26,193.273658
1.0,81,193.309763
1.0,21,193.319066
1.0,36,193.335551
0.0,32,193.349791
1.0,71,193.381534
1.0,18,193.389623
0.0,27,193.401647
0.0,19,193.410143
1.0,68,193.440613
1.0,26,193.452054
1.0,42,193.470862
1.0,49,193.492571
1.0,77,193.526964
1.0,18,193.53506
0.0,13,193.54085
1.0,55,193.565645
1.0,70,193.597181
1.0,18,193.605191
1.0,44,193.625424
1.0,56,193.650306
1.0,73,193.682863
1.0,20,193.69183
1.0,40,193.709587
1.0,53,193.733204
1.0,71,193.764948
1.0,20,193.773731
1.0,50,193.795991
1.0,54,193.820095
1.0,82,193.856633
1.0,18,193.864638
1.0,44,193.884343
1.0,52,193.907438
0.0,22,193.917335
1.0,20,193.926234
1.0,42,193.94529
1.0,49,193.967145
1.0,79,194.002429
1.0,20,194.01126
1.0,44,194.030842
0.0,42,194.049502
1.0,79,194.085402
1.0,25,194.096454
1.0,40,194.114655
1.0,48,194.136295
1.0,76,194.170201
1.0,21,194.179665
1.0,44,194.199239
1.0,56,194.224104
1.0,82,194.260709
1.0,21,194.270198
1.0,37,194.286927
0.0,21,194.296372
1.0,80,194.332148
1.0,21,194.341461
1.0,40,194.359243
1.0,50,194.381569
0.0,47,194.40254
1.0,18,194.410679
1.0,42,194.429292
1.0,54,194.453346
1.0,71,194.485006
0.0,10,194.489489
0.0,28,194.501965
0.0,14,194.508208
1.0,78,194.5435
1.0,18,194.551898
1.0,42,194.571098
1.0,49,194.592926
1.0,69,194.624127
1.0,18,194.632669
1.0,45,194.652686
1.0,48,194.674021
1.0,77,194.708476
1.0,18,194.716459
1.0,40,194.734425
0.0,9,194.738435
0.0,11,194.743327
1.0,20,194.75228
1.0,38,194.769161
1.0,48,194.790554
1.0,69,194.821462
1.0,21,194.830783
1.0,39,194.84812
1.0,54,194.872153
1.0,67,194.902144
1.0,18,194.910185
1.0,36,194.926241
0.0,7,194.929361
1.0,77,194.963733
1.0,20,194.972674
1.0,38,194.989603
0.0,20,194.998442
1.0,76,195.032476
1.0,19,195.040845
1.0,45,195.061178
1.0,49,195.083185
1.0,81,195.119631
1.0,18,195.128004
1.0,45,195.147972
1.0,46,195.168506
1.0,82,195.204921
1.0,19,195.213253
1.0,48,195.234506
0.0,30,195.247923
0.0,7,195.251042
1.0,18,195.259031
1.0,42,195.277846
1.0,50,195.300123
0.0,22,195.30992
1.0,23,195.320229
1.0,39,195.33757
1.0,50,195.35997
1.0,72,195.392197
1.0,20,195.401094
1.0,44,195.420663
1.0,54,195.444737
1.0,74,195.477775
1.0,18,195.485728
0.0,10,195.490179
1.0,52,195.513293
1.0,72,195.545443
1.0,18,195.553785
1.0,38,195.570912
0.0,7,195.574037
1.0,79,195.609608
1.0,20,195.61861
1.0,38,195.635825
1.0,61,195.662961
0.0,11,195.667826
1.0,22,195.677588
1.0,41,195.695843
1.0,59,195.72188
1.0,79,195.75724
1.0,22,195.767054
1.0,40,195.784863
1.0,52,195.80788
1.0,79,195.843254
1.0,18,195.851292
1.0,36,195.867292
0.0,30,195.880691
1.0,80,195.916379
1.0,20,195.925261
0.0,12,195.930608
1.0,52,195.953806
1.0,70,195.985005
1.0,24,195.995748
1.0,55,196.020189
1.0,59,196.046359
1.0,73,196.080062
1.0,19,196.08853
1.0,36,196.104559
0.0,44,196.124474
1.0,86,196.163375
1.0,20,196.17228
1.0,38,196.189195
1.0,54,196.213093
1.0,74,196.246244
1.0,24,196.256988
1.0,40,196.274836
1.0,52,196.298053
1.0,75,196.331478
1.0,18,196.339525
0.0,23,196.34973
1.0,52,196.372921
1.0,81,196.409084
1.0,24,196.41984
1.0,42,196.438518
1.0,57,196.463912
1.0,73,196.496679
1.0,20,196.505574
1.0,42,196.524309
1.0,52,196.54734
1.0,71,196.580021
1.0,22,196.589804
1.0,36,196.606071
1.0,56,196.631695
1.0,75,196.665206
1.0,19,196.673768
1.0,36,196.68981
1.0,48,196.711267
1.0,81,196.747343
1.0,18,196.755476
1.0,47,196.776372
1.0,51,196.798995
1.0,72,196.83126
1.0,18,196.83929
1.0,40,196.857162
0.0,3,196.858513
1.0,78,196.893289
0.0,7,196.896418
1.0,37,196.913009
1.0,55,196.937486
1.0,81,196.973574
1.0,22,196.983439
1.0,38,197.000305
1.0,50,197.022578
1.0,73,197.055493
1.0,20,197.064329
1.0,48,197.085892
1.0,46,197.106376
1.0,85,197.144795
1.0,18,197.15306
1.0,37,197.170189
1.0,46,197.191345
1.0,78,197.226515
1.0,20,197.235486
1.0,46,197.255996
0.0,36,197.272009
0.0,16,197.279215
1.0,18,197.287247
1.0,36,197.303337
1.0,57,197.328696
1.0,73,197.361408
1.0,22,197.371232
1.0,38,197.388164
1.0,54,197.412211
1.0,75,197.445737
1.0,18,197.453753
0.0,17,197.461235
1.0,50,197.483534
1.0,76,197.517517
1.0,24,197.528183
1.0,38,197.545144
1.0,48,197.566798
0.0,13,197.572851
1.0,18,197.580925
0.0,28,197.593471
1.0,50,197.616044
1.0,74,197.649621
1.0,22,197.659502
1.0,41,197.677728
1.0,50,197.700054
0.0,68,197.730473
1.0,20,197.739355
1.0,41,197.757666
1.0,50,197.780378
1.0,78,197.815303
1.0,18,197.823318
1.0,42,197.842014
1.0,58,197.867698
0.0,73,197.900307
1.0,22,197.910076
1.0,42,197.928973
0.0,11,197.933869
1.0,77,197.968284
1.0,23,197.978489
1.0,45,197.998551
1.0,49,198.020337
1.0,69,198.051377
1.0,22,198.061433
1.0,40,198.079623
1.0,48,198.101019
1.0,77,198.135867
1.0,18,198.143886
1.0,44,198.163607
1.0,52,198.186814
1.0,71,198.218521
1.0,22,198.228401
1.0,44,198.248015
1.0,54,198.272154
1.0,71,198.303893
0.0,3,198.305242
1.0,40,198.323122
1.0,49,198.344939
1.0,79,198.380753
1.0,20,198.389637
1.0,42,198.408399
1.0,51,198.431145
0.0,21,198.440455
0.0,9,198.444472
1.0,46,198.465025
1.0,50,198.48732
0.0,61,198.515206
1.0,29,198.52795
1.0,41,198.546192
1.0,56,198.572167
1.0,71,198.604168
1.0,22,198.614519
1.0,42,198.63339
1.0,48,198.654799
1.0,84,198.692255
1.0,20,198.701132
1.0,40,198.719023
1.0,46,198.739448
1.0,77,198.773892
1.0,19,198.782303
0.0,7,198.785374
1.0,50,198.807815
1.0,70,198.839215
1.0,20,198.848108
1.0,43,198.867293
1.0,50,198.889531
1.0,76,198.923464
1.0,19,198.931912
1.0,40,198.949845
1.0,48,198.971596
1.0,75,199.005107
1.0,20,199.013997
1.0,36,199.030067
1.0,48,199.051438
1.0,75,199.085738
1.0,20,199.094726
1.0,38,199.111979
1.0,57,199.137719
1.0,70,199.169067
1.0,21,199.1785
1.0,38,199.195436
1.0,54,199.21958
1.0,72,199.251912
1.0,24,199.262543
1.0,36,199.278834
1.0,54,199.303226
1.0,82,199.339832
1.0,18,199.347826
1.0,38,199.364844
1.0,50,199.387026
1.0,85,199.424865
1.0,19,199.433388
1.0,38,199.450289
1.0,58,199.476051
1.0,78,199.510922
1.0,18,199.518945
1.0,40,199.536745
1.0,54,199.561283
1.0,77,199.596306
1.0,18,199.604305
1.0,40,199.622578
1.0,52,199.645998
0.0,41,199.664309
1.0,22,199.674061
1.0,51,199.696719
1.0,53,199.720115
0.0,18,199.728125
1.0,23,199.738421
1.0,40,199.756207
0.0,36,199.77231
0.0,57,199.797737
1.0,20,199.806636
1.0,40,199.824503
1.0,54,199.848644
0.0,54,199.872713
1.0,21,199.881941
1.0,36,199.898056
1.0,46,199.918467
1.0,71,199.950218
1.0,26,199.961821
1.0,50,199.984005
1.0,54,200.007958
1.0,80,200.043624
1.0,22,200.053755
1.0,44,200.073847
1.0,47,200.094881
1.0,75,200.129022
1.0,20,200.137887
1.0,40,200.155736
1.0,52,200.179125
0.0,24,200.189928
1.0,24,200.200577
1.0,44,200.220108
1.0,56,200.245066
1.0,76,200.279032
1.0,18,200.287055
1.0,44,200.306809
1.0,52,200.329932
1.0,71,200.361789
1.0,19,200.370238
1.0,40,200.388113
1.0,54,200.412097
1.0,81,200.44833
0.0,5,200.450582
1.0,43,200.469701
1.0,56,200.494628
1.0,77,200.529113
1.0,18,200.537142
1.0,36,200.553455
1.0,50,200.576319
0.0,20,200.585233
1.0,19,200.593654
1.0,37,200.610377
1.0,50,200.6332
1.0,73,200.666104
1.0,22,200.675886
1.0,36,200.691972
1.0,55,200.716252
0.0,11,200.721227
0.0,5,200.723476
1.0,44,200.742976
1.0,46,200.763601
1.0,75,200.797428
1.0,27,200.80932
0.0,28,200.821846
1.0,52,200.845095
1.0,78,200.879766
1.0,19,200.888216
1.0,38,200.905166
1.0,50,200.927426
1.0,74,200.960454
1.0,22,200.970192
1.0,44,200.989792
1.0,62,201.017305
1.0,82,201.054159
1.0,22,201.063974
1.0,40,201.081986
1.0,52,201.105168
0.0,65,201.134948
1.0,18,201.142923
1.0,40,201.160713
1.0,57,201.186024
1.0,80,201.221844
1.0,22,201.231598
1.0,38,201.248592
1.0,54,201.27262
1.0,83,201.309777
1.0,20,201.318644
1.0,44,201.338249
1.0,55,201.362693
1.0,77,201.397541
1.0,23,201.407633
1.0,44,201.427067
1.0,51,201.449681
1.0,76,201.483654
1.0,18,201.491673
1.0,38,201.508616
1.0,48,201.529992
1.0,75,201.563843
0.0,7,201.566967
1.0,40,201.584945
1.0,47,201.605907
1.0,69,201.63784
1.0,20,201.646995
1.0,40,201.665232
1.0,50,201.68747
1.0,75,201.721067
1.0,18,201.72906
1.0,36,201.745184
1.0,59,201.771405
0.0,57,201.796872
1.0,18,201.80488
1.0,36,201.820942
0.0,34,201.83605
0.0,68,201.866472
1.0,22,201.876269
1.0,40,201.894172
1.0,48,201.915523
1.0,69,201.946369
1.0,20,201.955216
1.0,38,201.972565
1.0,58,201.99835
0.0,16,202.005596
1.0,20,202.0145
1.0,43,202.033631
1.0,48,202.055474
1.0,78,202.090502
1.0,20,202.099396
1.0,44,202.119426
0.0,5,202.121671
1.0,83,202.159188
1.0,20,202.168072
1.0,38,202.185346
1.0,48,202.207087
0.0,54,202.231341
0.0,7,202.234495
1.0,38,202.251503
1.0,52,202.27469
1.0,72,202.306964
1.0,20,202.315858
1.0,38,202.332705
1.0,57,202.358125
0.0,22,202.367933
1.0,20,202.376753
1.0,40,202.394614
1.0,51,202.417328
1.0,73,202.449974
1.0,18,202.458071
0.0,11,202.462988
1.0,48,202.484325
1.0,80,202.520108
1.0,18,202.528124
1.0,39,202.545547
1.0,61,202.57373
1.0,83,202.611436
1.0,20,202.62036
0.0,30,202.634092
0.0,14,202.640341
1.0,80,202.676056
1.0,20,202.685004
1.0,36,202.70104
1.0,49,202.722846
1.0,74,202.755779
1.0,22,202.765642
1.0,42,202.784179
1.0,53,202.807745
1.0,73,202.840435
1.0,22,202.850192
1.0,38,202.86711
1.0,51,202.889847
0.0,7,202.892965
1.0,18,202.900964
1.0,40,202.918793
1.0,46,202.93936
1.0,71,202.971082
1.0,18,202.979076
1.0,38,202.996022
1.0,49,203.017827
1.0,79,203.053073
1.0,22,203.063269
1.0,41,203.081691
1.0,54,203.105673
1.0,73,203.139018
1.0,18,203.147019
1.0,36,203.163116
0.0,30,203.176875
1.0,72,203.209035
1.0,18,203.217069
0.0,28,203.229532
1.0,50,203.251867
1.0,77,203.28619
1.0,18,203.294193
1.0,38,203.311306
0.0,38,203.328424
1.0,69,203.359237
1.0,20,203.368196
1.0,37,203.384641
1.0,53,203.408161
1.0,71,203.439845
1.0,20,203.448747
1.0,38,203.465667
1.0,57,203.491085
1.0,73,203.523675
1.0,19,203.532127
1.0,46,203.552671
1.0,54,203.576979
1.0,73,203.60962
1.0,20,203.618886
1.0,38,203.636101
1.0,51,203.659181
1.0,80,203.694871
0.0,9,203.698894
1.0,48,203.720296
1.0,54,203.74442
1.0,70,203.776094
1.0,18,203.784152
1.0,36,203.800211
1.0,49,203.82217
0.0,36,203.838217
1.0,18,203.846242
1.0,38,203.863231
1.0,55,203.88767
1.0,77,203.92211
1.0,20,203.931069
0.0,9,203.935109
0.0,19,203.943607
1.0,79,203.978824
1.0,22,203.988598
1.0,38,204.005537
1.0,51,204.028214
1.0,81,204.064756
1.0,21,204.074336
1.0,36,204.090553
1.0,51,204.113469
1.0,81,204.149805
1.0,20,204.158787
1.0,38,204.17564
1.0,59,204.201932
1.0,73,204.234571
1.0,18,204.242571
1.0,43,204.261661
1.0,48,204.283515
0.0,7,204.286633
1.0,24,204.297165
0.0,29,204.310233
1.0,51,204.332851
1.0,73,204.365412
1.0,22,204.375568
1.0,40,204.393466
1.0,46,204.414022
0.0,40,204.431882
1.0,19,204.440325
1.0,44,204.459934
1.0,53,204.483443
0.0,39,204.500881
1.0,20,204.509769
1.0,36,204.525779
1.0,53,204.549321
1.0,71,204.581602
1.0,18,204.589583
1.0,42,204.608389
1.0,54,204.633375
0.0,22,204.643177
1.0,18,204.651272
1.0,42,204.669892
1.0,53,204.69336
1.0,73,204.725978
1.0,18,204.733975
1.0,43,204.753072
0.0,32,204.767251
1.0,77,204.801798
1.0,20,204.810607
1.0,43,204.829723
0.0,35,204.845285
0.0,18,204.85328
1.0,18,204.861286
1.0,40,204.87905
1.0,52,204.902128
0.0,41,204.920466
1.0,24,204.931127
1.0,36,204.947179
0.0,3,204.948557
1.0,84,204.986402
1.0,24,204.997092
1.0,42,205.015701
0.0,11,205.020622
1.0,69,205.051531
1.0,18,205.059884
1.0,40,205.078048
1.0,54,205.102067
1.0,79,205.137975
1.0,23,205.148456
1.0,38,205.16541
1.0,52,205.188677
1.0,75,205.222282
1.0,20,205.231159
1.0,40,205.249112
1.0,58,205.27492
1.0,75,205.308479
1.0,18,205.316513
1.0,48,205.337887
0.0,30,205.351218
1.0,79,205.386501
1.0,25,205.397564
0.0,7,205.400714
1.0,50,205.42296
0.0,24,205.433683
1.0,26,205.445278
1.0,40,205.46311
1.0,58,205.48882
1.0,70,205.520083
1.0,20,205.528961
1.0,38,205.545825
1.0,42,205.564807
1.0,77,205.599767
1.0,18,205.607762
1.0,46,205.6293
1.0,54,205.653589
1.0,71,205.685316
1.0,22,205.695096
1.0,38,205.712065
1.0,50,205.73426
1.0,83,205.771293
1.0,20,205.780253
1.0,42,205.798908
1.0,47,205.819783
1.0,76,205.853651
1.0,19,205.862172
1.0,36,205.878226
1.0,58,205.903994
0.0,29,205.916785
1.0,18,205.924791
1.0,36,205.940887
1.0,55,205.965277
1.0,69,205.996171
1.0,22,206.005941
1.0,40,206.023857
1.0,52,206.047019
0.0,19,206.055745
1.0,20,206.064644
1.0,38,206.081944
1.0,58,206.108066
1.0,81,206.14584
1.0,22,206.155631
1.0,40,206.173836
1.0,48,206.195519
1.0,70,206.226808
1.0,22,206.2366
1.0,41,206.25481
1.0,54,206.279059
1.0,80,206.314879
1.0,21,206.3242
1.0,44,206.343715
1.0,51,206.366471
1.0,74,206.39947
1.0,19,206.407911
1.0,42,206.426805
1.0,55,206.451075
1.0,72,206.483307
1.0,20,206.492192
1.0,39,206.509601
1.0,52,206.532655
1.0,71,206.564682
1.0,23,206.575264
1.0,42,206.594137
1.0,54,206.618769
1.0,82,206.656036
1.0,20,206.664896
1.0,38,206.681815
1.0,50,206.704133
0.0,62,206.731854
1.0,18,206.739868
1.0,43,206.759061
1.0,51,206.782148
0.0,16,206.7893
1.0,21,206.798695
1.0,44,206.818334
0.0,40,206.83612
1.0,72,206.869034
1.0,20,206.877979
1.0,36,206.894044
1.0,50,206.916312
0.0,61,206.94348
1.0,22,206.953264
1.0,40,206.971111
1.0,50,206.993335
1.0,74,207.026332
1.0,22,207.036153
0.0,13,207.041949
1.0,54,207.066335
1.0,84,207.104057
1.0,20,207.113236
1.0,40,207.131322
1.0,50,207.153673
1.0,75,207.187423
1.0,18,207.195755
1.0,40,207.213619
1.0,55,207.238198
1.0,72,207.270339
1.0,18,207.278347
1.0,36,207.29443
1.0,48,207.315826
1.0,80,207.351542
1.0,19,207.360133
1.0,41,207.378841
0.0,32,207.39309
1.0,71,207.424814
1.0,18,207.432805
1.0,50,207.455082
0.0,49,207.476662
1.0,85,207.514538
1.0,22,207.524378
1.0,40,207.54219
1.0,50,207.564683
1.0,82,207.601481
1.0,20,207.610346
1.0,38,207.627686
1.0,52,207.651079
1.0,75,207.684494
1.0,22,207.694285
1.0,38,207.711302
1.0,56,207.736155
0.0,46,207.756717
1.0,20,207.765597
1.0,47,207.786585
1.0,57,207.811878
0.0,45,207.832079
1.0,22,207.841732
1.0,51,207.864376
1.0,51,207.886976
0.0,66,207.916405
1.0,18,207.924414
1.0,38,207.941523
1.0,54,207.965483
0.0,19,207.973957
1.0,18,207.982301
1.0,48,208.003761
0.0,48,208.025192
1.0,89,208.0653
1.0,24,208.076362
0.0,23,208.086674
1.0,52,208.109762
1.0,72,208.142544
1.0,18,208.150867
1.0,36,208.16697
1.0,48,208.18842
0.0,22,208.198297
1.0,24,208.208926
1.0,40,208.226698
1.0,52,208.249984
0.0,46,208.270488
1.0,20,208.279456
1.0,40,208.297203
1.0,48,208.31866
1.0,71,208.350383
1.0,24,208.360981
1.0,42,208.379694
1.0,52,208.402856
1.0,77,208.437192
1.0,19,208.445643
1.0,36,208.461704
1.0,49,208.483463
1.0,73,208.515991
1.0,18,208.524002
1.0,41,208.542289
1.0,53,208.566175
1.0,74,208.599625
0.0,3,208.600977
1.0,50,208.623631
0.0,30,208.637314
0.0,36,208.653406
1.0,20,208.66232
1.0,46,208.682702
1.0,54,208.7068
1.0,78,208.744884
0.0,10,208.749387
1.0,36,208.765652
1.0,57,208.790958
1.0,79,208.826219
1.0,22,208.835985
1.0,40,208.853809
1.0,56,208.878684
1.0,77,208.912935
1.0,20,208.921889
1.0,42,208.940591
1.0,48,208.961919
1.0,79,208.997154
1.0,18,209.005148
1.0,40,209.022904
1.0,46,209.043381
1.0,75,209.077472
1.0,18,209.08548
1.0,38,209.102391
1.0,49,209.12453
1.0,79,209.160224
1.0,18,209.168248
1.0,47,209.189343
0.0,23,209.199611
1.0,71,209.23148
1.0,19,209.239945
0.0,24,209.250651
0.0,41,209.26928
1.0,73,209.302323
1.0,30,209.315529
1.0,47,209.336477
1.0,46,209.356904
1.0,77,209.3914
1.0,22,209.400996
1.0,38,209.418016
1.0,59,209.444147
1.0,79,209.479465
1.0,21,209.48886
1.0,47,209.509665
1.0,53,209.533285
1.0,75,209.567122
1.0,20,209.57631
1.0,42,209.594952
1.0,53,209.618981
0.0,20,209.627899
1.0,18,209.636283
1.0,52,209.659688
0.0,46,209.680178
1.0,71,209.711884
1.0,18,209.719858
1.0,36,209.735872
1.0,50,209.758219
1.0,83,209.795404
1.0,20,209.804335
1.0,47,209.825239
1.0,50,209.84746
1.0,75,209.880966
0.0,5,209.883214
1.0,38,209.90023
0.0,7,209.903358
1.0,72,209.935467
1.0,21,209.944746
1.0,40,209.962531
1.0,55,209.98691
1.0,81,210.023058
1.0,20,210.031924
1.0,44,210.051582
1.0,59,210.078456
1.0,74,210.111588
1.0,27,210.123903
1.0,40,210.142103
1.0,48,210.163593
1.0,71,210.195253
1.0,20,210.204207
1.0,44,210.223791
1.0,56,210.248668
1.0,73,210.281245
1.0,21,210.290531
1.0,40,210.308413
1.0,49,210.330118
1.0,75,210.363473
1.0,22,210.373747
1.0,40,210.391936
1.0,54,210.415991
1.0,67,210.446032
1.0,20,210.454969
1.0,38,210.471987
1.0,54,210.495818
1.0,80,210.531427
1.0,18,210.539428
1.0,38,210.556468
0.0,7,210.559631
1.0,72,210.592447
1.0,24,210.603565
1.0,44,210.624306
0.0,27,210.636625
1.0,75,210.670188
1.0,20,210.679106
1.0,42,210.697802
1.0,46,210.718242
0.0,37,210.734742
1.0,26,210.746218
1.0,38,210.763165
1.0,50,210.785469
1.0,77,210.819906
1.0,21,210.829139
1.0,40,210.847032
0.0,14,210.853294
0.0,36,210.869323
1.0,20,210.878209
1.0,45,210.898218
1.0,53,210.92183
1.0,74,210.95486
1.0,18,210.962942
1.0,40,210.980774
1.0,58,211.006544
1.0,71,211.038311
1.0,20,211.047228
1.0,38,211.064565
0.0,7,211.067693
1.0,73,211.100717
1.0,20,211.109669
1.0,42,211.128679
1.0,47,211.150001
1.0,78,211.184918
1.0,20,211.193825
1.0,42,211.213024
1.0,56,211.238081
1.0,76,211.272286
1.0,21,211.281513
1.0,43,211.300817
1.0,55,211.325228
1.0,75,211.358657
1.0,24,211.369231
1.0,36,211.385442
1.0,50,211.407674
1.0,80,211.443336
1.0,18,211.451379
1.0,45,211.471438
0.0,19,211.479752
1.0,69,211.51066
0.0,7,211.51378
1.0,38,211.53074
1.0,49,211.552504
1.0,80,211.588759
1.0,18,211.596764
1.0,44,211.616666
1.0,53,211.64057
1.0,75,211.674071
1.0,19,211.682605
1.0,38,211.699556
1.0,54,211.723598
1.0,75,211.757176
1.0,18,211.765161
1.0,44,211.784762
1.0,51,211.807909
0.0,26,211.819381
1.0,20,211.828346
1.0,40,211.846185
1.0,50,211.868472
1.0,75,211.901984
1.0,19,211.910473
1.0,40,211.9283
0.0,42,211.947009
1.0,74,211.980134
1.0,24,211.990803
0.0,9,211.994802
1.0,55,212.01933
1.0,71,212.051105
1.0,18,212.059562
1.0,46,212.08041
1.0,50,212.102621
0.0,46,212.123492
1.0,18,212.131781
1.0,40,212.149608
1.0,50,212.171922
1.0,77,212.20719
1.0,20,212.216084
1.0,43,212.235262
1.0,56,212.26031
1.0,73,212.292979
1.0,25,212.304084
1.0,40,212.322024
1.0,48,212.343333
1.0,73,212.376102
0.0,14,212.382326
1.0,40,212.400585
1.0,51,212.423262
1.0,75,212.456806
1.0,18,212.46479
1.0,38,212.481834
1.0,57,212.507015
1.0,75,212.540584
1.0,18,212.548666
1.0,40,212.566835
1.0,58,212.59295
1.0,73,212.626085
1.0,20,212.635167
1.0,44,212.654902
0.0,11,212.659922
1.0,71,212.691663
1.0,20,212.700639
0.0,24,212.711301
1.0,53,212.734983
1.0,81,212.771173
1.0,20,212.78006
1.0,36,212.796175
1.0,57,212.821536
1.0,74,212.854633
1.0,22,212.864385
1.0,43,212.883526
0.0,25,212.894741
1.0,73,212.927428
1.0,18,212.935398
1.0,42,212.954144
1.0,51,212.976807
0.0,15,212.983495
1.0,20,212.992371
1.0,37,213.009328
1.0,47,213.030315
1.0,79,213.065825
1.0,20,213.07517
1.0,40,213.093104
0.0,3,213.094453
1.0,74,213.127805
1.0,22,213.137855
1.0,40,213.155697
1.0,56,213.180552
0.0,57,213.206087
1.0,20,213.214983
1.0,42,213.233818
0.0,37,213.250276
1.0,71,213.282026
1.0,26,213.29356
1.0,42,213.312407
1.0,52,213.335486
1.0,79,213.370733
1.0,18,213.378853
1.0,40,213.396607
1.0,55,213.421183
1.0,74,213.454256
1.0,18,213.462267
1.0,36,213.478314
1.0,55,213.50284
0.0,20,213.511746
1.0,22,213.521505
1.0,36,213.537663
1.0,48,213.559398
0.0,35,213.575302
1.0,24,213.585935
1.0,40,213.604161
1.0,54,213.628524
1.0,72,213.661071
1.0,18,213.669062
1.0,43,213.688249
1.0,46,213.708738
1.0,83,213.745761
1.0,26,213.757394
1.0,42,213.776099
1.0,58,213.802035
1.0,79,213.837307
1.0,20,213.846202
1.0,44,213.865784
1.0,55,213.890437
1.0,74,213.923504
1.0,18,213.931516
1.0,42,213.950308
1.0,50,213.972519
1.0,69,214.003423
1.0,18,214.011423
1.0,38,214.028464
1.0,52,214.051533
0.0,38,214.06876
1.0,19,214.077539
1.0,38,214.094579
1.0,56,214.119734
1.0,75,214.153806
1.0,18,214.161851
1.0,40,214.179793
1.0,56,214.20505
0.0,18,214.213193
1.0,21,214.222432
1.0,36,214.238504
1.0,50,214.260897
1.0,75,214.295064
1.0,22,214.304908
1.0,47,214.325879
1.0,52,214.348833
0.0,35,214.364476
1.0,20,214.373379
1.0,39,214.390752
1.0,50,214.413135
1.0,77,214.447432
1.0,20,214.456287
1.0,40,214.47401
1.0,50,214.496196
1.0,67,214.526171
1.0,18,214.534151
1.0,40,214.552037
1.0,60,214.579217
1.0,79,214.614806
1.0,22,214.624616
1.0,42,214.643549
1.0,56,214.66849
1.0,67,214.698822
1.0,18,214.707557
1.0,38,214.725894
1.0,52,214.749391
1.0,73,214.782249
1.0,18,214.790265
1.0,43,214.809792
1.0,50,214.832107
1.0,74,214.86516
1.0,20,214.874045
1.0,42,214.892817
1.0,52,214.91601
1.0,72,214.948218
1.0,21,214.957358
1.0,36,214.973468
1.0,51,214.996121
1.0,67,215.026111
1.0,22,215.035879
1.0,43,215.055073
1.0,53,215.07996
0.0,15,215.086657
1.0,18,215.094799
0.0,7,215.09801
1.0,52,215.121548
1.0,69,215.152568
1.0,22,215.162312
1.0,40,215.180025
1.0,48,215.202149
0.0,56,215.227095
1.0,20,215.236012
1.0,46,215.256454
1.0,55,215.280906
1.0,84,215.318374
1.0,20,215.327317
1.0,38,215.344331
0.0,46,215.364577
1.0,75,215.398098
1.0,19,215.406808
1.0,37,215.423341
1.0,48,215.444696
1.0,71,215.476418
1.0,22,215.486192
1.0,49,215.508138
0.0,31,215.521896
1.0,76,215.555854
1.0,20,215.565045
1.0,44,215.585062
1.0,51,215.607738
1.0,78,215.643011
1.0,18,215.651121
1.0,41,215.669687
1.0,53,215.693362
1.0,87,215.732134
1.0,22,215.741896
0.0,30,215.755247
1.0,57,215.780599
1.0,85,215.818588
1.0,23,215.828731
1.0,38,215.845688
1.0,55,215.870324
1.0,75,215.903712
1.0,20,215.912572
1.0,36,215.928548
1.0,59,215.954755
0.0,18,215.962786
1.0,18,215.97077
0.0,9,215.974831
1.0,57,216.000563
0.0,19,216.009256
1.0,18,216.017322
1.0,38,216.034361
1.0,51,216.057107
1.0,78,216.092732
1.0,23,216.102922
0.0,33,216.117916
0.0,14,216.124221
1.0,77,216.159011
1.0,20,216.167907
1.0,44,216.187571
1.0,63,216.215553
1.0,73,216.248138
1.0,20,216.257008
1.0,39,216.274457
1.0,57,216.299899
1.0,71,216.331708
1.0,22,216.341462
1.0,42,216.360212
1.0,52,216.38331
1.0,76,216.417377
0.0,6,216.420056
1.0,40,216.437884
1.0,55,216.462243
1.0,76,216.496166
1.0,24,216.506854
1.0,38,216.52385
1.0,60,216.550493
1.0,77,216.585454
1.0,20,216.594453
1.0,38,216.611731
1.0,52,216.635641
0.0,18,216.643613
1.0,19,216.652121
1.0,43,216.671267
1.0,56,216.696172
1.0,82,216.732859
1.0,23,216.743169
1.0,47,216.764003
1.0,56,216.789032
1.0,70,216.820452
1.0,21,216.829692
0.0,23,216.839963
1.0,54,216.864116
0.0,71,216.895898
1.0,18,216.903956
1.0,44,216.923536
1.0,65,216.95239
1.0,75,216.985932
0.0,14,216.992176
1.0,40,217.010127
1.0,55,217.034688
1.0,75,217.068415
1.0,18,217.076663
1.0,38,217.093645
1.0,53,217.117525
1.0,75,217.151214
1.0,20,217.160498
1.0,37,217.176968
1.0,52,217.200769
0.0,14,217.206994
1.0,21,217.216515
1.0,38,217.233539
1.0,59,217.259758
1.0,79,217.295078
1.0,20,217.304032
1.0,40,217.32192
1.0,51,217.344656
1.0,69,217.37545
1.0,20,217.384476
1.0,38,217.401412
1.0,53,217.425074
1.0,71,217.456733
1.0,18,217.46481
1.0,42,217.483418
1.0,56,217.508442
1.0,74,217.541499
1.0,20,217.550401
1.0,40,217.568558
1.0,59,217.59504
1.0,86,217.634009
1.0,24,217.64468
1.0,40,217.662622
0.0,24,217.673336
1.0,80,217.7091
1.0,20,217.717995
1.0,40,217.735887
0.0,28,217.748232
1.0,79,217.783516
1.0,20,217.792398
1.0,41,217.810937
1.0,55,217.835341
0.0,22,217.845236
1.0,18,217.853286
1.0,36,217.869349
1.0,52,217.892542
1.0,85,217.930428
1.0,22,217.940169
1.0,36,217.956302
1.0,56,217.981279
1.0,82,218.01785
1.0,18,218.025928
1.0,50,218.047999
1.0,54,218.072441
1.0,73,218.105409
0.0,5,218.107644
1.0,42,218.12671
1.0,49,218.148885
1.0,74,218.181939
1.0,18,218.189997
1.0,39,218.207458
0.0,28,218.220088
0.0,67,218.249996
1.0,20,218.258948
1.0,42,218.277684
1.0,57,218.303221
1.0,74,218.336317
1.0,18,218.344293
1.0,36,218.360363
1.0,51,218.383212
0.0,26,218.39484
1.0,24,218.405527
1.0,45,218.425808
0.0,32,218.440081
1.0,88,218.479501
1.0,19,218.487952
1.0,46,218.50848
1.0,74,218.541509
1.0,91,218.582484
1.0,18,218.590466
1.0,41,218.608807
1.0,52,218.633012
1.0,76,218.667187
1.0,18,218.675263
1.0,38,218.69217
1.0,50,218.714455
1.0,81,218.750388
1.0,18,218.75847
1.0,40,218.776179
1.0,58,218.802034
1.0,81,218.838106
0.0,5,218.840341
1.0,38,218.857296
1.0,48,218.878566
1.0,83,218.915495
1.0,20,218.92434
1.0,44,218.943879
1.0,52,218.966926
1.0,73,218.99953
1.0,22,219.009372
1.0,39,219.026951
1.0,48,219.048325
1.0,80,219.084475
1.0,18,219.092482
1.0,43,219.111583
1.0,50,219.134557
1.0,71,219.166174
1.0,18,219.174167
1.0,46,219.194619
1.0,46,219.215745
1.0,79,219.251026
1.0,18,219.259028
1.0,43,219.278494
1.0,55,219.303268
1.0,71,219.33513
1.0,18,219.343125
1.0,42,219.361811
1.0,54,219.385758
1.0,71,219.417415
1.0,20,219.426362
1.0,49,219.448026
1.0,58,219.47377
1.0,78,219.508544
1.0,20,219.517403
1.0,38,219.534326
1.0,52,219.558372
1.0,73,219.591623
1.0,20,219.600517
1.0,40,219.61914
1.0,54,219.643414
0.0,32,219.657758
1.0,27,219.669683
1.0,36,219.685656
1.0,50,219.707897
1.0,73,219.740447
1.0,20,219.749319
1.0,44,219.768908
1.0,58,219.79455
1.0,78,219.829343
1.0,18,219.837312
1.0,43,219.856437
1.0,56,219.881374
1.0,82,219.917842
0.0,5,219.92008
1.0,39,219.937341
1.0,52,219.960429
1.0,77,219.994758
1.0,22,220.004426
0.0,32,220.018597
1.0,56,220.043423
1.0,71,220.075676
1.0,21,220.084955
1.0,38,220.101926
1.0,54,220.126199
1.0,74,220.159736
1.0,20,220.168605
1.0,42,220.187316
1.0,57,220.212532
1.0,75,220.246314
1.0,22,220.256241
0.0,7,220.259372
1.0,52,220.282393
0.0,65,220.311496
0.0,8,220.315065
1.0,36,220.331099
0.0,14,220.337325
1.0,69,220.368063
1.0,18,220.376146
1.0,47,220.396956
1.0,49,220.418772
1.0,71,220.450522
1.0,22,220.460235
1.0,40,220.477943
0.0,27,220.489989
1.0,69,220.520896
1.0,22,220.530633
1.0,44,220.550153
1.0,58,220.576556
1.0,78,220.611278
1.0,18,220.619554
1.0,38,220.636775
1.0,51,220.659439
0.0,47,220.680371
1.0,18,220.688339
1.0,42,220.70692
1.0,51,220.729641
1.0,84,220.767002
1.0,20,220.775836
1.0,40,220.793687
0.0,13,220.799438
1.0,75,220.833234
0.0,14,220.839456
1.0,40,220.857235
1.0,58,220.883005
1.0,69,220.91379
1.0,20,220.922719
1.0,47,220.943628
1.0,53,220.967105
1.0,70,220.998413
1.0,18,221.006394
1.0,43,221.025467
1.0,72,221.057143
0.0,61,221.084835
1.0,18,221.092904
1.0,40,221.110691
1.0,59,221.13755
1.0,80,221.173173
1.0,18,221.181157
0.0,7,221.184271
1.0,53,221.207891
1.0,75,221.241451
1.0,18,221.249422
1.0,42,221.26817
0.0,44,221.287752
1.0,84,221.325294
1.0,24,221.335888
1.0,36,221.35197
1.0,59,221.378071
1.0,70,221.409389
1.0,20,221.418589
0.0,9,221.422678
1.0,59,221.448883
1.0,76,221.4827
1.0,20,221.491577
1.0,46,221.51205
1.0,52,221.535078
0.0,32,221.549355
1.0,20,221.558185
1.0,42,221.577269
1.0,52,221.600397
0.0,48,221.62201
1.0,26,221.63378
1.0,38,221.650691
1.0,52,221.67395
1.0,70,221.705212
1.0,20,221.714074
1.0,38,221.730987
1.0,48,221.752228
1.0,71,221.783949
1.0,22,221.793658
1.0,44,221.813219
1.0,46,221.833736
0.0,26,221.845273
1.0,18,221.853266
1.0,38,221.870116
1.0,50,221.892308
1.0,76,221.926162
1.0,18,221.93412
1.0,40,221.951895
1.0,48,221.97325
1.0,85,222.01099
1.0,19,222.019334
1.0,43,222.03848
1.0,52,222.061954
0.0,18,222.070036
1.0,21,222.079781
1.0,36,222.095792
1.0,58,222.121733
1.0,72,222.154233
1.0,21,222.163645
1.0,38,222.180771
1.0,48,222.202396
1.0,79,222.237605
1.0,21,222.246813
0.0,7,222.249922
0.0,42,222.268642
0.0,34,222.283767
1.0,25,222.294738
1.0,38,222.311745
1.0,48,222.332979
1.0,78,222.367643
1.0,22,222.377354
1.0,36,222.39345
1.0,46,222.413944
1.0,76,222.447656
1.0,19,222.456114
1.0,39,222.473377
0.0,5,222.475614
1.0,75,222.509071
1.0,18,222.517089
0.0,9,222.521132
1.0,55,222.545448
1.0,79,222.581306
1.0,20,222.590167
1.0,42,222.608813
1.0,49,222.630948
1.0,77,222.665542
1.0,24,222.67615
1.0,38,222.692997
1.0,49,222.714753
1.0,74,222.747622
1.0,20,222.756554
1.0,40,222.774267
1.0,50,222.796525
1.0,74,222.82958
1.0,22,222.839273
1.0,45,222.859196
1.0,50,222.881428
0.0,11,222.886312
1.0,20,222.8952
1.0,36,222.911302
1.0,50,222.933495
1.0,81,222.969631
1.0,18,222.977669
0.0,15,222.984329
1.0,48,223.005601
1.0,82,223.042022
1.0,26,223.053535
1.0,40,223.07172
1.0,51,223.094623
1.0,73,223.127475
1.0,24,223.138492
0.0,23,223.148736
1.0,48,223.170382
1.0,76,223.204232
1.0,18,223.212221
1.0,42,223.230816
1.0,50,223.253009
1.0,67,223.283013
1.0,20,223.291873
1.0,40,223.309672
1.0,52,223.332778
1.0,71,223.364443
1.0,22,223.37418
1.0,36,223.39024
1.0,48,223.411592
0.0,50,223.43388
1.0,18,223.441842
1.0,40,223.459584
1.0,50,223.481827
1.0,73,223.514308
1.0,19,223.523394
0.0,9,223.527378
0.0,14,223.533613
1.0,84,223.571333
1.0,19,223.580054
1.0,42,223.598823
0.0,40,223.616915
1.0,82,223.653688
1.0,18,223.66175
1.0,38,223.678628
1.0,54,223.702569
1.0,73,223.735166
1.0,24,223.745768
1.0,46,223.766159
1.0,59,223.792203
1.0,69,223.823081
1.0,20,223.831918
1.0,40,223.849724
1.0,50,223.871934
0.0,38,223.888936
1.0,20,223.897804
1.0,44,223.917321
1.0,58,223.943135
1.0,75,223.976466
1.0,18,223.984428
1.0,39,224.001801
0.0,30,224.015671
1.0,76,224.049932
1.0,20,224.05956
1.0,40,224.077914
1.0,56,224.10268
1.0,79,224.138561
1.0,22,224.148309
1.0,41,224.166593
1.0,48,224.188065
1.0,83,224.225025
1.0,18,224.233009
1.0,36,224.249084
0.0,28,224.261487
1.0,69,224.292924
1.0,22,224.302839
1.0,36,224.318923
1.0,52,224.342057
1.0,73,224.3746
1.0,18,224.382704
1.0,36,224.398706
1.0,50,224.420958
0.0,17,224.428485
1.0,19,224.436916
1.0,36,224.453011
1.0,51,224.475606
1.0,76,224.509425
1.0,22,224.519182
1.0,44,224.538749
1.0,49,224.560822
1.0,85,224.599
1.0,20,224.607807
1.0,48,224.629746
1.0,48,224.651438
0.0,58,224.677503
1.0,20,224.686406
1.0,38,224.703328
1.0,50,224.725489
1.0,77,224.759846
1.0,20,224.768721
1.0,48,224.790011
1.0,52,224.813079
1.0,76,224.846911
1.0,18,224.854887
1.0,43,224.873981
1.0,53,224.897358
1.0,78,224.932132
1.0,20,224.940981
0.0,23,224.951277
1.0,48,224.972513
1.0,69,225.003266
0.0,7,225.006397
1.0,42,225.025092
1.0,51,225.047712
0.0,36,225.064023
1.0,19,225.072331
0.0,9,225.076518
1.0,46,225.097054
1.0,86,225.135917
1.0,20,225.144833
1.0,40,225.162588
1.0,52,225.185663
0.0,61,225.212811
1.0,21,225.22248
1.0,36,225.238564
1.0,50,225.260939
1.0,69,225.291788
1.0,20,225.300756
1.0,44,225.320353
1.0,56,225.345185
1.0,80,225.380683
1.0,20,225.389596
0.0,21,225.399033
1.0,46,225.419397
1.0,77,225.453713
1.0,20,225.462574
1.0,38,225.479479
0.0,12,225.484819
0.0,66,225.514214
1.0,21,225.52343
1.0,42,225.542046
1.0,48,225.563685
1.0,73,225.596591
1.0,20,225.605427
1.0,46,225.626075
1.0,57,225.65151
1.0,71,225.6832
1.0,18,225.691193
1.0,40,225.708977
1.0,58,225.73456
1.0,75,225.76797
1.0,19,225.77653
1.0,42,225.795283
1.0,50,225.817663
1.0,71,225.849832
1.0,21,225.85913
1.0,36,225.875128
0.0,41,225.893797
0.0,32,225.908358
1.0,18,225.916355
1.0,38,225.933435
1.0,50,225.955602
1.0,73,225.988148
1.0,22,225.997872
1.0,36,226.013997
1.0,52,226.037034
0.0,63,226.065514
1.0,23,226.075975
1.0,38,226.093184
0.0,7,226.096313
1.0,73,226.129289
1.0,18,226.137583
1.0,42,226.156308
1.0,55,226.181112
1.0,85,226.218888
0.0,7,226.22201
1.0,38,226.238917
1.0,55,226.263454
1.0,77,226.29799
1.0,18,226.30609
1.0,44,226.325777
0.0,30,226.339111
0.0,13,226.344901
0.0,3,226.346242
1.0,40,226.364023
1.0,52,226.38713
1.0,71,226.418968
1.0,18,226.427377
0.0,23,226.437613
1.0,51,226.460487
1.0,77,226.494697
1.0,22,226.504432
1.0,36,226.520476
1.0,54,226.544583
0.0,60,226.571769
1.0,24,226.582799
1.0,42,226.601724
1.0,48,226.623826
1.0,77,226.658512
1.0,20,226.667385
1.0,42,226.686241
1.0,56,226.711469
1.0,69,226.742605
1.0,19,226.750993
1.0,40,226.768992
1.0,52,226.792282
1.0,75,226.8261
1.0,18,226.834135
1.0,42,226.852968
1.0,54,226.877218
1.0,70,226.908717
1.0,20,226.917595
1.0,39,226.934947
1.0,56,226.960026
1.0,79,226.995384
1.0,18,227.00334
1.0,40,227.021566
1.0,51,227.044589
1.0,73,227.0779
1.0,20,227.086873
1.0,40,227.104879
1.0,52,227.128445
1.0,71,227.160571
1.0,18,227.168519
1.0,40,227.186735
1.0,54,227.211305
1.0,82,227.248091
1.0,22,227.25782
1.0,43,227.276951
0.0,5,227.279217
0.0,7,227.28233
1.0,22,227.291993
1.0,36,227.308055
1.0,54,227.332288
1.0,76,227.36639
1.0,22,227.376155
1.0,38,227.393048
1.0,50,227.415717
0.0,9,227.419685
1.0,21,227.428985
1.0,38,227.445948
1.0,56,227.471019
0.0,56,227.496162
1.0,22,227.505905
1.0,44,227.525852
1.0,48,227.547409
1.0,75,227.581449
1.0,20,227.59044
1.0,39,227.607856
1.0,50,227.631053
1.0,76,227.665313
1.0,22,227.675324
1.0,40,227.693145
1.0,50,227.715622
1.0,70,227.747017
1.0,24,227.75764
1.0,36,227.773721
1.0,52,227.797054
1.0,69,227.82813
1.0,18,227.836092
0.0,25,227.84718
1.0,53,227.870905
1.0,77,227.905544
1.0,23,227.916047
1.0,46,227.93726
0.0,5,227.939559
1.0,70,227.9712
1.0,19,227.980021
1.0,38,227.997569
1.0,56,228.023349
0.0,36,228.039309
1.0,18,228.047591
0.0,23,228.058259
1.0,53,228.083413
1.0,74,228.116538
1.0,18,228.125218
1.0,40,228.143897
0.0,32,228.158826
1.0,75,228.193376
1.0,22,228.203501
1.0,40,228.221845
1.0,54,228.247137
1.0,73,228.280908
1.0,18,228.289214
1.0,41,228.308293
1.0,50,228.331191
0.0,9,228.335267
1.0,23,228.345917
1.0,45,228.366531
1.0,49,228.389056
1.0,74,228.423201
1.0,20,228.432406
1.0,51,228.455742
1.0,55,228.480937
1.0,73,228.515508
1.0,18,228.523931
1.0,42,228.54386
0.0,3,228.545248
1.0,79,228.582998
1.0,20,228.592304
1.0,38,228.610033
1.0,51,228.634108
0.0,17,228.641864
1.0,26,228.654056
1.0,40,228.672559
0.0,24,228.683726
1.0,71,228.716498
1.0,18,228.72495
1.0,42,228.744344
1.0,64,228.773874
1.0,73,228.807842
1.0,18,228.816237
1.0,36,228.833355
1.0,48,228.855456
1.0,68,228.887046
1.0,20,228.896349
1.0,47,228.918051
1.0,48,228.940153
1.0,70,228.97263
0.0,9,228.97688
1.0,42,228.996384
1.0,60,229.024141
0.0,64,229.053668
1.0,19,229.062865
1.0,49,229.085794
1.0,49,229.108515
1.0,73,229.142922
1.0,19,229.151743
1.0,36,229.168658
1.0,48,229.191103
1.0,78,229.227364
1.0,18,229.235794
1.0,45,229.256649
1.0,61,229.285425
1.0,79,229.321974
1.0,20,229.331376
1.0,40,229.349907
1.0,47,229.37167
1.0,77,229.408844
1.0,18,229.417333
1.0,44,229.438126
1.0,52,229.462388
1.0,79,229.499003
1.0,20,229.508331
1.0,46,229.529606
1.0,51,229.553166
1.0,70,229.586179
0.0,5,229.588486
1.0,44,229.608869
1.0,50,229.632146
1.0,80,229.669322
1.0,18,229.677438
1.0,44,229.697183
1.0,50,229.719988
1.0,74,229.754202
1.0,20,229.763234
1.0,38,229.780453
1.0,50,229.803201
1.0,77,229.838897
1.0,19,229.847298
1.0,44,229.866914
1.0,48,229.888278
1.0,77,229.922531
1.0,19,229.930872
1.0,46,229.951236
1.0,51,229.973831
0.0,9,229.977824
1.0,20,229.986672
1.0,38,230.003539
1.0,48,230.024874
1.0,71,230.057031
1.0,18,230.065325
1.0,42,230.084328
1.0,52,230.107355
1.0,75,230.141433
1.0,26,230.152973
1.0,38,230.170079
1.0,56,230.19486
0.0,23,230.20517
1.0,18,230.21314
1.0,42,230.231685
1.0,54,230.255738
1.0,81,230.291954
1.0,18,230.300051
1.0,40,230.317804
1.0,56,230.342507
1.0,77,230.376806
0.0,12,230.382123
0.0,27,230.394165
1.0,50,230.416319
1.0,75,230.449858
1.0,23,230.460039
1.0,47,230.480851
1.0,54,230.504839
1.0,72,230.53686
1.0,21,230.546151
1.0,38,230.563361
1.0,54,230.587631
1.0,82,230.624339
1.0,18,230.632647
1.0,42,230.651643
0.0,42,230.670327
1.0,70,230.701787
1.0,18,230.709742
1.0,42,230.728565
1.0,48,230.749881
1.0,81,230.786027
1.0,30,230.799277
1.0,38,230.816291
1.0,62,230.843775
0.0,13,230.849545
1.0,21,230.858769
1.0,38,230.875622
1.0,48,230.897027
1.0,73,230.929484
1.0,19,230.937877
0.0,9,230.941889
1.0,49,230.963699
1.0,83,231.000536
0.0,11,231.00544
0.0,26,231.016979
1.0,59,231.043058
1.0,72,231.075429
1.0,20,231.084467
1.0,46,231.104921
1.0,51,231.127784
1.0,81,231.164009
1.0,19,231.172439
1.0,42,231.191128
1.0,62,231.218645
0.0,13,231.224429
1.0,22,231.234513
1.0,38,231.251462
1.0,50,231.273814
1.0,75,231.307322
1.0,25,231.318285
1.0,36,231.33437
1.0,46,231.354837
1.0,71,231.386609
1.0,22,231.396255
1.0,43,231.415412
0.0,26,231.426908
0.0,22,231.43666
1.0,21,231.446034
1.0,44,231.465623
1.0,56,231.490563
1.0,86,231.528766
1.0,21,231.538082
1.0,42,231.556668
1.0,48,231.578336
1.0,79,231.613547
1.0,20,231.622761
1.0,40,231.640939
1.0,55,231.665352
1.0,84,231.702937
1.0,19,231.711378
1.0,43,231.730439
1.0,51,231.753163
1.0,73,231.785898
1.0,29,231.798751
1.0,36,231.814834
1.0,52,231.838412
1.0,76,231.873323
1.0,32,231.887497
0.0,23,231.897929
1.0,56,231.922795
1.0,71,231.954562
0.0,5,231.956791
1.0,36,231.972929
0.0,30,231.986207
1.0,71,232.017907
1.0,20,232.026771
1.0,40,232.044626
0.0,16,232.051888
0.0,7,232.055043
1.0,23,232.065636
0.0,9,232.069695
1.0,56,232.094828
1.0,75,232.128546
1.0,21,232.13817
1.0,43,232.157372
0.0,18,232.165607
1.0,79,232.20196
1.0,24,232.21262
1.0,40,232.230592
0.0,38,232.24764
1.0,79,232.283093
1.0,20,232.291969
1.0,40,232.309826
1.0,57,232.335242
1.0,77,232.369633
1.0,18,232.37764
1.0,42,232.396475
1.0,46,232.417055
1.0,84,232.454955
1.0,20,232.463923
1.0,46,232.484241
1.0,55,232.508684
1.0,76,232.543326
1.0,19,232.551805
1.0,36,232.568325
1.0,48,232.589993
1.0,67,232.620376
1.0,24,232.63109
1.0,36,232.647419
1.0,52,232.670562
1.0,78,232.705382
1.0,20,232.71428
0.0,23,232.724535
0.0,12,232.729969
0.0,26,232.741542
1.0,21,232.750815
1.0,42,232.769496
1.0,55,232.793993
1.0,69,232.824888
0.0,7,232.828013
0.0,9,232.831982
1.0,64,232.86038
0.0,50,232.882705
1.0,18,232.890723
1.0,43,232.909845
1.0,58,232.935592
1.0,76,232.969553
1.0,24,232.980194
1.0,41,232.998647
1.0,54,233.022537
1.0,72,233.055514
1.0,18,233.063866
1.0,36,233.080232
1.0,51,233.102919
1.0,78,233.138511
1.0,20,233.147446
1.0,43,233.166554
1.0,58,233.192433
1.0,74,233.225562
1.0,18,233.233579
1.0,44,233.253168
1.0,51,233.275933
1.0,75,233.309563
1.0,24,233.320208
1.0,44,233.339892
0.0,46,233.360408
1.0,72,233.392679
1.0,18,233.400706
1.0,44,233.42026
1.0,53,233.443882
1.0,73,233.476548
1.0,22,233.486382
1.0,39,233.503804
1.0,56,233.528701
0.0,20,233.537629
1.0,27,233.549597
1.0,41,233.568432
1.0,48,233.59
1.0,74,233.623544
1.0,18,233.631535
1.0,41,233.650419
1.0,57,233.6758
0.0,19,233.684321
1.0,18,233.692324
1.0,41,233.710571
1.0,50,233.732847
1.0,76,233.766752
1.0,23,233.776987
0.0,9,233.781054
1.0,50,233.803382
1.0,71,233.835252
1.0,28,233.847654
1.0,38,233.864645
1.0,50,233.886909
0.0,25,233.897977
1.0,22,233.907849
1.0,42,233.926595
1.0,56,233.951533
1.0,82,233.988159
1.0,18,233.996179
1.0,38,234.013162
1.0,58,234.038903
1.0,89,234.07912
1.0,19,234.087553
1.0,38,234.1045
1.0,49,234.126701
1.0,79,234.162237
1.0,20,234.17125
1.0,42,234.190135
0.0,14,234.196408
1.0,76,234.230413
1.0,19,234.239275
1.0,36,234.255331
1.0,51,234.278482
1.0,78,234.313604
1.0,20,234.322571
1.0,39,234.339935
1.0,57,234.365386
0.0,39,234.382694
1.0,18,234.390764
1.0,38,234.40767
1.0,50,234.43005
1.0,78,234.464811
1.0,20,234.473758
1.0,46,234.494178
1.0,50,234.516494
1.0,83,234.553598
1.0,19,234.562394
1.0,46,234.583977
0.0,28,234.596506
0.0,44,234.6162
1.0,24,234.627295
1.0,40,234.645455
1.0,53,234.669142
1.0,69,234.700046
1.0,20,234.708922
1.0,46,234.729404
1.0,51,234.752115
0.0,59,234.778477
1.0,19,234.786897
1.0,48,234.80834
0.0,44,234.827918
0.0,22,234.838061
1.0,20,234.847072
1.0,36,234.863139
0.0,47,234.884178
0.0,48,234.905633
1.0,22,234.915388
1.0,40,234.93334
1.0,50,234.955571
1.0,67,234.98561
1.0,20,234.994501
1.0,39,235.012005
1.0,54,235.036243
0.0,22,235.04605
1.0,18,235.054075
1.0,46,235.07492
1.0,50,235.097377
1.0,71,235.129583
1.0,18,235.13795
1.0,40,235.155868
1.0,54,235.180033
0.0,70,235.21138
1.0,23,235.22159
1.0,43,235.24072
0.0,42,235.259502
1.0,75,235.293211
1.0,23,235.303509
1.0,42,235.322185
1.0,58,235.347963
1.0,81,235.384105
1.0,25,235.395219
1.0,46,235.415756
1.0,49,235.437565
1.0,69,235.468465
1.0,20,235.477348
1.0,45,235.497427
1.0,50,235.519654
1.0,73,235.552415
1.0,19,235.560867
1.0,43,235.580708
1.0,50,235.602944
0.0,16,235.610103
1.0,18,235.618162
0.0,11,235.623294
1.0,54,235.647685
0.0,34,235.662883
1.0,20,235.671759
1.0,36,235.687855
0.0,7,235.691003
1.0,75,235.724557
1.0,18,235.732588
1.0,47,235.753477
1.0,54,235.777409
1.0,79,235.812754
1.0,18,235.820755
0.0,21,235.830171
1.0,54,235.854217
1.0,81,235.890503
1.0,24,235.901223
0.0,11,235.906219
1.0,56,235.931117
1.0,84,235.96862
1.0,20,235.977524
1.0,46,235.998025
1.0,51,236.020753
1.0,75,236.054222
1.0,20,236.063494
1.0,42,236.082601
0.0,45,236.102729
1.0,77,236.137625
1.0,19,236.145993
1.0,40,236.16392
1.0,46,236.184471
1.0,87,236.223362
1.0,20,236.232268
1.0,36,236.248427
1.0,50,236.270818
1.0,71,236.302641
1.0,24,236.313301
0.0,9,236.317293
1.0,54,236.341407
1.0,86,236.379785
1.0,18,236.387798
1.0,42,236.406594
0.0,15,236.413406
1.0,79,236.448837
1.0,18,236.45686
1.0,43,236.476088
1.0,55,236.500532
0.0,38,236.517521
1.0,20,236.526418
1.0,36,236.542495
1.0,63,236.570908
1.0,78,236.606192
1.0,22,236.615984
0.0,9,236.620371
1.0,58,236.646442
1.0,82,236.683437
1.0,18,236.691454
1.0,48,236.712845
1.0,51,236.735671
1.0,69,236.766487
1.0,22,236.776382
1.0,44,236.795986
1.0,61,236.823196
1.0,75,236.85675
1.0,22,236.866532
1.0,38,236.883489
1.0,53,236.907178
1.0,75,236.940789
1.0,22,236.950562
1.0,44,236.970241
1.0,53,236.99387
1.0,73,237.026582
1.0,22,237.036571
1.0,40,237.05447
1.0,53,237.078581
1.0,74,237.111801
1.0,18,237.119963
1.0,44,237.139798
0.0,28,237.152363
1.0,70,237.183944
1.0,25,237.195099
1.0,40,237.213094
1.0,48,237.234641
0.0,22,237.244481
1.0,27,237.256434
1.0,40,237.274272
1.0,53,237.297873
1.0,75,237.331621
1.0,21,237.34104
1.0,44,237.360749
0.0,3,237.362104
0.0,15,237.368759
1.0,18,237.376854
1.0,40,237.394724
1.0,50,237.417269
1.0,78,237.452234
1.0,20,237.46112
1.0,38,237.478057
0.0,5,237.480316
1.0,78,237.515793
1.0,20,237.524776
0.0,26,237.536747
1.0,46,237.557524
1.0,81,237.594415
0.0,12,237.599796
1.0,45,237.620239
1.0,54,237.644511
1.0,70,237.675797
0.0,7,237.679029
1.0,46,237.699547
1.0,54,237.723646
1.0,83,237.760753
1.0,18,237.768771
1.0,38,237.78576
1.0,48,237.807177
1.0,79,237.842562
0.0,3,237.843911
1.0,40,237.861733
1.0,51,237.884526
1.0,79,237.919937
1.0,22,237.929726
1.0,42,237.948561
1.0,54,237.972613
0.0,77,238.007076
1.0,18,238.015072
1.0,42,238.033855
1.0,56,238.058907
1.0,82,238.096066
1.0,18,238.104092
1.0,42,238.12359
1.0,48,238.145371
0.0,23,238.155632
1.0,18,238.16366
1.0,42,238.182724
1.0,50,238.205074
1.0,77,238.23949
1.0,18,238.247614
1.0,44,238.267167
1.0,56,238.292134
1.0,78,238.32712
1.0,21,238.336361
1.0,42,238.354995
1.0,49,238.37687
0.0,63,238.405012
1.0,24,238.415679
0.0,9,238.419743
1.0,55,238.444151
1.0,83,238.481267
1.0,27,238.493148
1.0,47,238.514085
1.0,46,238.53455
0.0,18,238.542549
1.0,19,238.551052
1.0,42,238.569977
1.0,57,238.595688
1.0,81,238.632254
1.0,20,238.641461
0.0,23,238.651804
1.0,49,238.673712
1.0,87,238.714924
1.0,18,238.723893
1.0,44,238.743519
1.0,48,238.764928
0.0,52,238.788287
1.0,22,238.798129
1.0,38,238.815212
1.0,49,238.837047
1.0,83,238.874251
1.0,18,238.88225
1.0,37,238.898826
1.0,56,238.923705
1.0,76,238.957711
1.0,20,238.966669
1.0,44,238.986178
1.0,58,239.01205
0.0,11,239.016895
1.0,18,239.024903
1.0,44,239.044607
1.0,52,239.068054
1.0,75,239.101929
1.0,20,239.110849
1.0,40,239.129067
1.0,50,239.151742
1.0,84,239.189265
1.0,18,239.197372
1.0,40,239.215297
1.0,54,239.239397
1.0,81,239.275844
1.0,21,239.285556
1.0,42,239.304341
1.0,61,239.331873
1.0,81,239.368098
1.0,18,239.376136
1.0,38,239.393131
1.0,52,239.416324
1.0,73,239.449084
1.0,19,239.457628
1.0,38,239.474605
1.0,52,239.497756
0.0,16,239.504924
1.0,18,239.51294
1.0,48,239.534469
1.0,50,239.556715
1.0,73,239.589955
1.0,22,239.599755
0.0,23,239.610088
0.0,9,239.614079
0.0,26,239.626049
1.0,18,239.634078
0.0,36,239.650555
1.0,57,239.675906
1.0,83,239.713882
1.0,22,239.723784
1.0,38,239.740731
1.0,55,239.765363
0.0,30,239.778887
1.0,24,239.789529
1.0,44,239.809232
1.0,53,239.832884
1.0,73,239.865648
1.0,22,239.87552
1.0,47,239.896458
0.0,21,239.905868
1.0,69,239.937234
1.0,20,239.946176
1.0,40,239.964131
1.0,50,239.986475
1.0,75,240.020098
1.0,29,240.033036
1.0,40,240.051082
1.0,63,240.079985
1.0,81,240.11628
1.0,18,240.124589
1.0,42,240.143615
1.0,52,240.166858
1.0,77,240.202161
1.0,20,240.211051
1.0,38,240.228114
1.0,48,240.249653
0.0,11,240.254584
1.0,18,240.262604
1.0,50,240.28493
0.0,5,240.287262
1.0,76,240.321294
0.0,12,240.326758
1.0,38,240.34373
1.0,49,240.365605
1.0,78,240.400608
1.0,18,240.408611
1.0,38,240.425584
1.0,47,240.446611
0.0,28,240.459103
1.0,18,240.467127
1.0,40,240.485035
1.0,52,240.508216
1.0,78,240.543516
1.0,18,240.551619
1.0,38,240.568908
1.0,46,240.5899
1.0,75,240.62386
1.0,18,240.631961
1.0,42,240.650919
1.0,50,240.673318
0.0,38,240.690287
1.0,18,240.698317
1.0,46,240.718811
1.0,56,240.74386
1.0,81,240.780154
1.0,18,240.788141
1.0,42,240.806832
1.0,50,240.82921
1.0,73,240.86195
1.0,24,240.872657
1.0,44,240.892319
1.0,54,240.916368
1.0,68,240.946964
1.0,19,240.955343
1.0,38,240.972363
1.0,52,240.995566
1.0,73,241.028269
1.0,19,241.036668
1.0,36,241.052848
1.0,47,241.074073
1.0,69,241.105312
1.0,22,241.115063
1.0,48,241.137277
0.0,10,241.141783
0.0,7,241.144912
1.0,18,241.152983
1.0,42,241.171809
1.0,49,241.194006
1.0,72,241.226471
0.0,5,241.228713
1.0,40,241.246629
1.0,50,241.269017
1.0,80,241.304989
1.0,20,241.314001
0.0,28,241.326586
0.0,7,241.329719
0.0,61,241.35704
0.0,10,241.361539
1.0,36,241.377575
1.0,57,241.403097
1.0,73,241.435797
1.0,22,241.445503
1.0,44,241.465123
1.0,51,241.487679
1.0,67,241.517793
1.0,22,241.527585
1.0,40,241.545527
1.0,52,241.569054
1.0,79,241.604732
0.0,10,241.609212
0.0,21,241.618693
1.0,48,241.640662
1.0,84,241.678285
1.0,22,241.688146
1.0,37,241.704699
1.0,55,241.729649
1.0,79,241.764982
1.0,20,241.773911
1.0,42,241.792595
1.0,50,241.814864
1.0,79,241.850203
0.0,5,241.852416
1.0,46,241.872838
0.0,10,241.877423
1.0,73,241.910189
1.0,18,241.91839
1.0,38,241.935387
1.0,50,241.957878
1.0,90,241.998278
1.0,18,242.006462
1.0,45,242.026902
1.0,55,242.051804
1.0,76,242.086221
1.0,21,242.095556
1.0,46,242.116161
1.0,50,242.139138
0.0,36,242.155214
1.0,20,242.164232
0.0,20,242.173177
1.0,55,242.197991
1.0,73,242.231142
1.0,22,242.240947
1.0,42,242.259741
1.0,57,242.284988
1.0,81,242.321298
1.0,20,242.330633
1.0,43,242.349769
1.0,50,242.372109
1.0,76,242.406172
1.0,19,242.414527
1.0,40,242.432476
0.0,28,242.445054
1.0,80,242.480881
1.0,22,242.490763
1.0,40,242.508605
1.0,50,242.53099
0.0,17,242.53856
1.0,20,242.547475
0.0,23,242.557834
1.0,50,242.580644
1.0,73,242.613367
1.0,20,242.622622
1.0,46,242.643543
0.0,7,242.646769
0.0,22,242.656558
1.0,23,242.666786
1.0,38,242.68385
1.0,58,242.710023
1.0,84,242.747537
1.0,24,242.758165
1.0,40,242.776024
1.0,58,242.801985
1.0,69,242.832951
1.0,19,242.841414
1.0,38,242.858523
0.0,3,242.859878
1.0,76,242.893807
1.0,18,242.901867
1.0,42,242.920657
0.0,7,242.924079
1.0,71,242.956212
1.0,18,242.964252
1.0,40,242.982242
1.0,48,243.003763
1.0,74,243.036967
1.0,18,243.045004
1.0,40,243.062988
1.0,54,243.087696
0.0,33,243.102472
1.0,22,243.112247
1.0,44,243.132305
1.0,54,243.156606
1.0,80,243.192492
1.0,20,243.201468
1.0,42,243.220246
1.0,46,243.240871
1.0,71,243.27278
1.0,21,243.282114
1.0,44,243.301807
1.0,50,243.32414
1.0,74,243.357213
1.0,18,243.365251
0.0,32,243.379546
1.0,54,243.403737
1.0,79,243.43902
0.0,7,243.442184
1.0,38,243.459189
1.0,53,243.482874
1.0,71,243.514736
1.0,22,243.524547
1.0,38,243.542067
1.0,52,243.565507
1.0,73,243.598637
1.0,20,243.607548
1.0,40,243.625748
1.0,50,243.648364
1.0,85,243.686504
1.0,26,243.698159
1.0,41,243.716538
1.0,54,243.740697
0.0,23,243.750937
1.0,22,243.760727
1.0,38,243.77775
1.0,48,243.799203
1.0,71,243.831105
1.0,18,243.839129
1.0,42,243.857914
1.0,50,243.880253
1.0,77,243.914667
1.0,21,243.924012
1.0,38,243.941038
1.0,49,243.963036
1.0,73,243.995761
0.0,5,243.998012
1.0,42,244.016694
0.0,5,244.018933
1.0,83,244.056208
1.0,22,244.066512
1.0,41,244.08524
1.0,57,244.110577
1.0,77,244.146127
1.0,20,244.155047
1.0,40,244.172928
0.0,22,244.183061
1.0,67,244.213439
1.0,28,244.225973
1.0,42,244.244687
1.0,52,244.267942
1.0,75,244.302274
1.0,22,244.312069
1.0,37,244.32882
1.0,53,244.352716
1.0,75,244.386362
1.0,19,244.394837
1.0,42,244.413664
0.0,29,244.426612
1.0,81,244.462913
1.0,20,244.471823
1.0,42,244.490674
0.0,12,244.49602
1.0,90,244.53625
1.0,20,244.545177
1.0,45,244.565695
1.0,52,244.589175
1.0,83,244.62673
0.0,3,244.628088
0.0,11,244.632979
1.0,55,244.65788
1.0,75,244.691578
1.0,19,244.69995
1.0,44,244.719661
0.0,14,244.725916
1.0,71,244.75818
1.0,22,244.767982
1.0,46,244.788449
1.0,46,244.809002
1.0,85,244.847018
1.0,18,244.855056
1.0,36,244.871198
1.0,50,244.893419
1.0,71,244.925255
1.0,18,244.933246
1.0,40,244.951142
1.0,48,244.9726
1.0,76,245.006632
1.0,20,245.015575
1.0,40,245.033431
1.0,48,245.054828
1.0,75,245.088854
1.0,20,245.097753
1.0,44,245.117296
1.0,52,245.141101
0.0,37,245.157581
1.0,21,245.166902
1.0,40,245.18475
1.0,54,245.208808
1.0,73,245.241536
1.0,18,245.249563
1.0,46,245.270318
1.0,52,245.293473
0.0,18,245.301551
1.0,18,245.309539
1.0,48,245.331258
1.0,57,245.356744
1.0,73,245.389427
1.0,20,245.398292
1.0,38,245.415258
0.0,24,245.425893
1.0,69,245.456783
1.0,29,245.469667
1.0,38,245.486629
0.0,28,245.499103
0.0,38,245.516148
0.0,11,245.521078
1.0,36,245.537146
0.0,10,245.541721
1.0,83,245.579124
1.0,18,245.587403
0.0,9,245.591413
1.0,54,245.615364
1.0,77,245.65048
1.0,22,245.660363
1.0,54,245.684416
1.0,58,245.710562
1.0,69,245.741487
1.0,18,245.749523
1.0,50,245.771834
1.0,59,245.798135
1.0,74,245.831241
1.0,20,245.840157
1.0,44,245.859849
1.0,57,245.885203
0.0,20,245.894092
1.0,18,245.902085
1.0,43,245.921374
0.0,21,245.930868
0.0,56,245.956167
1.0,22,245.965976
1.0,40,245.983824
1.0,53,246.007412
1.0,75,246.041053
1.0,26,246.052605
1.0,36,246.068995
1.0,48,246.090633
1.0,83,246.127943
1.0,21,246.137316
1.0,42,246.156565
1.0,52,246.179785
1.0,85,246.21795
1.0,23,246.228264
1.0,42,246.247001
1.0,58,246.272861
1.0,80,246.308735
1.0,20,246.317621
1.0,40,246.335542
1.0,50,246.357836
1.0,73,246.390663
1.0,20,246.399658
1.0,38,246.416741
1.0,56,246.44134
1.0,82,246.477986
1.0,20,246.487187
0.0,21,246.496926
1.0,52,246.520577
1.0,75,246.554281
1.0,21,246.563897
1.0,42,246.584067
1.0,56,246.609052
1.0,74,246.642778
1.0,20,246.65186
1.0,38,246.668796
1.0,54,246.692953
0.0,7,246.696075
1.0,20,246.704951
1.0,39,246.722379
1.0,49,246.744172
1.0,73,246.776697
0.0,14,246.782937
1.0,42,246.801742
1.0,50,246.824028
1.0,78,246.858925
1.0,26,246.870554
1.0,38,246.887473
1.0,50,246.909765
1.0,67,246.939758
1.0,22,246.949458
1.0,40,246.967337
1.0,47,246.988281
1.0,72,247.020506
1.0,24,247.031206
1.0,42,247.049872
1.0,57,247.075604
1.0,81,247.111992
1.0,20,247.120882
1.0,42,247.140758
0.0,28,247.153264
1.0,78,247.188606
1.0,18,247.196974
1.0,38,247.21441
1.0,46,247.234941
1.0,88,247.274231
1.0,23,247.284551
0.0,21,247.294048
1.0,48,247.315384
0.0,36,247.331539
1.0,20,247.340444
0.0,9,247.344429
1.0,50,247.36665
1.0,71,247.398426
1.0,22,247.408216
0.0,22,247.418021
1.0,52,247.441404
1.0,79,247.476697
1.0,22,247.486412
1.0,44,247.50602
0.0,5,247.508277
1.0,76,247.542259
1.0,18,247.550354
1.0,42,247.569354
1.0,53,247.593157
0.0,27,247.605205
0.0,3,247.60656
0.0,20,247.615485
0.0,12,247.620969
0.0,18,247.629311
1.0,22,247.639339
0.0,30,247.652716
1.0,54,247.676838
1.0,76,247.711023
1.0,18,247.719038
1.0,40,247.737273
1.0,48,247.758659
0.0,11,247.763605
1.0,20,247.772601
1.0,40,247.790443
1.0,56,247.815446
1.0,74,247.848655
0.0,7,247.851794
1.0,38,247.868784
0.0,14,247.875035
1.0,77,247.90958
1.0,19,247.918034
1.0,40,247.936017
0.0,12,247.941391
1.0,67,247.97142
1.0,22,247.981187
1.0,40,247.999155
1.0,67,248.029079
1.0,74,248.062321
1.0,22,248.07257
1.0,40,248.090891
1.0,51,248.11372
0.0,54,248.138205
1.0,21,248.14763
1.0,46,248.168205
1.0,51,248.191039
0.0,60,248.217838
1.0,21,248.227272
1.0,40,248.245108
1.0,52,248.26831
0.0,32,248.2826
1.0,22,248.292338
1.0,48,248.313821
0.0,23,248.324102
1.0,83,248.36155
1.0,21,248.370891
1.0,36,248.387103
0.0,23,248.397376
1.0,79,248.433124
1.0,19,248.441541
1.0,46,248.462182
1.0,57,248.487504
1.0,69,248.518409
1.0,24,248.529855
1.0,40,248.547657
1.0,59,248.574303
1.0,71,248.606455
1.0,20,248.6153
1.0,38,248.632577
1.0,51,248.655595
1.0,75,248.68928
1.0,20,248.698386
1.0,39,248.715756
1.0,55,248.740279
1.0,73,248.773007
1.0,20,248.781917
1.0,41,248.800519
1.0,53,248.82417
0.0,9,248.828197
1.0,23,248.838507
0.0,28,248.851018
1.0,51,248.873808
1.0,78,248.908667
1.0,20,248.917576
0.0,19,248.926087
0.0,10,248.93056
1.0,80,248.966326
1.0,21,248.975649
1.0,44,248.995345
1.0,61,249.022603
0.0,53,249.046273
1.0,19,249.054651
1.0,42,249.073806
0.0,38,249.090977
1.0,80,249.127016
0.0,12,249.132408
1.0,43,249.151813
1.0,52,249.17504
1.0,71,249.206951
1.0,18,249.215041
1.0,40,249.23281
0.0,49,249.254678
1.0,74,249.28838
1.0,22,249.298173
1.0,39,249.315661
1.0,55,249.340161
0.0,60,249.3671
1.0,18,249.375111
1.0,40,249.392958
1.0,54,249.417081
1.0,77,249.45158
1.0,18,249.459574
1.0,40,249.477448
1.0,51,249.500171
1.0,75,249.533789
1.0,21,249.543053
1.0,36,249.559133
1.0,57,249.584959
0.0,24,249.595701
1.0,23,249.605919
1.0,40,249.623955
1.0,59,249.650444
1.0,85,249.688316
1.0,19,249.696692
1.0,42,249.715454
1.0,51,249.738261
1.0,73,249.770884
1.0,19,249.779306
1.0,40,249.797049
1.0,55,249.821676
1.0,77,249.856142
1.0,18,249.864177
1.0,39,249.881523
1.0,55,249.906138
1.0,73,249.938918
1.0,20,249.947818
1.0,40,249.965675
1.0,58,249.991388
1.0,77,250.025836
1.0,20,250.034734
1.0,42,250.053525
1.0,55,250.078455
0.0,67,250.108563
1.0,19,250.117113
0.0,28,250.129898
1.0,57,250.155717
1.0,67,250.185731
1.0,18,250.194024
1.0,38,250.211082
1.0,55,250.235631
1.0,75,250.269214
1.0,18,250.277299
0.0,26,250.288985
0.0,9,250.293029
0.0,7,250.29619
1.0,19,250.304742
1.0,38,250.321656
1.0,53,250.345338
1.0,71,250.377076
1.0,22,250.386884
1.0,42,250.405526
0.0,23,250.415839
1.0,79,250.451244
0.0,14,250.457591
1.0,41,250.475832
0.0,45,250.495983
1.0,78,250.530788
0.0,3,250.532248
1.0,54,250.556185
1.0,49,250.578377
1.0,81,250.614864
1.0,18,250.623309
1.0,42,250.642239
1.0,53,250.6659
0.0,15,250.672575
1.0,18,250.68065
1.0,39,250.698126
0.0,32,250.712343
1.0,82,250.749179
1.0,19,250.7576
1.0,43,250.776876
1.0,58,250.802768
1.0,75,250.836346
1.0,20,250.84524
1.0,36,250.861302
1.0,52,250.884471
1.0,74,250.917564
1.0,18,250.925598
1.0,39,250.943018
1.0,49,250.964984
1.0,87,251.004816
0.0,16,251.011989
1.0,40,251.02998
1.0,54,251.054003
1.0,76,251.088539
1.0,18,251.096563
1.0,53,251.120204
1.0,53,251.144395
1.0,80,251.18011
1.0,18,251.188122
1.0,40,251.206033
1.0,58,251.231883
0.0,67,251.261787
1.0,19,251.270332
1.0,40,251.288191
1.0,63,251.316205
1.0,71,251.347989
1.0,20,251.356867
1.0,40,251.374698
1.0,55,251.39918
1.0,77,251.433573
1.0,19,251.442033
1.0,38,251.459002
1.0,63,251.487004
1.0,69,251.517903
1.0,21,251.527232
1.0,44,251.546707
1.0,53,251.570507
1.0,76,251.604962
1.0,18,251.613007
1.0,49,251.63523
1.0,56,251.660516
1.0,74,251.693604
1.0,18,251.701899
1.0,49,251.723695
1.0,57,251.749085
1.0,72,251.781234
1.0,18,251.789223
1.0,47,251.81024
1.0,52,251.833382
1.0,69,251.864311
1.0,18,251.87232
1.0,48,251.893716
1.0,53,251.917275
1.0,79,251.952637
1.0,22,251.962408
1.0,44,251.982078
1.0,62,252.009694
1.0,76,252.043684
1.0,20,252.052679
1.0,41,252.071311
1.0,58,252.09736
1.0,71,252.129406
1.0,19,252.13785
1.0,36,252.15418
1.0,57,252.179615
0.0,20,252.189201
1.0,18,252.197299
1.0,38,252.214509
1.0,56,252.239491
1.0,80,252.275296
1.0,18,252.283289
1.0,40,252.301261
1.0,47,252.322267
1.0,81,252.358384
1.0,19,252.366714
1.0,40,252.384602
1.0,50,252.406894
1.0,82,252.44359
1.0,18,252.451612
1.0,44,252.471258
1.0,48,252.492582
1.0,77,252.527001
1.0,22,252.536848
1.0,36,252.552955
1.0,48,252.575549
0.0,40,252.593692
1.0,22,252.603434
0.0,28,252.615931
1.0,55,252.640966
1.0,83,252.678144
1.0,19,252.686638
1.0,36,252.702646
1.0,50,252.724935
1.0,80,252.760606
1.0,22,252.770432
1.0,38,252.787642
1.0,55,252.8122
1.0,74,252.845289
1.0,21,252.854582
1.0,42,252.873341
1.0,52,252.896447
1.0,77,252.930882
0.0,12,252.936251
1.0,38,252.953142
1.0,62,252.980555
0.0,16,252.987722
1.0,18,252.995826
1.0,39,253.013155
1.0,53,253.036838
1.0,70,253.068416
1.0,18,253.076428
1.0,40,253.094633
1.0,54,253.118638
0.0,18,253.126962
1.0,24,253.137634
1.0,38,253.154907
1.0,57,253.180267
1.0,74,253.213549
0.0,16,253.220754
1.0,42,253.239441
1.0,52,253.262613
0.0,13,253.268385
1.0,24,253.279017
1.0,42,253.297871
1.0,52,253.321032
1.0,81,253.357083
0.0,3,253.358434
1.0,36,253.374551
1.0,48,253.396292
1.0,81,253.432472
1.0,20,253.441313
1.0,40,253.459172
1.0,53,253.482688
1.0,78,253.517502
1.0,18,253.525502
0.0,21,253.534923
1.0,50,253.557138
1.0,80,253.593343
0.0,11,253.598241
1.0,44,253.617822
1.0,48,253.639723
1.0,77,253.674057
1.0,18,253.682054
1.0,41,253.700328
1.0,61,253.727427
0.0,69,253.758194
1.0,21,253.767512
1.0,46,253.788012
1.0,58,253.813699
1.0,82,253.850344
1.0,18,253.858409
0.0,11,253.863266
1.0,48,253.884661
1.0,71,253.916421
1.0,18,253.924419
1.0,42,253.943233
1.0,56,253.968012
1.0,77,254.00282
1.0,24,254.013497
1.0,46,254.034015
1.0,58,254.059846
0.0,22,254.07
1.0,18,254.078043
1.0,36,254.09437
1.0,48,254.115649
1.0,77,254.15068
1.0,22,254.160484
1.0,54,254.184565
1.0,50,254.20675
1.0,76,254.240677
1.0,20,254.249564
1.0,44,254.269057
1.0,48,254.290823
1.0,73,254.323476
1.0,22,254.333278
1.0,38,254.350203
1.0,57,254.375473
0.0,51,254.398151
1.0,20,254.407052
0.0,9,254.411105
1.0,52,254.434208
1.0,73,254.466804
1.0,18,254.474815
1.0,42,254.493494
0.0,32,254.507712
1.0,72,254.539834
1.0,22,254.549586
1.0,40,254.567779
1.0,54,254.592353
1.0,80,254.628495
1.0,18,254.636486
1.0,46,254.657333
1.0,51,254.679948
0.0,15,254.68656
1.0,22,254.696336
1.0,43,254.715703
1.0,48,254.737
1.0,73,254.769583
1.0,20,254.778436
1.0,38,254.795392
1.0,46,254.815921
1.0,87,254.854665
0.0,16,254.861784
1.0,44,254.881353
1.0,46,254.901857
1.0,76,254.935717
1.0,29,254.948522
1.0,44,254.968101
1.0,51,254.990808
0.0,67,255.020589
1.0,18,255.028673
1.0,44,255.048183
0.0,5,255.050422
1.0,79,255.086106
1.0,20,255.094969
1.0,38,255.111961
1.0,49,255.134055
1.0,75,255.167875
1.0,21,255.177094
1.0,42,255.196147
1.0,50,255.218424
1.0,68,255.248808
1.0,24,255.259557
0.0,23,255.269827
1.0,50,255.292029
0.0,40,255.309932
0.0,3,255.311286
1.0,38,255.32819
1.0,57,255.353478
1.0,71,255.385182
1.0,20,255.394056
1.0,37,255.410602
1.0,55,255.435
1.0,74,255.46862
1.0,19,255.477184
0.0,15,255.484103
1.0,48,255.505396
1.0,76,255.539224
1.0,18,255.54722
1.0,40,255.564988
0.0,5,255.56748
1.0,79,255.60294
1.0,20,255.61173
1.0,44,255.631505
1.0,60,255.658351
1.0,76,255.692217
1.0,18,255.700232
1.0,48,255.721631
1.0,53,255.745141
1.0,75,255.778563
1.0,18,255.786597
1.0,42,255.805662
1.0,50,255.827928
1.0,75,255.861346
1.0,18,255.869525
1.0,44,255.889022
1.0,54,255.913072
1.0,72,255.945261
1.0,18,255.953272
1.0,41,255.971516
1.0,50,255.993674
1.0,71,256.025279
1.0,18,256.033259
1.0,42,256.05191
1.0,54,256.076311
1.0,75,256.10996
1.0,20,256.11884
1.0,42,256.137721
1.0,56,256.162856
1.0,78,256.197597
1.0,22,256.207633
1.0,45,256.227683
1.0,48,256.249037
0.0,60,256.275858
1.0,20,256.28474
1.0,42,256.303595
1.0,56,256.328432
1.0,67,256.358417
1.0,18,256.366448
1.0,37,256.382974
1.0,52,256.40655
1.0,71,256.438524
0.0,10,256.443001
0.0,11,256.447914
1.0,50,256.470149
1.0,82,256.50679
1.0,20,256.515797
1.0,42,256.534542
1.0,56,256.55951
1.0,78,256.594911
1.0,19,256.603264
1.0,40,256.621159
1.0,56,256.646768
0.0,39,256.664225
1.0,20,256.673082
1.0,42,256.691855
1.0,61,256.722207
1.0,74,256.755402
1.0,20,256.764364
1.0,40,256.782311
1.0,48,256.803832
0.0,69,256.834599
1.0,20,256.843592
1.0,40,256.862078
1.0,49,256.883925
1.0,77,256.918376
1.0,18,256.926396
0.0,21,256.935799
1.0,46,256.956396
1.0,72,256.988573
1.0,28,257.001429
1.0,42,257.020163
0.0,10,257.024644
1.0,76,257.058733
1.0,24,257.069815
0.0,9,257.073875
1.0,61,257.100983
1.0,71,257.133091
1.0,18,257.14145
1.0,44,257.161166
1.0,57,257.186869
1.0,73,257.219788
1.0,22,257.229704
1.0,38,257.246621
1.0,52,257.269834
1.0,72,257.302111
1.0,22,257.311891
1.0,42,257.330547
1.0,54,257.354522
1.0,76,257.388432
1.0,20,257.397325
1.0,38,257.414388
1.0,54,257.438326
1.0,74,257.471623
1.0,18,257.479597
1.0,38,257.496529
1.0,53,257.520022
1.0,88,257.559273
1.0,19,257.568073
1.0,40,257.586152
1.0,46,257.607148
1.0,81,257.644103
1.0,18,257.65209
1.0,38,257.668971
1.0,50,257.691227
1.0,71,257.723256
1.0,20,257.732154
1.0,40,257.750077
1.0,48,257.771372
1.0,77,257.805815
1.0,20,257.814703
1.0,38,257.831668
0.0,18,257.83964
1.0,72,257.871878
0.0,7,257.875002
1.0,46,257.895518
1.0,54,257.919718
1.0,78,257.95452
1.0,18,257.962527
1.0,40,257.980419
1.0,52,258.003485
1.0,73,258.036073
1.0,22,258.045826
1.0,42,258.064478
1.0,53,258.088485
1.0,76,258.122378
1.0,19,258.131113
1.0,44,258.150951
0.0,48,258.172296
1.0,77,258.207021
1.0,20,258.215897
1.0,36,258.23202
1.0,58,258.257756
0.0,7,258.260854
0.0,5,258.263099
1.0,38,258.280142
0.0,3,258.281489
1.0,73,258.314097
1.0,19,258.322525
1.0,42,258.341152
1.0,55,258.365674
0.0,52,258.388855
1.0,22,258.398736
1.0,38,258.415719
1.0,57,258.44102
1.0,76,258.474915
1.0,18,258.482899
1.0,37,258.499275
1.0,51,258.522004
1.0,75,258.555362
1.0,22,258.565119
1.0,37,258.582642
1.0,53,258.606414
1.0,72,258.639041
0.0,9,258.643348
1.0,40,258.661247
0.0,40,258.679007
0.0,7,258.682127
1.0,18,258.69013
0.0,34,258.705372
1.0,54,258.729352
1.0,67,258.759361
1.0,18,258.767363
1.0,38,258.78439
0.0,21,258.793741
1.0,82,258.830982
1.0,18,258.838989
1.0,40,258.856874
1.0,52,258.879929
1.0,76,258.913817
1.0,20,258.922748
1.0,44,258.942311
0.0,31,258.956074
1.0,74,258.989056
1.0,18,258.997072
1.0,38,259.013992
1.0,52,259.037124
1.0,76,259.071322
1.0,18,259.079346
1.0,40,259.097347
1.0,54,259.121193
1.0,74,259.154797
1.0,21,259.164073
1.0,50,259.186319
1.0,50,259.208846
0.0,7,259.211964
1.0,20,259.220849
1.0,38,259.237872
1.0,61,259.264934
0.0,11,259.269763
1.0,18,259.278121
1.0,42,259.297097
0.0,38,259.314139
1.0,80,259.349754
1.0,19,259.358191
1.0,36,259.374221
1.0,50,259.3966
1.0,73,259.429669
1.0,19,259.43807
1.0,38,259.455031
1.0,50,259.47716
1.0,84,259.514606
1.0,20,259.523458
1.0,38,259.540423
1.0,51,259.562953
1.0,73,259.596184
1.0,18,259.604272
1.0,44,259.623829
1.0,50,259.64687
1.0,79,259.682155
1.0,18,259.690169
1.0,40,259.708035
1.0,52,259.73114
1.0,80,259.766883
1.0,22,259.776557
1.0,42,259.79533
1.0,50,259.817496
1.0,76,259.851439
1.0,22,259.861183
1.0,42,259.880082
0.0,24,259.890756
1.0,89,259.930978
1.0,23,259.941469
1.0,40,259.95981
1.0,50,259.982298
0.0,66,260.011901
1.0,21,260.021635
1.0,46,260.042056
1.0,64,260.071707
0.0,40,260.090051
1.0,18,260.098343
0.0,17,260.106075
1.0,46,260.127226
1.0,69,260.159099
1.0,20,260.16823
1.0,45,260.188958
1.0,51,260.211906
1.0,75,260.245605
0.0,7,260.248789
1.0,44,260.268398
1.0,57,260.293796
0.0,18,260.30187
1.0,18,260.3099
1.0,42,260.328705
1.0,55,260.353137
0.0,54,260.377392
1.0,20,260.386283
1.0,41,260.40463
0.0,5,260.40689
1.0,71,260.438692
1.0,21,260.448
1.0,44,260.467535
1.0,56,260.492436
1.0,73,260.525225
1.0,20,260.53413
1.0,45,260.554189
1.0,54,260.578505
1.0,73,260.612081
1.0,22,260.621874
1.0,41,260.640555
1.0,57,260.66642
1.0,76,260.700457
1.0,22,260.7105
0.0,7,260.713623
1.0,61,260.74071
1.0,71,260.77245
1.0,22,260.782283
1.0,49,260.804176
1.0,59,260.830533
0.0,18,260.838523
1.0,26,260.850041
1.0,40,260.867944
1.0,52,260.891183
1.0,74,260.924193
1.0,18,260.932326
1.0,36,260.94835
1.0,51,260.971036
1.0,78,261.005897
1.0,18,261.013891
1.0,38,261.03081
1.0,53,261.054491
1.0,73,261.087751
1.0,21,261.097086
0.0,9,261.101129
1.0,49,261.123064
1.0,73,261.156312
1.0,20,261.165184
1.0,38,261.182195
1.0,52,261.205947
1.0,80,261.241838
1.0,18,261.249896
1.0,42,261.268651
1.0,51,261.291468
1.0,81,261.327867
1.0,18,261.3359
1.0,38,261.352918
1.0,46,261.373382
1.0,72,261.40563
1.0,20,261.414527
1.0,40,261.432493
1.0,52,261.455563
1.0,68,261.48604
1.0,19,261.494624
1.0,44,261.514209
1.0,52,261.537345
1.0,71,261.569414
1.0,24,261.580049
0.0,28,261.59278
1.0,52,261.616121
1.0,78,261.651681
1.0,18,261.659689
1.0,36,261.675731
1.0,52,261.699007
0.0,38,261.715921
1.0,23,261.726225
1.0,42,261.7449
1.0,48,261.766305
0.0,34,261.781426
1.0,18,261.789433
0.0,13,261.795198
1.0,54,261.819649
0.0,9,261.823637
1.0,22,261.833436
0.0,9,261.837598
1.0,50,261.859826
0.0,73,261.8925
1.0,20,261.901382
1.0,46,261.921923
1.0,50,261.944158
1.0,76,261.978176
1.0,20,261.987171
1.0,42,262.005858
1.0,48,262.027376
1.0,80,262.063221
1.0,18,262.071532
1.0,40,262.089586
1.0,49,262.111492
0.0,16,262.118642
1.0,22,262.128685
0.0,9,262.132663
1.0,58,262.158705
1.0,71,262.190757
1.0,18,262.198761
1.0,48,262.220841
1.0,50,262.24314
1.0,75,262.276646
1.0,18,262.284715
1.0,38,262.301944
0.0,30,262.3153
1.0,69,262.346245
1.0,22,262.355957
1.0,40,262.37378
1.0,54,262.397794
1.0,74,262.430853
1.0,18,262.438854
1.0,46,262.459449
1.0,51,262.482372
1.0,74,262.515526
0.0,5,262.517774
1.0,38,262.534772
1.0,52,262.558127
1.0,79,262.593871
0.0,12,262.599234
1.0,39,262.616699
1.0,52,262.640405
0.0,63,262.668865
1.0,20,262.677774
1.0,42,262.696539
1.0,47,262.717577
0.0,11,262.72249
1.0,18,262.730511
1.0,38,262.747578
1.0,51,262.770233
0.0,18,262.778271
1.0,18,262.786378
1.0,40,262.804248
1.0,52,262.827535
0.0,45,262.847586
1.0,18,262.855688
1.0,41,262.87398
1.0,48,262.895479
1.0,72,262.927639
1.0,21,262.936893
1.0,39,262.954309
1.0,48,262.975702
1.0,73,263.008456
1.0,20,263.017359
1.0,40,263.035202
0.0,33,263.050038
1.0,75,263.083958
1.0,22,263.093996
1.0,48,263.115351
1.0,56,263.140623
1.0,79,263.176196
1.0,20,263.185077
1.0,38,263.202067
1.0,48,263.223434
1.0,73,263.256082
0.0,5,263.258331
1.0,40,263.276245
1.0,54,263.300357
0.0,54,263.324512
1.0,18,263.332537
0.0,21,263.34191
1.0,56,263.366904
1.0,71,263.398615
1.0,18,263.406585
1.0,46,263.427108
1.0,54,263.451104
1.0,72,263.483244
1.0,20,263.492151
1.0,40,263.509957
1.0,50,263.53213
0.0,54,263.556328
1.0,27,263.568322
1.0,42,263.587554
1.0,50,263.609873
0.0,20,263.618863
0.0,5,263.621113
1.0,36,263.637497
1.0,54,263.661941
1.0,73,263.694606
1.0,18,263.702639
1.0,36,263.718915
1.0,52,263.742011
1.0,77,263.776468
1.0,20,263.785356
1.0,42,263.804249
1.0,49,263.82602
1.0,84,263.863571
1.0,20,263.872454
1.0,42,263.89122
1.0,50,263.91353
1.0,73,263.946145
1.0,20,263.955156
1.0,38,263.972104
1.0,48,263.993572
0.0,73,264.02599
1.0,18,264.034131
1.0,38,264.051068
1.0,52,264.074877
1.0,76,264.109129
1.0,24,264.119781
1.0,43,264.139147
1.0,47,264.160376
1.0,73,264.193166
1.0,22,264.20294
1.0,38,264.219993
1.0,54,264.24398
0.0,46,264.264474
1.0,19,264.273195
1.0,40,264.291286
1.0,52,264.314579
1.0,77,264.349032
1.0,20,264.357897
1.0,50,264.38031
1.0,60,264.406991
1.0,86,264.447344
1.0,18,264.455488
1.0,38,264.472585
1.0,59,264.498755
1.0,85,264.536737
1.0,20,264.545625
1.0,44,264.565433
1.0,54,264.590141
1.0,73,264.622813
1.0,20,264.632094
1.0,42,264.65111
1.0,56,264.676005
1.0,74,264.70923
1.0,27,264.721104
1.0,42,264.739813
1.0,50,264.762102
1.0,74,264.795278
1.0,20,264.804138
1.0,42,264.822978
1.0,54,264.846978
0.0,34,264.862243
1.0,20,264.871122
0.0,9,264.875168
0.0,13,264.880901
1.0,80,264.916692
1.0,24,264.927324
1.0,38,264.944424
1.0,48,264.965766
1.0,85,265.00376
0.0,5,265.006004
0.0,9,265.010015
1.0,51,265.033197
1.0,73,265.065941
1.0,20,265.075081
1.0,40,265.093126
1.0,61,265.120156
0.0,52,265.144038
1.0,25,265.155077
0.0,9,265.159112
1.0,52,265.18241
0.0,26,265.194675
1.0,20,265.203606
1.0,40,265.221685
1.0,54,265.245774
0.0,40,265.263655
1.0,20,265.272546
1.0,38,265.289608
1.0,52,265.312897
1.0,77,265.34731
1.0,18,265.35544
1.0,42,265.374086
0.0,12,265.379461
0.0,13,265.385287
1.0,18,265.39339
1.0,42,265.412055
1.0,50,265.434422
1.0,78,265.469363
1.0,20,265.478257
1.0,40,265.496165
1.0,50,265.518543
1.0,75,265.552068
1.0,20,265.560957
1.0,36,265.577336
1.0,54,265.601662
1.0,75,265.636028
1.0,18,265.644278
1.0,39,265.661795
1.0,58,265.687582
0.0,11,265.692597
1.0,18,265.700609
0.0,9,265.70465
1.0,55,265.729055
1.0,71,265.760864
1.0,18,265.768963
1.0,44,265.788573
1.0,61,265.815677
0.0,68,265.846058
1.0,23,265.856191
1.0,38,265.873128
1.0,50,265.89549
1.0,72,265.927725
1.0,31,265.941537
1.0,41,265.95998
0.0,32,265.974203
0.0,30,265.987546
1.0,22,265.997416
1.0,36,266.013495
1.0,50,266.035737
1.0,74,266.068788
0.0,14,266.07545
1.0,40,266.093558
1.0,52,266.116717
1.0,73,266.149879
1.0,20,266.158791
0.0,14,266.165019
1.0,48,266.186539
0.0,62,266.214198
1.0,18,266.222278
1.0,45,266.242726
0.0,45,266.262888
0.0,25,266.274068
1.0,20,266.28286
1.0,48,266.304347
1.0,53,266.327897
1.0,69,266.358825
1.0,18,266.366837
1.0,42,266.385568
1.0,60,266.412453
1.0,79,266.447856
0.0,10,266.452439
1.0,36,266.46855
1.0,52,266.49175
1.0,72,266.524018
1.0,18,266.532054
1.0,39,266.549328
1.0,49,266.571326
1.0,79,266.606855
1.0,19,266.615587
1.0,41,266.634681
1.0,60,266.661719
1.0,73,266.694456
1.0,18,266.702453
0.0,9,266.706415
1.0,52,266.729941
1.0,77,266.764371
1.0,18,266.772392
1.0,40,266.7903
1.0,52,266.813538
1.0,73,266.846547
1.0,24,266.857229
1.0,40,266.875148
1.0,52,266.89825
1.0,78,266.933143
1.0,19,266.941699
1.0,44,266.961222
1.0,50,266.983535
1.0,69,267.014365
1.0,26,267.025974
1.0,44,267.045633
0.0,23,267.055895
0.0,63,267.084282
1.0,22,267.094373
1.0,41,267.112629
0.0,34,267.127863
1.0,73,267.160733
1.0,18,267.168849
1.0,44,267.188841
1.0,54,267.213159
1.0,79,267.248557
1.0,24,267.259244
1.0,42,267.277874
1.0,53,267.301627
1.0,71,267.333376
1.0,18,267.341371
0.0,23,267.351656
1.0,59,267.377913
1.0,82,267.414555
1.0,18,267.422637
1.0,38,267.440093
1.0,49,267.461961
1.0,77,267.496527
1.0,20,267.50541
1.0,39,267.522889
1.0,46,267.54334
1.0,79,267.578995
1.0,20,267.588164
1.0,38,267.605148
1.0,49,267.627418
1.0,75,267.661276
0.0,5,267.663527
1.0,38,267.680506
1.0,50,267.702818
0.0,17,267.710343
1.0,22,267.720084
0.0,25,267.731241
1.0,53,267.754732
1.0,78,267.789636
1.0,24,267.800293
1.0,40,267.818198
0.0,5,267.820446
1.0,77,267.854851
1.0,26,267.866399
1.0,52,267.889468
1.0,77,267.923771
1.0,72,267.955888
1.0,22,267.965697
1.0,41,267.983955
0.0,46,268.004567
1.0,69,268.035851
1.0,18,268.04397
1.0,36,268.060322
1.0,53,268.084402
1.0,91,268.125238
0.0,5,268.127773
1.0,43,268.147258
1.0,48,268.168812
1.0,74,268.201967
1.0,20,268.210887
0.0,9,268.215143
1.0,53,268.238818
0.0,42,268.257541
1.0,20,268.266538
1.0,46,268.286924
1.0,52,268.31029
0.0,63,268.338418
1.0,19,268.346901
1.0,41,268.365206
1.0,46,268.385823
1.0,73,268.418606
1.0,20,268.427513
1.0,42,268.446202
1.0,50,268.468629
1.0,79,268.503926
1.0,18,268.511945
1.0,42,268.530797
1.0,58,268.556579
1.0,80,268.592909
1.0,21,268.602237
0.0,11,268.607251
1.0,58,268.633746
0.0,18,268.64189
1.0,18,268.650211
1.0,40,268.668102
0.0,39,268.685624
1.0,74,268.721703
1.0,20,268.73092
1.0,38,268.74793
1.0,56,268.772948
0.0,40,268.790803
1.0,20,268.799816
1.0,40,268.81763
1.0,55,268.842244
1.0,88,268.88155
1.0,20,268.890455
1.0,38,268.908327
1.0,55,268.93363
1.0,75,268.96744
1.0,21,268.976673
1.0,40,268.994486
1.0,49,269.016251
1.0,73,269.048874
0.0,7,269.051977
1.0,36,269.06812
1.0,48,269.090119
1.0,75,269.123704
1.0,20,269.132817
1.0,46,269.153713
1.0,51,269.17651
1.0,74,269.209803
1.0,18,269.217806
1.0,48,269.239538
0.0,9,269.243558
1.0,73,269.276688
1.0,21,269.286121
1.0,38,269.303328
1.0,52,269.326582
1.0,75,269.360135
1.0,19,269.368512
1.0,39,269.385871
1.0,59,269.412087
1.0,72,269.444375
1.0,21,269.453606
1.0,38,269.470474
1.0,54,269.494576
1.0,76,269.528529
1.0,18,269.536526
1.0,39,269.553993
1.0,46,269.574729
1.0,73,269.607713
1.0,19,269.616187
1.0,40,269.63435
1.0,46,269.655168
1.0,72,269.687443
1.0,20,269.69633
1.0,42,269.715142
1.0,48,269.736751
1.0,77,269.771085
0.0,12,269.776564
1.0,42,269.795254
1.0,52,269.818464
1.0,75,269.852551
1.0,20,269.861461
1.0,42,269.880236
1.0,52,269.903389
1.0,77,269.937746
1.0,20,269.946637
1.0,36,269.962636
1.0,51,269.98545
1.0,71,270.017255
1.0,19,270.025714
1.0,40,270.043609
1.0,56,270.068537
1.0,76,270.103058
1.0,19,270.111428
0.0,32,270.125757
1.0,57,270.151712
0.0,21,270.161146
1.0,18,270.16915
1.0,38,270.186042
1.0,55,270.21051
1.0,77,270.244924
1.0,18,270.252936
1.0,37,270.269481
1.0,56,270.294265
1.0,73,270.327029
1.0,20,270.335946
1.0,42,270.35473
0.0,36,270.370646
1.0,75,270.404206
1.0,20,270.41309
1.0,36,270.429179
1.0,58,270.455398
1.0,71,270.487163
1.0,24,270.497869
1.0,40,270.515678
1.0,55,270.539985
1.0,77,270.574752
1.0,18,270.582765
1.0,44,270.602642
1.0,54,270.626788
0.0,51,270.650275
1.0,18,270.658286
1.0,36,270.674359
0.0,43,270.693507
1.0,75,270.727089
1.0,22,270.73684
1.0,46,270.757212
1.0,56,270.782167
1.0,71,270.813959
1.0,18,270.821932
0.0,25,270.833084
1.0,51,270.855799
1.0,71,270.887569
0.0,3,270.888916
1.0,37,270.905392
1.0,61,270.932524
0.0,34,270.947693
1.0,20,270.956584
1.0,40,270.974414
1.0,59,271.00069
1.0,77,271.035494
1.0,18,271.043537
1.0,42,271.062171
1.0,52,271.085658
1.0,69,271.116902
1.0,18,271.124908
1.0,44,271.144933
1.0,53,271.16852
1.0,75,271.202189
1.0,22,271.212019
1.0,36,271.228482
1.0,56,271.253517
0.0,57,271.279162
1.0,22,271.289018
0.0,11,271.293939
1.0,59,271.320221
1.0,83,271.357375
1.0,19,271.365848
0.0,25,271.376965
1.0,57,271.402345
0.0,11,271.407244
1.0,21,271.416553
1.0,44,271.436138
0.0,40,271.454067
1.0,79,271.489304
1.0,21,271.498625
1.0,43,271.517824
1.0,55,271.542158
1.0,74,271.575486
1.0,25,271.586564
1.0,40,271.6047
0.0,11,271.609574
0.0,9,271.613576
1.0,20,271.622461
0.0,21,271.632047
1.0,53,271.656432
1.0,73,271.68915
1.0,20,271.698054
1.0,44,271.717722
0.0,32,271.732004
1.0,75,271.765554
0.0,12,271.770917
1.0,40,271.788849
1.0,53,271.812396
1.0,83,271.849434
1.0,18,271.857559
1.0,40,271.875401
1.0,54,271.899564
1.0,77,271.93405
1.0,24,271.944671
1.0,44,271.964244
1.0,48,271.985603
0.0,11,271.990498
1.0,18,271.998499
1.0,40,272.016404
1.0,50,272.038601
1.0,76,272.073205
1.0,22,272.083106
1.0,41,272.101526
1.0,56,272.126609
0.0,9,272.130919
1.0,22,272.140712
1.0,44,272.160683
1.0,48,272.182037
0.0,68,272.212909
1.0,20,272.221807
1.0,38,272.239358
1.0,54,272.263485
1.0,77,272.297993
1.0,20,272.306963
1.0,46,272.327451
1.0,50,272.349763
0.0,53,272.373448
1.0,18,272.381522
1.0,38,272.398598
1.0,54,272.422721
0.0,63,272.450744
1.0,20,272.45976
1.0,45,272.479884
1.0,50,272.502235
0.0,9,272.506277
1.0,21,272.515616
1.0,44,272.535239
1.0,52,272.558421
1.0,74,272.592013
1.0,18,272.600025
1.0,38,272.617044
1.0,52,272.640644
1.0,73,272.673618
1.0,20,272.682521
1.0,42,272.701383
1.0,58,272.727505
1.0,79,272.762831
1.0,20,272.771712
1.0,42,272.790403
1.0,52,272.813719
1.0,77,272.848459
1.0,24,272.859116
1.0,48,272.880414
1.0,49,272.902246
1.0,81,272.938525
1.0,18,272.946558
1.0,42,272.965304
1.0,56,272.990241
1.0,79,273.025484
1.0,20,273.034439
1.0,40,273.052293
1.0,52,273.075846
1.0,69,273.107015
1.0,18,273.115041
1.0,38,273.132323
1.0,48,273.154024
0.0,17,273.161534
1.0,18,273.169552
1.0,38,273.186585
1.0,57,273.211893
1.0,79,273.247154
1.0,22,273.256997
1.0,49,273.278787
1.0,52,273.302021
0.0,15,273.308719
1.0,18,273.316733
1.0,42,273.335481
0.0,7,273.338607
1.0,78,273.373486
1.0,18,273.381793
0.0,21,273.391495
1.0,53,273.415767
1.0,77,273.450447
0.0,5,273.452854
1.0,42,273.471614
1.0,52,273.494756
0.0,62,273.522483
1.0,20,273.53206
1.0,38,273.549016
1.0,53,273.572915
0.0,9,273.576944
1.0,20,273.585823
1.0,40,273.603865
1.0,54,273.62807
1.0,75,273.661963
1.0,26,273.673578
1.0,40,273.691379
1.0,58,273.717129
0.0,57,273.742517
1.0,20,273.751446
1.0,38,273.768298
0.0,30,273.781619
1.0,77,273.81597
1.0,18,273.824053
0.0,7,273.827182
1.0,50,273.849349
1.0,69,273.880224
1.0,18,273.888253
1.0,39,273.905648
1.0,50,273.927843
1.0,71,273.95965
1.0,18,273.967666
1.0,38,273.984721
0.0,5,273.986962
1.0,73,274.019574
1.0,22,274.029327
1.0,40,274.04758
1.0,52,274.070729
1.0,67,274.101256
1.0,20,274.110142
1.0,36,274.126261
0.0,9,274.130563
0.0,11,274.135451
1.0,20,274.144605
1.0,42,274.163365
1.0,52,274.18662
1.0,80,274.22247
1.0,19,274.231045
1.0,50,274.253381
1.0,52,274.276862
1.0,81,274.313734
1.0,19,274.322212
0.0,25,274.333321
1.0,48,274.354795
0.0,26,274.366332
1.0,18,274.374303
1.0,40,274.392202
1.0,58,274.418112
1.0,70,274.449455
1.0,22,274.459229
1.0,44,274.478889
0.0,7,274.482033
1.0,71,274.513736
0.0,10,274.518207
1.0,36,274.534198
1.0,52,274.557391
0.0,34,274.572718
1.0,24,274.583491
1.0,36,274.599738
1.0,52,274.622831
0.0,73,274.656425
1.0,18,274.66441
1.0,39,274.681789
1.0,49,274.703574
1.0,76,274.737557
1.0,20,274.746464
1.0,38,274.763345
1.0,51,274.785949
1.0,75,274.819455
1.0,23,274.829606
1.0,36,274.845674
1.0,53,274.869183
0.0,39,274.886599
1.0,18,274.894606
1.0,39,274.912033
1.0,55,274.936481
1.0,76,274.970391
1.0,20,274.979277
1.0,38,274.996228
1.0,57,275.021391
1.0,85,275.059334
1.0,18,275.067408
1.0,46,275.088157
1.0,50,275.110653
1.0,83,275.14827
1.0,27,275.160228
1.0,42,275.178908
1.0,50,275.201171
1.0,77,275.235528
0.0,7,275.238632
1.0,38,275.256069
0.0,5,275.258351
0.0,70,275.28964
1.0,18,275.297696
1.0,44,275.317375
1.0,46,275.337833
1.0,81,275.373963
1.0,18,275.381945
1.0,42,275.400601
1.0,50,275.422981
0.0,54,275.447088
0.0,3,275.44844
1.0,49,275.470174
0.0,40,275.487991
0.0,11,275.492853
1.0,20,275.501729
1.0,36,275.517912
1.0,59,275.544133
1.0,77,275.578786
1.0,20,275.587694
1.0,42,275.606699
1.0,50,275.629227
0.0,24,275.639917
1.0,19,275.648625
1.0,40,275.666448
1.0,53,275.690101
1.0,73,275.722943
1.0,21,275.732331
1.0,44,275.75197
1.0,62,275.779539
1.0,71,275.811345
1.0,20,275.820289
1.0,38,275.837278
1.0,51,275.859981
1.0,87,275.8988
0.0,12,275.904222
1.0,40,275.922061
1.0,50,275.944351
1.0,76,275.97829
1.0,21,275.987623
0.0,28,276.000192
1.0,54,276.024213
0.0,20,276.033153
1.0,18,276.041165
0.0,19,276.049675
0.0,5,276.051955
1.0,78,276.087465
1.0,18,276.095771
1.0,42,276.114497
1.0,53,276.138375
1.0,79,276.173999
1.0,20,276.182973
1.0,40,276.200794
1.0,58,276.226568
1.0,80,276.262253
1.0,22,276.272061
1.0,36,276.28831
1.0,55,276.312857
1.0,87,276.351624
1.0,20,276.36059
1.0,42,276.379261
1.0,62,276.406839
0.0,16,276.414054
1.0,20,276.422938
0.0,26,276.43467
1.0,54,276.458706
1.0,78,276.493551
1.0,20,276.502434
1.0,40,276.520326
1.0,53,276.543974
0.0,38,276.560903
1.0,20,276.570448
0.0,32,276.585271
1.0,53,276.609169
1.0,80,276.645616
1.0,20,276.654589
1.0,36,276.670665
1.0,53,276.694266
1.0,71,276.725938
1.0,18,276.733989
1.0,46,276.754445
0.0,11,276.759413
0.0,50,276.781726
1.0,20,276.790683
1.0,37,276.807242
1.0,54,276.831214
0.0,26,276.842769
1.0,20,276.851697
1.0,36,276.867772
1.0,54,276.891695
0.0,45,276.911742
1.0,18,276.919775
1.0,40,276.937566
1.0,48,276.958946
1.0,84,276.996449
1.0,22,277.006196
1.0,38,277.023104
1.0,49,277.045029
1.0,93,277.086865
1.0,22,277.096867
1.0,40,277.114684
1.0,50,277.13712
1.0,78,277.17229
1.0,18,277.180305
1.0,42,277.199313
1.0,55,277.223961
1.0,79,277.259425
1.0,18,277.267457
1.0,43,277.28654
1.0,58,277.312388
1.0,74,277.345508
1.0,22,277.355292
1.0,41,277.373625
0.0,32,277.387829
1.0,71,277.419507
1.0,18,277.427521
1.0,40,277.445285
1.0,56,277.470163
1.0,80,277.506046
1.0,26,277.517556
1.0,36,277.533688
1.0,51,277.556301
1.0,81,277.593063
1.0,21,277.602438
1.0,45,277.622458
1.0,54,277.647116
1.0,78,277.681995
1.0,25,277.69299
1.0,44,277.712569
1.0,66,277.741765
1.0,73,277.774415
1.0,20,277.783328
1.0,38,277.800316
1.0,42,277.818974
1.0,75,277.852371
1.0,18,277.860734
0.0,25,277.872182
0.0,25,277.88347
1.0,73,277.916661
1.0,18,277.924685
1.0,36,277.940814
1.0,56,277.965676
1.0,77,278.000138
1.0,20,278.009038
1.0,41,278.027298
1.0,49,278.049081
1.0,79,278.084835
0.0,5,278.087082
0.0,9,278.09132
1.0,56,278.116299
1.0,70,278.14799
1.0,21,278.157285
1.0,40,278.175154
1.0,47,278.196079
1.0,83,278.233172
1.0,18,278.241146
1.0,36,278.25722
1.0,51,278.279965
1.0,77,278.314402
1.0,18,278.322464
1.0,36,278.33851
1.0,52,278.36169
1.0,74,278.394925
1.0,20,278.403722
1.0,38,278.42064
1.0,48,278.442071
1.0,77,278.476853
1.0,22,278.486475
1.0,40,278.50429
1.0,52,278.527502
1.0,79,278.56273
1.0,18,278.570738
1.0,43,278.590482
0.0,12,278.595868
0.0,69,278.626887
1.0,22,278.637039
1.0,54,278.661351
1.0,48,278.682688
1.0,71,278.714438
1.0,18,278.722451
1.0,44,278.74231
1.0,47,278.763152
0.0,11,278.768044
1.0,18,278.776095
0.0,32,278.790398
1.0,47,278.811527
1.0,77,278.845892
1.0,22,278.855644
0.0,32,278.869783
1.0,52,278.892864
1.0,74,278.925876
1.0,19,278.934229
1.0,46,278.954627
1.0,46,278.97513
1.0,74,279.008196
1.0,19,279.01663
1.0,38,279.033576
1.0,58,279.059294
1.0,75,279.093675
1.0,18,279.10172
1.0,42,279.120495
1.0,54,279.14479
1.0,78,279.179963
1.0,18,279.188129
1.0,36,279.20433
0.0,44,279.223911
0.0,63,279.252035
1.0,22,279.261723
1.0,42,279.280683
1.0,48,279.302366
1.0,84,279.339825
1.0,20,279.3487
1.0,36,279.364769
0.0,16,279.371885
1.0,67,279.401895
1.0,22,279.411673
1.0,42,279.430428
1.0,53,279.45404
0.0,41,279.472317
1.0,20,279.481211
1.0,40,279.499053
1.0,61,279.526152
0.0,34,279.541346
1.0,18,279.549355
1.0,38,279.56629
1.0,55,279.591229
1.0,80,279.626869
1.0,22,279.636975
1.0,39,279.654662
1.0,53,279.678657
1.0,75,279.712212
1.0,19,279.72065
1.0,38,279.737536
0.0,7,279.740673
1.0,76,279.77462
1.0,23,279.784815
1.0,40,279.802676
1.0,51,279.825341
1.0,74,279.858432
1.0,18,279.866447
1.0,38,279.883401
1.0,53,279.907041
1.0,73,279.939675
1.0,20,279.948611
1.0,45,279.968693
1.0,55,279.993327
1.0,79,280.028575
1.0,18,280.036582
1.0,42,280.055463
0.0,38,280.072779
1.0,73,280.105996
1.0,18,280.113998
1.0,40,280.132143
1.0,57,280.157798
1.0,77,280.192229
1.0,20,280.20114
0.0,19,280.20965
1.0,57,280.235211
0.0,15,280.241857
0.0,3,280.243202
1.0,44,280.262795
1.0,53,280.286711
1.0,72,280.318922
1.0,18,280.327039
1.0,42,280.345737
1.0,63,280.373755
1.0,77,280.408113
1.0,18,280.416124
1.0,47,280.437047
1.0,60,280.463697
1.0,78,280.498484
1.0,20,280.507379
1.0,44,280.527003
1.0,59,280.553122
0.0,56,280.57851
1.0,20,280.587473
1.0,44,280.60728
1.0,62,280.635106
1.0,70,280.666662
1.0,22,280.676433
1.0,42,280.695109
0.0,19,280.703647
1.0,74,280.73678
1.0,18,280.74484
1.0,38,280.76174
1.0,50,280.783993
1.0,79,280.819447
1.0,18,280.827473
1.0,40,280.845248
1.0,50,280.867507
1.0,81,280.904149
1.0,18,280.912159
1.0,40,280.93001
0.0,36,280.945985
0.0,13,280.951768
1.0,18,280.959798
1.0,45,280.979854
0.0,30,280.993161
1.0,77,281.02756
1.0,19,281.035931
1.0,44,281.055511
1.0,54,281.079762
1.0,76,281.113781
1.0,18,281.121812
1.0,38,281.139069
1.0,53,281.162789
1.0,75,281.196298
1.0,20,281.205274
1.0,42,281.223985
1.0,56,281.248964
1.0,76,281.283109
1.0,19,281.291481
1.0,42,281.310273
1.0,53,281.333913
1.0,80,281.369611
1.0,20,281.378525
1.0,39,281.395982
1.0,47,281.416854
1.0,71,281.448583
1.0,20,281.457509
0.0,25,281.468795
1.0,58,281.494901
0.0,27,281.506911
1.0,24,281.517564
1.0,38,281.534517
1.0,58,281.560205
1.0,71,281.592376
1.0,21,281.601621
1.0,36,281.617684
1.0,48,281.639246
1.0,69,281.670323
1.0,22,281.680088
1.0,42,281.698857
1.0,57,281.724216
1.0,75,281.757866
1.0,18,281.765926
1.0,38,281.782832
1.0,61,281.809931
1.0,73,281.842632
1.0,21,281.851872
1.0,48,281.874032
1.0,52,281.897154
1.0,74,281.930301
1.0,20,281.939165
1.0,48,281.960609
1.0,56,281.985509
1.0,75,282.018965
1.0,26,282.030536
1.0,45,282.050651
1.0,58,282.076998
1.0,75,282.110886
1.0,20,282.11976
1.0,43,282.139259
1.0,48,282.161052
1.0,78,282.196098
1.0,20,282.205215
1.0,40,282.223045
1.0,50,282.245191
1.0,75,282.278756
1.0,20,282.287616
1.0,36,282.303812
0.0,26,282.315408
0.0,36,282.331769
1.0,20,282.340663
1.0,40,282.358806
0.0,14,282.365331
1.0,79,282.400792
1.0,22,282.410563
1.0,40,282.428285
1.0,54,282.452341
1.0,71,282.484046
1.0,20,282.492931
1.0,41,282.511299
1.0,48,282.532751
0.0,11,282.537628
1.0,23,282.547809
1.0,38,282.56485
1.0,59,282.591588
1.0,80,282.627216
1.0,27,282.63948
1.0,38,282.656547
1.0,54,282.680918
1.0,73,282.713691
1.0,18,282.721727
1.0,46,282.742207
1.0,49,282.764059
1.0,71,282.795744
1.0,18,282.803743
1.0,40,282.821658
1.0,50,282.843925
1.0,71,282.875622
1.0,18,282.883653
0.0,27,282.895734
1.0,46,282.916881
1.0,73,282.950143
1.0,19,282.958609
1.0,43,282.97772
1.0,54,283.001647
0.0,56,283.026652
1.0,18,283.034669
1.0,38,283.051661
1.0,53,283.07557
0.0,11,283.080553
1.0,18,283.088577
1.0,42,283.107471
1.0,56,283.132582
0.0,23,283.142808
1.0,20,283.151789
1.0,40,283.169681
1.0,56,283.194568
1.0,73,283.227268
1.0,21,283.236844
1.0,48,283.258243
1.0,50,283.280897
1.0,78,283.316043
1.0,18,283.324115
1.0,44,283.34367
1.0,48,283.364959
1.0,71,283.396761
1.0,18,283.404763
1.0,42,283.423474
1.0,53,283.447067
1.0,77,283.481556
1.0,21,283.490856
1.0,38,283.507814
1.0,56,283.532831
1.0,75,283.566342
1.0,20,283.575449
1.0,40,283.593624
1.0,48,283.615001
1.0,77,283.650003
1.0,21,283.659329
1.0,40,283.677092
1.0,52,283.700156
1.0,72,283.732414
1.0,18,283.740429
1.0,38,283.757323
1.0,58,283.783126
1.0,79,283.818322
1.0,18,283.826358
1.0,36,283.842404
1.0,50,283.864604
1.0,71,283.896731
1.0,20,283.905624
1.0,42,283.924335
1.0,53,283.947917
1.0,67,283.977924
1.0,20,283.986776
1.0,42,284.005548
1.0,55,284.029969
0.0,20,284.038911
1.0,23,284.049131
1.0,42,284.068051
1.0,50,284.090762
1.0,69,284.121692
1.0,22,284.131758
1.0,44,284.151573
1.0,50,284.173739
1.0,81,284.209912
1.0,21,284.219282
1.0,40,284.237053
0.0,45,284.25713
1.0,88,284.296924
0.0,5,284.299177
1.0,46,284.319678
1.0,46,284.340217
1.0,77,284.374639
1.0,18,284.382673
1.0,38,284.399632
1.0,54,284.423559
1.0,74,284.456599
1.0,20,284.465473
1.0,44,284.485332
0.0,24,284.496096
1.0,76,284.53006
1.0,18,284.53801
1.0,40,284.555754
1.0,50,284.578475
1.0,83,284.615806
1.0,18,284.623776
1.0,40,284.641788
1.0,52,284.665047
1.0,75,284.698582
1.0,20,284.707563
1.0,44,284.727115
1.0,48,284.748783
1.0,76,284.782733
1.0,27,284.794852
1.0,44,284.814374
0.0,16,284.821548
1.0,80,284.857287
1.0,20,284.866241
1.0,40,284.883958
1.0,46,284.904479
1.0,76,284.93845
1.0,22,284.948218
1.0,44,284.967837
1.0,47,284.988796
1.0,80,285.024582
1.0,18,285.032645
1.0,44,285.052338
1.0,59,285.078806
1.0,71,285.111055
1.0,18,285.119095
0.0,21,285.128563
1.0,60,285.155726
1.0,73,285.188406
1.0,23,285.198592
1.0,41,285.216797
1.0,58,285.242577
0.0,67,285.272404
1.0,20,285.281358
1.0,40,285.299108
1.0,61,285.326254
1.0,87,285.365014
1.0,23,285.375256
1.0,42,285.393938
1.0,64,285.422201
1.0,79,285.45753
1.0,18,285.465564
1.0,40,285.483369
1.0,50,285.505665
1.0,77,285.540012
1.0,18,285.548018
1.0,36,285.564287
1.0,50,285.58688
1.0,71,285.618824
1.0,18,285.626838
1.0,40,285.644953
1.0,49,285.666946
1.0,75,285.700711
1.0,18,285.708718
1.0,38,285.725682
1.0,51,285.748345
0.0,54,285.772475
1.0,20,285.781363
1.0,45,285.801319
1.0,56,285.826235
1.0,79,285.861465
0.0,12,285.866824
1.0,40,285.884953
0.0,31,285.898991
0.0,63,285.92713
0.0,7,285.930264
1.0,44,285.949818
1.0,52,285.972996
1.0,78,286.007832
1.0,24,286.018493
1.0,42,286.037145
0.0,24,286.047807
1.0,69,286.079012
1.0,22,286.088738
0.0,25,286.100147
1.0,52,286.123251
0.0,61,286.151078
1.0,18,286.159107
1.0,42,286.177808
0.0,11,286.182782
1.0,71,286.214608
1.0,22,286.224517
1.0,44,286.244303
1.0,58,286.27011
1.0,77,286.305047
1.0,26,286.316587
1.0,58,286.342497
1.0,46,286.362942
1.0,77,286.397372
1.0,20,286.406323
1.0,46,286.426965
1.0,48,286.448381
1.0,75,286.48181
1.0,19,286.490248
1.0,41,286.508494
1.0,51,286.531138
1.0,78,286.56598
1.0,20,286.574877
1.0,38,286.592421
1.0,50,286.614707
1.0,73,286.647875
1.0,20,286.65673
1.0,36,286.672853
1.0,54,286.696901
1.0,80,286.735978
1.0,18,286.744068
1.0,46,286.764539
1.0,58,286.790344
1.0,73,286.823632
1.0,18,286.83169
1.0,44,286.851334
1.0,57,286.877102
0.0,18,286.885221
1.0,19,286.893584
1.0,38,286.910921
1.0,60,286.937596
1.0,77,286.971864
1.0,18,286.979926
1.0,40,286.997689
1.0,49,287.019549
1.0,71,287.051363
1.0,23,287.061393
1.0,38,287.078656
1.0,54,287.102888
1.0,72,287.135265
1.0,21,287.144551
1.0,40,287.162589
1.0,58,287.188594
1.0,69,287.219638
1.0,22,287.22946
1.0,36,287.245545
1.0,57,287.270831
0.0,38,287.28784
1.0,18,287.295828
1.0,36,287.311929
1.0,48,287.333252
1.0,74,287.366332
1.0,19,287.374784
1.0,54,287.398749
1.0,52,287.421706
1.0,75,287.455233
1.0,22,287.46501
1.0,50,287.487534
1.0,52,287.510895
0.0,49,287.532698
1.0,24,287.543378
1.0,40,287.561177
1.0,55,287.58582
1.0,71,287.617647
0.0,10,287.622115
1.0,41,287.640593
1.0,52,287.663861
0.0,61,287.69103
1.0,18,287.6991
1.0,40,287.7169
1.0,52,287.740358
0.0,7,287.743526
1.0,23,287.753716
1.0,44,287.773252
1.0,48,287.794592
1.0,75,287.828019
1.0,20,287.836941
1.0,40,287.854789
1.0,48,287.876159
1.0,72,287.908281
1.0,18,287.916286
1.0,38,287.933213
1.0,54,287.957207
1.0,71,287.988955
0.0,5,287.991311
1.0,42,288.010121
1.0,48,288.031468
1.0,69,288.06249
1.0,20,288.071533
0.0,11,288.076801
1.0,52,288.100633
1.0,74,288.134057
1.0,18,288.142055
1.0,38,288.159292
1.0,50,288.18146
1.0,77,288.215921
1.0,20,288.224843
0.0,27,288.236896
1.0,53,288.260449
1.0,78,288.295406
1.0,21,288.30485
1.0,42,288.323536
1.0,50,288.345785
0.0,20,288.354678
1.0,20,288.363535
0.0,34,288.378701
1.0,54,288.402682
0.0,54,288.42673
1.0,20,288.43562
1.0,44,288.455215
1.0,50,288.477345
1.0,71,288.509079
1.0,20,288.517977
1.0,38,288.534909
1.0,48,288.55624
1.0,73,288.589941
1.0,22,288.600053
1.0,40,288.617897
1.0,53,288.642196
1.0,78,288.677246
1.0,20,288.686129
1.0,42,288.705198
1.0,55,288.729735
1.0,68,288.760142
1.0,20,288.769014
1.0,46,288.789342
1.0,48,288.810879
1.0,74,288.844006
1.0,21,288.853313
1.0,39,288.870703
0.0,5,288.872935
1.0,78,288.90777
1.0,18,288.915773
0.0,9,288.919804
0.0,35,288.93529
1.0,68,288.965677
1.0,18,288.97372
1.0,40,288.991587
1.0,46,289.012038
1.0,67,289.042054
1.0,22,289.051787
1.0,44,289.071404
1.0,50,289.094107
0.0,17,289.10157
1.0,20,289.110446
0.0,9,289.114471
1.0,50,289.137101
1.0,83,289.174373
1.0,20,289.183237
1.0,47,289.204197
1.0,58,289.230048
1.0,80,289.26613
1.0,23,289.276542
1.0,38,289.293662
1.0,50,289.315936
0.0,38,289.333003
1.0,22,289.342784
1.0,38,289.359765
1.0,52,289.38384
1.0,69,289.415516
1.0,19,289.424
1.0,42,289.4428
1.0,56,289.467694
1.0,80,289.503462
1.0,18,289.511491
1.0,39,289.528763
1.0,47,289.549642
1.0,71,289.581727
1.0,18,289.58982
1.0,40,289.607975
1.0,54,289.632324
1.0,75,289.666102
1.0,21,289.675447
1.0,38,289.69236
1.0,58,289.718128
1.0,75,289.751521
1.0,19,289.759955
1.0,43,289.779081
1.0,61,289.806079
1.0,77,289.840408
1.0,20,289.849323
1.0,40,289.867101
0.0,42,289.885847
1.0,76,289.919714
1.0,18,289.927742
1.0,40,289.945611
0.0,12,289.950973
1.0,73,289.983529
1.0,18,289.991538
1.0,54,290.015572
1.0,49,290.037353
1.0,72,290.069465
1.0,20,290.078784
1.0,44,290.098503
1.0,51,290.121155
1.0,75,290.155073
1.0,21,290.164395
1.0,40,290.182188
1.0,55,290.20741
1.0,77,290.241801
1.0,20,290.250696
1.0,38,290.267655
1.0,53,290.291216
0.0,22,290.300953
1.0,19,290.309472
1.0,40,290.327277
0.0,49,290.34906
1.0,79,290.384304
1.0,21,290.393651
0.0,11,290.398567
1.0,67,290.428153
1.0,73,290.460722
1.0,22,290.470501
0.0,25,290.481675
0.0,49,290.503416
0.0,63,290.53153
1.0,19,290.53998
1.0,38,290.556906
1.0,51,290.579904
1.0,69,290.611246
1.0,19,290.619619
1.0,38,290.636846
1.0,60,290.663776
1.0,76,290.697648
1.0,20,290.706561
1.0,47,290.727479
1.0,48,290.749094
1.0,71,290.780823
1.0,24,290.791463
0.0,30,290.804945
1.0,50,290.827313
1.0,71,290.859124
1.0,18,290.867118
1.0,44,290.886637
1.0,56,290.911486
1.0,72,290.943599
1.0,18,290.951622
1.0,42,290.970291
0.0,11,290.975208
1.0,73,291.007865
1.0,20,291.016726
1.0,36,291.032815
1.0,54,291.056744
1.0,77,291.091435
1.0,20,291.100596
1.0,39,291.118032
1.0,58,291.143991
0.0,11,291.149225
1.0,18,291.157266
1.0,39,291.174649
1.0,56,291.199575
1.0,67,291.22958
1.0,18,291.237589
0.0,9,291.241616
1.0,48,291.26303
0.0,63,291.291568
1.0,18,291.299929
1.0,41,291.318587
1.0,61,291.345737
1.0,73,291.378393
1.0,18,291.386405
1.0,36,291.402534
1.0,50,291.424869
0.0,15,291.431533
1.0,18,291.439604
1.0,44,291.459113
1.0,50,291.481341
0.0,20,291.490219
1.0,18,291.498216
1.0,40,291.516063
1.0,51,291.538696
1.0,71,291.570501
1.0,21,291.58018
0.0,28,291.59291
1.0,51,291.615554
1.0,75,291.649575
1.0,18,291.657576
0.0,35,291.67323
1.0,53,291.69677
1.0,72,291.729283
1.0,20,291.738196
1.0,45,291.758192
0.0,7,291.761339
0.0,59,291.787762
1.0,18,291.795785
1.0,42,291.814464
1.0,49,291.836264
1.0,82,291.872787
1.0,18,291.880801
1.0,42,291.899909
1.0,51,291.922558
0.0,59,291.94902
1.0,20,291.957891
1.0,40,291.975758
1.0,50,291.997992
0.0,15,292.004687
1.0,20,292.01354
1.0,38,292.030549
1.0,56,292.055681
1.0,73,292.088837
1.0,18,292.097137
1.0,45,292.117222
1.0,49,292.139374
1.0,77,292.174211
1.0,20,292.183451
1.0,38,292.200708
1.0,52,292.223969
1.0,82,292.260839
1.0,18,292.268884
0.0,21,292.278334
1.0,52,292.301623
1.0,76,292.335786
1.0,22,292.345616
1.0,38,292.362522
0.0,44,292.382102
0.0,66,292.41159
1.0,22,292.421468
1.0,36,292.437578
1.0,51,292.460334
1.0,68,292.490736
1.0,19,292.499588
1.0,38,292.517244
1.0,52,292.54057
0.0,63,292.569168
1.0,20,292.578738
1.0,40,292.59705
0.0,17,292.604632
1.0,74,292.638161
1.0,18,292.64621
1.0,38,292.663422
1.0,55,292.687897
1.0,77,292.722544
1.0,22,292.73222
1.0,38,292.749174
1.0,51,292.77193
1.0,71,292.803658
1.0,20,292.812546
1.0,38,292.829497
1.0,53,292.853018
1.0,73,292.885717
1.0,24,292.896397
1.0,42,292.915251
1.0,54,292.939214
1.0,76,292.973098
1.0,20,292.98201
0.0,28,292.994461
1.0,54,293.018444
1.0,82,293.055075
1.0,18,293.063129
1.0,44,293.082893
1.0,57,293.109011
1.0,77,293.143725
1.0,20,293.152926
1.0,40,293.170743
0.0,30,293.184118
1.0,75,293.217669
1.0,18,293.225693
1.0,41,293.243973
0.0,21,293.253437
1.0,81,293.289526
1.0,18,293.297598
1.0,38,293.31465
1.0,56,293.339479
0.0,53,293.363093
0.0,14,293.369367
0.0,25,293.380467
0.0,32,293.394686
1.0,81,293.430847
1.0,23,293.44113
1.0,43,293.460263
1.0,55,293.484716
0.0,16,293.491853
1.0,18,293.499866
1.0,38,293.516831
1.0,53,293.540309
1.0,72,293.572622
1.0,18,293.580946
1.0,43,293.600324
1.0,53,293.623958
1.0,75,293.657992
1.0,22,293.667785
1.0,36,293.683861
1.0,48,293.705565
1.0,73,293.738141
1.0,18,293.746348
1.0,44,293.766184
1.0,54,293.790255
1.0,74,293.823427
1.0,20,293.832328
1.0,36,293.848541
0.0,5,293.850781
1.0,73,293.883418
1.0,21,293.892766
1.0,50,293.915054
1.0,61,293.942173
1.0,77,293.976623
0.0,5,293.978861
1.0,46,293.999199
1.0,52,294.022372
1.0,76,294.056418
1.0,23,294.066529
1.0,38,294.083865
0.0,14,294.090121
1.0,69,294.121262
1.0,22,294.13105
0.0,11,294.136269
0.0,12,294.141632
0.0,16,294.148911
1.0,22,294.158912
1.0,47,294.179869
1.0,50,294.202281
1.0,81,294.238432
1.0,18,294.246435
1.0,39,294.263779
0.0,26,294.275883
1.0,73,294.309309
1.0,24,294.319964
1.0,47,294.340861
1.0,49,294.362701
1.0,71,294.394514
1.0,20,294.403391
0.0,13,294.409174
0.0,30,294.422663
1.0,71,294.454443
1.0,22,294.464249
1.0,40,294.482112
0.0,34,294.49703
1.0,70,294.52833
1.0,18,294.536345
1.0,40,294.55419
1.0,51,294.578058
1.0,78,294.613219
0.0,13,294.619001
1.0,38,294.636305
1.0,48,294.657825
1.0,75,294.691327
1.0,22,294.701109
1.0,42,294.719817
1.0,60,294.746465
1.0,71,294.778414
1.0,20,294.7873
1.0,39,294.80471
1.0,61,294.831843
1.0,71,294.863694
1.0,20,294.872574
1.0,42,294.891317
1.0,56,294.916554
0.0,63,294.944715
1.0,20,294.95362
1.0,46,294.973994
1.0,55,294.998427
1.0,71,295.03024
1.0,23,295.040454
1.0,38,295.05738
1.0,51,295.080458
1.0,67,295.11066
0.0,5,295.112891
1.0,36,295.128931
1.0,55,295.153933
1.0,78,295.188796
1.0,21,295.198141
1.0,44,295.217777
1.0,55,295.24232
1.0,72,295.274753
1.0,20,295.283636
1.0,40,295.30151
1.0,51,295.324287
1.0,82,295.36095
1.0,24,295.371617
1.0,40,295.389369
1.0,50,295.41156
0.0,50,295.434586
1.0,18,295.442676
1.0,44,295.462277
1.0,61,295.489439
1.0,76,295.523687
1.0,18,295.531712
1.0,52,295.554778
1.0,53,295.578717
0.0,40,295.596683
1.0,20,295.605593
1.0,42,295.624262
1.0,50,295.646836
1.0,80,295.682823
1.0,18,295.690813
1.0,44,295.710401
1.0,48,295.73162
1.0,79,295.767197
1.0,21,295.776658
1.0,40,295.794879
1.0,57,295.820514
0.0,16,295.82762
1.0,20,295.836481
1.0,36,295.852569
0.0,54,295.876513
1.0,77,295.910825
1.0,20,295.919695
1.0,44,295.939337
1.0,51,295.962003
1.0,73,295.994645
0.0,3,295.995997
1.0,45,296.016015
1.0,65,296.044903
1.0,73,296.078102
1.0,18,296.086132
1.0,36,296.10239
1.0,46,296.123245
1.0,76,296.157571
1.0,18,296.165584
0.0,11,296.17046
1.0,47,296.19135
1.0,71,296.223059
0.0,9,296.22707
1.0,39,296.244455
1.0,48,296.265767
1.0,71,296.297624
1.0,23,296.307888
1.0,46,296.328339
0.0,32,296.342495
1.0,71,296.37422
1.0,20,296.383095
1.0,36,296.39921
1.0,49,296.421133
0.0,64,296.449691
1.0,20,296.45858
1.0,44,296.478216
1.0,50,296.500337
1.0,73,296.532913
1.0,22,296.542747
0.0,28,296.555268
1.0,58,296.5811
1.0,77,296.615843
1.0,23,296.626049
1.0,36,296.642403
1.0,49,296.664508
1.0,70,296.695891
1.0,20,296.704761
1.0,50,296.727226
0.0,3,296.728621
1.0,73,296.761436
1.0,23,296.771601
0.0,28,296.784019
1.0,57,296.809556
1.0,77,296.84413
1.0,18,296.852122
1.0,44,296.871685
1.0,57,296.896949
0.0,40,296.914678
1.0,23,296.924888
1.0,43,296.944006
1.0,55,296.968427
1.0,83,297.005317
1.0,22,297.015069
1.0,38,297.032054
1.0,50,297.054239
0.0,64,297.083095
0.0,7,297.086207
1.0,42,297.1052
0.0,7,297.108357
1.0,75,297.14216
1.0,20,297.151424
0.0,31,297.165244
1.0,56,297.190471
1.0,78,297.225467
1.0,26,297.237
1.0,36,297.253063
0.0,23,297.263309
0.0,36,297.279346
1.0,22,297.289107
1.0,41,297.307803
1.0,52,297.331032
1.0,77,297.365412
1.0,22,297.375267
0.0,28,297.387763
1.0,54,297.411745
1.0,73,297.444363
1.0,22,297.454171
1.0,36,297.47021
1.0,48,297.49151
1.0,69,297.522462
1.0,22,297.53234
1.0,40,297.550183
1.0,52,297.57332
1.0,71,297.605525
1.0,23,297.615716
1.0,36,297.631754
1.0,52,297.65548
1.0,74,297.688518
1.0,18,297.696532
0.0,30,297.709856
1.0,50,297.73208
1.0,73,297.764669
1.0,19,297.773084
1.0,40,297.790949
1.0,54,297.814849
1.0,74,297.847838
1.0,18,297.855839
1.0,40,297.873621
1.0,51,297.89625
0.0,34,297.911777
1.0,20,297.920665
1.0,36,297.936718
1.0,58,297.962601
1.0,79,297.997748
1.0,18,298.005795
1.0,36,298.021889
0.0,34,298.036983
1.0,82,298.073659
1.0,19,298.082403
1.0,42,298.101322
1.0,52,298.124561
1.0,69,298.156073
1.0,22,298.165836
1.0,42,298.184443
1.0,46,298.204881
0.0,34,298.220033
1.0,18,298.228052
0.0,23,298.238305
1.0,62,298.266206
0.0,54,298.290354
1.0,20,298.299295
1.0,40,298.317206
0.0,34,298.332294
0.0,61,298.359637
1.0,20,298.368542
1.0,42,298.387228
1.0,46,298.40769
1.0,75,298.441993
1.0,19,298.45047
1.0,40,298.46835
1.0,53,298.49197
1.0,83,298.529256
1.0,18,298.537964
1.0,49,298.55981
1.0,52,298.583176
1.0,77,298.617653
1.0,19,298.626135
0.0,9,298.63018
1.0,60,298.657447
1.0,77,298.691777
1.0,20,298.700656
1.0,38,298.72091
1.0,60,298.7477
1.0,82,298.784277
0.0,10,298.788746
1.0,40,298.806796
1.0,48,298.828205
1.0,72,298.860329
1.0,18,298.868319
1.0,38,298.885292
1.0,50,298.907476
1.0,79,298.942631
1.0,22,298.952404
0.0,42,298.971067
1.0,54,298.994995
1.0,75,299.028422
1.0,24,299.039079
1.0,50,299.061372
1.0,56,299.086516
1.0,71,299.118951
1.0,22,299.128726
1.0,37,299.145592
1.0,60,299.172482
0.0,25,299.183535
1.0,23,299.193837
1.0,42,299.212552
1.0,48,299.233817
1.0,82,299.270359
1.0,20,299.279483
1.0,40,299.297544
1.0,52,299.32077
1.0,71,299.352526
1.0,22,299.362279
1.0,42,299.380981
1.0,46,299.40137
0.0,13,299.407152
1.0,22,299.416998
1.0,40,299.434736
1.0,46,299.455187
1.0,73,299.487757
1.0,20,299.496608
1.0,39,299.513973
1.0,50,299.536209
1.0,75,299.569649
1.0,18,299.577671
0.0,28,299.590431
1.0,64,299.619093
0.0,65,299.648341
1.0,18,299.656514
1.0,42,299.675162
1.0,55,299.699536
1.0,71,299.732481
1.0,18,299.740542
1.0,40,299.758786
1.0,50,299.780983
1.0,73,299.8136
1.0,23,299.823739
1.0,38,299.840707
1.0,50,299.862988
0.0,55,299.887541
1.0,20,299.896427
1.0,40,299.914312
1.0,53,299.937862
0.0,52,299.961121
1.0,18,299.969118
1.0,48,299.990499
1.0,53,300.013947
1.0,77,300.048356
1.0,22,300.058279
1.0,40,300.076255
1.0,50,300.099092
1.0,70,300.130275
1.0,18,300.138551
1.0,38,300.155777
0.0,30,300.169194
1.0,68,300.199419
1.0,18,300.20745
1.0,40,300.225261
1.0,58,300.251168
1.0,72,300.284391
1.0,18,300.292377
1.0,42,300.311116
1.0,53,300.335035
1.0,74,300.368159
1.0,21,300.37745
1.0,44,300.397002
0.0,41,300.415062
1.0,75,300.44857
1.0,21,300.457796
1.0,43,300.476921
1.0,59,300.503012
1.0,76,300.536916
1.0,24,300.547579
0.0,29,300.56047
1.0,52,300.58447
1.0,69,300.615577
0.0,14,300.621874
1.0,48,300.643464
1.0,53,300.667274
1.0,74,300.700271
1.0,22,300.710033
1.0,36,300.726086
0.0,12,300.731452
1.0,73,300.763987
1.0,18,300.772
1.0,38,300.788914
1.0,57,300.814556
0.0,20,300.823443
1.0,18,300.831587
1.0,41,300.84994
1.0,59,300.876083
1.0,74,300.909061
1.0,18,300.917387
1.0,46,300.937919
1.0,58,300.963765
0.0,61,300.990899
1.0,19,300.999305
1.0,36,301.015337
0.0,7,301.018434
0.0,11,301.023317
1.0,20,301.032168
0.0,7,301.035277
1.0,57,301.060602
1.0,71,301.092656
1.0,22,301.102664
1.0,37,301.11917
1.0,48,301.140637
0.0,40,301.158588
1.0,22,301.168339
1.0,38,301.185207
1.0,48,301.206494
0.0,11,301.211371
1.0,20,301.220136
1.0,40,301.237952
1.0,48,301.259521
1.0,75,301.293074
0.0,7,301.296216
1.0,38,301.313279
1.0,62,301.340882
1.0,72,301.373031
1.0,18,301.381059
1.0,40,301.398755
1.0,52,301.421893
1.0,79,301.457164
1.0,18,301.465166
1.0,43,301.484204
1.0,52,301.50732
0.0,22,301.517371
1.0,21,301.52676
1.0,44,301.546324
1.0,58,301.572109
1.0,77,301.606874
1.0,21,301.616164
1.0,44,301.636108
1.0,50,301.65861
1.0,76,301.692401
1.0,20,301.701292
1.0,44,301.720877
1.0,52,301.743891
0.0,42,301.76261
1.0,23,301.772814
1.0,40,301.790591
1.0,54,301.814561
1.0,80,301.850236
1.0,20,301.859109
1.0,40,301.876918
0.0,37,301.893405
1.0,71,301.925119
1.0,20,301.934011
1.0,42,301.952891
1.0,48,301.974267
1.0,85,302.012095
1.0,18,302.020097
1.0,40,302.037916
1.0,54,302.062171
1.0,73,302.095135
1.0,21,302.10469
0.0,30,302.118302
1.0,47,302.139586
1.0,71,302.171726
0.0,5,302.173975
1.0,40,302.192077
1.0,52,302.215635
1.0,75,302.249156
1.0,20,302.25806
1.0,41,302.276332
1.0,52,302.299382
1.0,75,302.332989
1.0,21,302.342085
0.0,34,302.357244
1.0,54,302.381114
1.0,78,302.415799
1.0,21,302.425115
1.0,40,302.44295
1.0,50,302.465114
1.0,82,302.501636
1.0,20,302.510528
1.0,38,302.527516
1.0,56,302.552549
1.0,75,302.586325
1.0,20,302.595336
1.0,44,302.615041
1.0,52,302.638497
1.0,80,302.674368
1.0,18,302.682384
1.0,38,302.699219
1.0,46,302.719666
0.0,69,302.750341
1.0,20,302.759468
1.0,39,302.776882
1.0,54,302.800824
1.0,75,302.834261
1.0,22,302.844046
1.0,45,302.864177
1.0,54,302.888089
0.0,22,302.897917
1.0,23,302.908108
1.0,49,302.929847
1.0,50,302.952033
1.0,71,302.983877
1.0,20,302.992681
0.0,9,302.996705
1.0,52,303.019864
0.0,69,303.050526
1.0,22,303.060319
1.0,39,303.077614
0.0,12,303.083311
1.0,71,303.115265
1.0,20,303.124139
1.0,42,303.143119
1.0,50,303.165593
1.0,78,303.200357
1.0,23,303.210467
0.0,9,303.214499
0.0,7,303.217627
0.0,25,303.228696
1.0,18,303.236722
1.0,40,303.254538
1.0,54,303.278534
1.0,73,303.311135
1.0,24,303.321717
1.0,38,303.338629
1.0,52,303.361769
1.0,80,303.397345
1.0,21,303.406566
1.0,40,303.42433
0.0,10,303.428798
1.0,73,303.461358
1.0,20,303.470218
1.0,42,303.488743
1.0,50,303.511
1.0,81,303.547065
1.0,22,303.556755
1.0,38,303.573676
1.0,52,303.597167
1.0,75,303.630677
1.0,19,303.639372
1.0,40,303.65747
1.0,54,303.681471
1.0,73,303.714055
1.0,20,303.723025
1.0,39,303.740355
1.0,52,303.763459
1.0,71,303.7951
1.0,23,303.805291
1.0,43,303.824406
1.0,49,303.846179
1.0,75,303.87954
1.0,20,303.88839
1.0,42,303.907069
1.0,50,303.929177
1.0,73,303.961823
1.0,18,303.96982
1.0,42,303.988479
1.0,58,304.014043
1.0,73,304.046655
1.0,18,304.054695
1.0,42,304.073631
0.0,7,304.076825
1.0,72,304.109477
1.0,20,304.118342
0.0,13,304.124147
1.0,50,304.146703
1.0,76,304.180884
1.0,18,304.188866
1.0,38,304.205873
0.0,12,304.211256
1.0,75,304.244706
1.0,22,304.254476
1.0,39,304.27206
1.0,54,304.296712
1.0,84,304.334147
1.0,26,304.34565
1.0,43,304.364862
1.0,55,304.389222
1.0,82,304.425773
1.0,19,304.434166
1.0,40,304.452055
0.0,30,304.465378
1.0,75,304.498692
1.0,20,304.507587
1.0,40,304.525398
0.0,28,304.537791
0.0,11,304.542657
1.0,20,304.551466
1.0,38,304.568522
1.0,50,304.591018
0.0,52,304.614438
1.0,24,304.625101
1.0,38,304.642506
1.0,49,304.664608
0.0,13,304.670427
1.0,18,304.678414
1.0,36,304.694515
1.0,53,304.718363
1.0,70,304.750477
1.0,18,304.758559
1.0,46,304.779048
0.0,32,304.793338
1.0,73,304.82594
1.0,18,304.833942
1.0,38,304.850806
1.0,55,304.875293
1.0,71,304.907035
1.0,21,304.916277
1.0,40,304.934104
1.0,52,304.957232
1.0,83,304.99412
1.0,19,305.00254
1.0,40,305.020603
0.0,28,305.033178
1.0,78,305.067946
1.0,22,305.077698
1.0,40,305.095904
1.0,53,305.119604
1.0,71,305.151997
1.0,22,305.161759
1.0,40,305.179525
1.0,57,305.204857
1.0,71,305.236574
1.0,24,305.247214
1.0,40,305.264932
0.0,9,305.268949
1.0,75,305.302476
1.0,18,305.310577
1.0,44,305.330715
0.0,5,305.332949
0.0,20,305.34185
1.0,21,305.351196
1.0,46,305.371636
1.0,51,305.394315
1.0,70,305.425613
1.0,18,305.433638
1.0,45,305.453686
1.0,59,305.479908
1.0,70,305.511164
1.0,18,305.519157
1.0,36,305.535126
1.0,51,305.557746
0.0,13,305.563509
1.0,19,305.571927
1.0,40,305.590066
1.0,60,305.616904
1.0,71,305.648939
1.0,20,305.658126
1.0,40,305.675977
1.0,40,305.693797
0.0,36,305.709815
1.0,18,305.717774
1.0,42,305.736461
1.0,64,305.76508
1.0,76,305.798942
1.0,18,305.806979
1.0,42,305.825632
0.0,44,305.845241
0.0,40,305.863095
1.0,22,305.872796
1.0,45,305.892833
1.0,56,305.91764
1.0,78,305.952787
1.0,18,305.960812
1.0,44,305.980412
1.0,49,306.00219
1.0,75,306.035641
1.0,22,306.045615
0.0,28,306.058102
1.0,53,306.081979
0.0,35,306.097752
1.0,20,306.106669
1.0,44,306.126089
1.0,54,306.150421
1.0,72,306.182945
1.0,20,306.191802
1.0,36,306.207857
1.0,53,306.231411
1.0,75,306.265067
1.0,18,306.273075
0.0,7,306.276171
1.0,60,306.303017
1.0,75,306.336412
1.0,18,306.344395
1.0,40,306.362235
1.0,59,306.388473
1.0,73,306.421149
1.0,24,306.431794
1.0,46,306.4523
1.0,51,306.47504
1.0,74,306.507979
1.0,21,306.517237
1.0,38,306.534575
0.0,30,306.547922
1.0,72,306.581145
1.0,19,306.589656
1.0,36,306.605994
0.0,9,306.61001
1.0,70,306.64158
1.0,18,306.649636
1.0,38,306.666807
0.0,9,306.670855
1.0,73,306.703354
1.0,20,306.712264
1.0,36,306.728311
1.0,59,306.754628
1.0,77,306.788998
1.0,18,306.797057
0.0,9,306.801074
1.0,49,306.822922
1.0,76,306.856731
1.0,20,306.86563
1.0,44,306.885809
1.0,53,306.909415
0.0,65,306.938382
1.0,24,306.949048
1.0,45,306.96899
1.0,48,306.990312
0.0,34,307.005434
1.0,18,307.013459
0.0,39,307.030957
0.0,14,307.037218
0.0,34,307.052399
1.0,18,307.060392
1.0,40,307.078177
1.0,54,307.102728
1.0,78,307.138106
1.0,21,307.147443
1.0,38,307.164818
1.0,56,307.189864
0.0,54,307.214288
1.0,18,307.222296
1.0,42,307.240933
1.0,51,307.263867
0.0,36,307.28002
1.0,20,307.288866
1.0,38,307.305825
0.0,14,307.312108
1.0,83,307.349236
1.0,23,307.359472
1.0,36,307.375532
1.0,58,307.40128
1.0,75,307.434803
1.0,20,307.443685
1.0,40,307.461507
1.0,53,307.485033
0.0,63,307.513172
1.0,20,307.522054
1.0,47,307.542967
1.0,59,307.56921
1.0,77,307.604199
1.0,18,307.612222
1.0,40,307.630033
1.0,63,307.658585
1.0,73,307.691072
1.0,20,307.699958
1.0,39,307.717319
1.0,57,307.743141
1.0,73,307.775718
1.0,20,307.784575
1.0,37,307.801006
1.0,55,307.825434
1.0,71,307.857144
1.0,20,307.865913
1.0,42,307.884469
1.0,55,307.908861
0.0,9,307.912852
1.0,18,307.920881
1.0,38,307.937666
0.0,13,307.943458
1.0,81,307.979537
1.0,18,307.987549
1.0,38,308.004482
1.0,50,308.02668
1.0,71,308.05855
1.0,19,308.066964
1.0,41,308.085592
1.0,52,308.109221
0.0,54,308.133384
1.0,18,308.141669
1.0,40,308.159627
1.0,58,308.185431
1.0,77,308.219776
1.0,22,308.22954
1.0,42,308.248226
1.0,53,308.271697
1.0,81,308.307837
1.0,20,308.316743
1.0,42,308.335895
1.0,48,308.35724
1.0,82,308.393801
1.0,22,308.403548
1.0,36,308.419651
1.0,49,308.44136
1.0,73,308.47397
1.0,21,308.483282
1.0,38,308.500222
1.0,51,308.522854
0.0,29,308.53568
1.0,18,308.543667
1.0,36,308.559689
1.0,55,308.584382
1.0,75,308.618182
1.0,22,308.627921
1.0,44,308.647699
1.0,56,308.672724
1.0,89,308.712324
1.0,18,308.720305
1.0,38,308.737219
1.0,52,308.76042
0.0,64,308.789213
1.0,18,308.797592
1.0,42,308.816635
1.0,53,308.840194
1.0,81,308.876362
1.0,22,308.886065
1.0,39,308.90342
0.0,26,308.914979
1.0,77,308.949709
1.0,18,308.957757
1.0,44,308.977307
1.0,54,309.001269
0.0,22,309.011028
1.0,22,309.020781
0.0,23,309.031077
1.0,52,309.054173
1.0,77,309.088779
1.0,20,309.097944
1.0,38,309.11506
1.0,48,309.136862
1.0,75,309.170809
1.0,22,309.180616
1.0,39,309.198774
1.0,53,309.222876
1.0,73,309.255587
1.0,18,309.263582
1.0,40,309.281644
1.0,56,309.306751
1.0,80,309.342382
1.0,22,309.352011
0.0,9,309.356073
1.0,54,309.380038
1.0,81,309.415999
1.0,18,309.423987
1.0,36,309.440069
1.0,50,309.462276
1.0,67,309.492196
1.0,18,309.500144
1.0,46,309.520502
1.0,57,309.54617
0.0,22,309.556025
1.0,20,309.564897
1.0,41,309.58341
1.0,58,309.609224
0.0,63,309.637595
1.0,18,309.64556
0.0,9,309.649551
1.0,46,309.670237
1.0,77,309.704531
0.0,5,309.706781
1.0,40,309.724508
1.0,67,309.754167
1.0,79,309.789278
1.0,18,309.797275
1.0,45,309.81727
1.0,48,309.838447
1.0,84,309.87571
1.0,20,309.884582
0.0,30,309.897959
1.0,55,309.922366
0.0,11,309.927251
1.0,18,309.935255
1.0,41,309.953403
1.0,52,309.976485
0.0,11,309.981366
1.0,18,309.989337
1.0,45,310.009346
1.0,57,310.034618
1.0,72,310.066821
1.0,22,310.076648
0.0,11,310.081954
1.0,49,310.103897
0.0,13,310.109666
1.0,20,310.118567
1.0,44,310.138797
1.0,55,310.163589
1.0,92,310.204378
1.0,22,310.214117
1.0,37,310.230639
1.0,48,310.251991
1.0,90,310.292201
1.0,18,310.300215
1.0,36,310.316335
1.0,48,310.337672
1.0,83,310.374658
1.0,20,310.383573
1.0,42,310.402201
0.0,30,310.415551
1.0,75,310.448973
1.0,20,310.457912
1.0,37,310.474345
1.0,52,310.497396
1.0,76,310.531234
1.0,20,310.540111
1.0,38,310.55709
0.0,32,310.571332
1.0,77,310.606112
1.0,20,310.614984
1.0,38,310.63183
1.0,52,310.65552
1.0,72,310.687643
1.0,18,310.69563
1.0,46,310.719115
1.0,59,310.745851
1.0,71,310.777894
1.0,20,310.786806
1.0,42,310.80561
1.0,54,310.829649
1.0,77,310.863959
1.0,18,310.871986
1.0,38,310.888903
1.0,49,310.910743
1.0,73,310.943187
1.0,18,310.951184
1.0,40,310.968957
1.0,53,310.992503
1.0,74,311.025445
1.0,22,311.035299
1.0,42,311.053888
1.0,57,311.07925
1.0,77,311.114056
1.0,18,311.122027
1.0,38,311.139279
1.0,53,311.163316
1.0,71,311.194915
1.0,18,311.202955
1.0,40,311.220693
1.0,51,311.243366
0.0,70,311.274587
0.0,14,311.280924
1.0,36,311.296988
0.0,34,311.31214
1.0,71,311.344319
1.0,19,311.35267
1.0,42,311.371394
1.0,52,311.394432
1.0,69,311.425213
1.0,18,311.433206
1.0,38,311.450139
1.0,55,311.474652
1.0,73,311.507194
0.0,7,311.51035
1.0,44,311.529862
1.0,57,311.555116
1.0,81,311.591413
1.0,18,311.599623
1.0,36,311.615666
1.0,48,311.637241
1.0,71,311.669271
1.0,22,311.67903
1.0,44,311.698617
1.0,56,311.723389
1.0,76,311.757191
1.0,21,311.766607
1.0,42,311.785309
1.0,48,311.806571
1.0,77,311.840836
0.0,12,311.846199
1.0,43,311.865424
0.0,12,311.870758
1.0,81,311.906705
1.0,18,311.914667
1.0,44,311.934639
1.0,52,311.957749
0.0,11,311.962664
1.0,21,311.972003
0.0,21,311.98131
1.0,57,312.006591
1.0,80,312.042163
1.0,18,312.05027
1.0,40,312.068309
1.0,53,312.092268
1.0,73,312.125065
1.0,25,312.136095
1.0,42,312.155418
1.0,53,312.179021
1.0,67,312.209738
0.0,5,312.211989
1.0,42,312.230645
1.0,59,312.256779
1.0,81,312.292846
1.0,18,312.300822
1.0,38,312.317971
1.0,56,312.342872
1.0,81,312.378934
1.0,18,312.386911
1.0,40,312.404693
0.0,43,312.423829
0.0,42,312.442533
1.0,20,312.451393
1.0,49,312.473167
0.0,40,312.490944
0.0,34,312.5061
1.0,20,312.515005
1.0,40,312.533262
1.0,52,312.556489
1.0,75,312.590417
1.0,18,312.598561
1.0,36,312.614676
1.0,56,312.639759
1.0,68,312.670404
1.0,20,312.679297
0.0,9,312.683339
0.0,38,312.700218
1.0,75,312.733687
1.0,20,312.742565
1.0,48,312.763963
1.0,50,312.786123
0.0,7,312.789234
1.0,18,312.797371
1.0,41,312.815609
1.0,53,312.839156
1.0,67,312.869117
1.0,20,312.878023
1.0,38,312.894915
1.0,51,312.917554
1.0,75,312.951047
1.0,22,312.960809
1.0,40,312.978594
0.0,26,312.990156
1.0,79,313.025301
1.0,20,313.03419
1.0,38,313.051113
1.0,48,313.072413
0.0,55,313.097267
1.0,23,313.107871
1.0,38,313.124722
1.0,52,313.148535
1.0,80,313.184514
1.0,18,313.192506
1.0,42,313.211145
0.0,7,313.214266
0.0,70,313.24541
1.0,20,313.254342
1.0,38,313.271435
1.0,52,313.294586
1.0,73,313.327126
1.0,20,313.335992
1.0,49,313.357694
1.0,57,313.383098
1.0,73,313.415642
1.0,18,313.423613
1.0,42,313.442299
1.0,57,313.467599
1.0,83,313.504481
1.0,22,313.51425
1.0,47,313.535111
1.0,52,313.558258
0.0,24,313.568917
1.0,18,313.576916
1.0,40,313.594942
1.0,59,313.621119
0.0,13,313.626937
1.0,23,313.637285
1.0,47,313.659037
1.0,53,313.683458
1.0,70,313.71499
1.0,18,313.722973
1.0,50,313.745649
1.0,49,313.767514
0.0,32,313.781826
1.0,21,313.791088
0.0,7,313.794184
1.0,58,313.819908
1.0,78,313.8546
1.0,22,313.864436
0.0,9,313.868464
1.0,51,313.891158
1.0,72,313.92324
1.0,24,313.933891
1.0,40,313.951643
1.0,49,313.973404
1.0,68,314.00377
1.0,18,314.011784
1.0,36,314.02782
1.0,59,314.054079
1.0,71,314.085937
1.0,26,314.09746
1.0,42,314.116398
1.0,57,314.141932
1.0,84,314.179562
1.0,20,314.188435
1.0,36,314.204661
1.0,57,314.229893
1.0,81,314.266088
1.0,23,314.276294
1.0,40,314.294674
1.0,59,314.320992
0.0,13,314.326864
0.0,7,314.329992
1.0,42,314.348995
1.0,53,314.372591
0.0,51,314.395492
0.0,7,314.398651
1.0,40,314.416491
1.0,53,314.44012
1.0,73,314.472836
0.0,9,314.476839
1.0,42,314.495575
1.0,55,314.519993
1.0,71,314.551706
1.0,20,314.560651
1.0,46,314.581155
1.0,53,314.605062
1.0,73,314.638091
1.0,20,314.647038
1.0,42,314.665991
1.0,55,314.690457
1.0,87,314.729123
0.0,3,314.730477
1.0,40,314.748237
1.0,56,314.773316
0.0,13,314.779121
1.0,18,314.787076
1.0,39,314.804406
1.0,59,314.830595
1.0,75,314.864151
1.0,18,314.872177
1.0,40,314.890021
1.0,51,314.912741
1.0,69,314.943948
1.0,19,314.952357
1.0,42,314.971121
1.0,57,314.996467
1.0,77,315.030889
1.0,18,315.038933
0.0,21,315.048293
1.0,57,315.073641
1.0,72,315.106329
1.0,18,315.114327
1.0,38,315.131226
1.0,38,315.148264
1.0,74,315.181589
1.0,20,315.190471
1.0,42,315.209783
1.0,52,315.232862
1.0,74,315.265768
0.0,3,315.267121
1.0,43,315.286218
1.0,58,315.311987
1.0,67,315.342031
1.0,20,315.350916
1.0,43,315.370002
1.0,49,315.391729
0.0,59,315.417879
1.0,20,315.426734
1.0,38,315.443696
1.0,61,315.470672
1.0,76,315.504492
1.0,20,315.513364
1.0,44,315.532851
1.0,59,315.559515
1.0,73,315.592484
1.0,20,315.601565
1.0,39,315.618956
0.0,11,315.623861
1.0,77,315.658664
1.0,23,315.668766
1.0,44,315.688255
1.0,56,315.713169
1.0,87,315.751855
1.0,24,315.762423
1.0,43,315.781534
1.0,56,315.806288
1.0,79,315.841521
1.0,23,315.851629
1.0,40,315.869458
1.0,48,315.890801
1.0,71,315.92255
1.0,20,315.931462
1.0,38,315.948485
1.0,57,315.973858
1.0,81,316.00992
1.0,22,316.019684
1.0,38,316.036667
1.0,54,316.060792
1.0,76,316.095104
1.0,22,316.105127
1.0,44,316.124697
1.0,50,316.147187
0.0,32,316.16184
1.0,20,316.170717
1.0,38,316.187594
1.0,57,316.212825
1.0,71,316.244588
1.0,18,316.252605
1.0,48,316.274243
0.0,5,316.276552
1.0,77,316.311092
1.0,20,316.319982
1.0,40,316.337808
1.0,50,316.360025
1.0,78,316.394869
1.0,20,316.403765
1.0,42,316.422539
1.0,54,316.446534
0.0,38,316.463467
1.0,20,316.472389
1.0,36,316.488432
0.0,14,316.494672
0.0,42,316.513408
1.0,22,316.52318
1.0,40,316.541073
1.0,51,316.563761
1.0,73,316.596704
1.0,22,316.606674
1.0,44,316.626263
1.0,48,316.647983
1.0,75,316.6818
1.0,20,316.690739
1.0,38,316.707672
1.0,55,316.732131
1.0,71,316.763912
1.0,18,316.771942
1.0,38,316.788858
1.0,54,316.812983
1.0,73,316.845573
1.0,22,316.855259
1.0,42,316.873949
0.0,5,316.876187
0.0,7,316.879336
1.0,20,316.888246
1.0,46,316.908571
1.0,48,316.929838
1.0,85,316.967625
1.0,18,316.975632
1.0,42,316.994326
1.0,50,317.016546
0.0,7,317.01966
1.0,20,317.028537
1.0,38,317.045585
1.0,62,317.073206
1.0,81,317.109947
1.0,20,317.118821
1.0,42,317.137514
1.0,50,317.160153
1.0,82,317.196923
1.0,22,317.206579
1.0,44,317.226435
1.0,54,317.250338
1.0,78,317.285086
1.0,24,317.295788
1.0,40,317.313736
1.0,54,317.337763
1.0,79,317.372889
1.0,18,317.380901
1.0,36,317.396909
1.0,58,317.422775
1.0,78,317.457582
1.0,20,317.46647
1.0,48,317.487815
0.0,9,317.491827
0.0,60,317.518571
1.0,23,317.528678
1.0,40,317.546477
1.0,49,317.568353
1.0,76,317.602775
1.0,20,317.611616
1.0,40,317.629406
1.0,58,317.655635
1.0,71,317.687295
1.0,20,317.696164
1.0,38,317.713093
1.0,49,317.734856
1.0,75,317.768331
1.0,20,317.777406
1.0,50,317.799709
1.0,62,317.827238
1.0,77,317.861622
1.0,18,317.869721
1.0,38,317.886597
1.0,46,317.90714
1.0,73,317.939731
1.0,20,317.94862
1.0,36,317.96466
0.0,26,317.976287
0.0,62,318.003952
1.0,20,318.012866
1.0,45,318.032845
1.0,52,318.056017
1.0,83,318.09344
1.0,20,318.102529
1.0,36,318.118848
1.0,50,318.141882
0.0,50,318.165164
1.0,18,318.173186
1.0,46,318.193669
1.0,57,318.218961
0.0,7,318.222074
1.0,19,318.230487
1.0,39,318.247858
1.0,48,318.269217
1.0,77,318.303678
1.0,20,318.312579
1.0,38,318.329688
1.0,46,318.350151
1.0,79,318.385319
1.0,20,318.394231
1.0,43,318.413349
1.0,50,318.43559
1.0,83,318.472626
1.0,18,318.480646
1.0,42,318.499324
1.0,51,318.521906
1.0,77,318.55625
1.0,20,318.565125
0.0,9,318.569156
1.0,48,318.590897
1.0,74,318.624214
1.0,23,318.634349
1.0,41,318.652976
1.0,55,318.677746
1.0,75,318.71123
1.0,18,318.719218
1.0,42,318.738362
0.0,44,318.757944
1.0,84,318.795331
1.0,18,318.803447
1.0,43,318.822644
1.0,58,318.848389
1.0,85,318.886266
1.0,26,318.897794
1.0,38,318.914787
1.0,51,318.937448
1.0,71,318.969122
1.0,24,318.979713
0.0,11,318.984585
1.0,48,319.005943
1.0,75,319.039412
0.0,12,319.044783
1.0,39,319.062122
1.0,50,319.084649
1.0,71,319.116684
1.0,21,319.125876
1.0,46,319.146641
1.0,53,319.170393
1.0,78,319.205261
0.0,10,319.20977
1.0,36,319.225888
1.0,55,319.250263
0.0,16,319.257369
1.0,21,319.266722
1.0,41,319.285449
1.0,52,319.308881
1.0,81,319.345435
1.0,22,319.355377
0.0,26,319.367012
1.0,56,319.391931
1.0,75,319.425546
1.0,23,319.435729
1.0,36,319.451825
0.0,5,319.454051
0.0,47,319.474993
1.0,18,319.482993
1.0,43,319.502115
1.0,54,319.526048
1.0,75,319.559424
1.0,20,319.568398
1.0,46,319.589238
0.0,26,319.601083
1.0,69,319.631941
1.0,18,319.640279
0.0,27,319.652249
1.0,55,319.676883
1.0,75,319.710218
1.0,23,319.720364
1.0,42,319.738991
1.0,46,319.75948
1.0,75,319.7931
1.0,18,319.801111
1.0,42,319.819687
1.0,51,319.842369
1.0,76,319.87623
1.0,21,319.885534
1.0,40,319.903342
1.0,50,319.925543
1.0,77,319.960414
1.0,21,319.96976
1.0,45,319.989854
1.0,50,320.012076
1.0,72,320.044167
1.0,18,320.052245
1.0,38,320.069432
1.0,59,320.096036
1.0,75,320.129725
1.0,22,320.139759
1.0,38,320.156916
0.0,5,320.159173
0.0,63,320.187337
1.0,20,320.196203
1.0,41,320.214471
1.0,48,320.235789
1.0,71,320.267507
1.0,18,320.275503
1.0,40,320.293262
0.0,46,320.313704
1.0,81,320.34985
1.0,20,320.358846
1.0,40,320.376624
1.0,54,320.400655
1.0,78,320.435496
1.0,18,320.443528
1.0,40,320.4613
1.0,54,320.485434
1.0,70,320.516796
1.0,22,320.526547
1.0,42,320.545616
1.0,50,320.567834
1.0,75,320.601947
1.0,18,320.610039
1.0,42,320.628772
1.0,46,320.649586
1.0,73,320.682561
1.0,18,320.690545
1.0,44,320.710187
0.0,7,320.713325
1.0,78,320.748173
1.0,20,320.75704
1.0,40,320.775093
1.0,54,320.799245
1.0,74,320.832374
1.0,22,320.842088
1.0,43,320.861264
0.0,40,320.879086
1.0,71,320.910784
1.0,18,320.918753
0.0,11,320.92369
0.0,32,320.937891
0.0,32,320.952153
1.0,20,320.961108
1.0,44,320.98061
1.0,50,321.002888
1.0,69,321.033659
1.0,20,321.042602
1.0,44,321.062127
1.0,51,321.085144
1.0,85,321.123127
1.0,19,321.131558
1.0,45,321.152413
1.0,50,321.174969
1.0,77,321.20946
1.0,22,321.219218
1.0,41,321.237549
1.0,56,321.262525
1.0,82,321.299279
0.0,14,321.305711
1.0,42,321.324243
1.0,51,321.346826
0.0,46,321.367295
1.0,18,321.375277
1.0,40,321.393055
1.0,50,321.415321
0.0,54,321.439402
1.0,27,321.451396
1.0,42,321.470127
1.0,46,321.490672
1.0,69,321.521501
1.0,24,321.532225
1.0,40,321.549959
1.0,48,321.571408
0.0,52,321.59486
1.0,18,321.603193
1.0,40,321.620977
1.0,52,321.644257
1.0,76,321.678571
1.0,22,321.688318
0.0,11,321.693232
1.0,50,321.715504
1.0,68,321.74633
1.0,20,321.755305
1.0,36,321.771375
1.0,53,321.794967
1.0,76,321.828775
1.0,22,321.838636
1.0,42,321.85727
1.0,55,321.881669
0.0,25,321.892749
1.0,22,321.902497
1.0,42,321.921306
1.0,50,321.943592
1.0,77,321.977875
1.0,18,321.985968
1.0,40,322.003719
1.0,53,322.027406
1.0,75,322.061191
1.0,22,322.070998
1.0,38,322.088212
1.0,52,322.111535
1.0,73,322.144444
1.0,18,322.152437
1.0,41,322.171018
1.0,50,322.19349
1.0,74,322.226694
1.0,22,322.236501
1.0,44,322.256145
1.0,54,322.280338
1.0,71,322.3122
1.0,22,322.322029
0.0,31,322.335984
1.0,56,322.361454
1.0,67,322.39137
1.0,19,322.399779
1.0,40,322.417532
0.0,47,322.438466
1.0,71,322.470143
1.0,22,322.480005
0.0,9,322.48399
1.0,50,322.506193
1.0,74,322.539242
1.0,18,322.547243
1.0,56,322.572338
1.0,56,322.597809
1.0,77,322.63316
1.0,22,322.643566
1.0,42,322.662927
1.0,52,322.686025
1.0,77,322.720415
1.0,19,322.728754
0.0,19,322.737306
1.0,46,322.757764
1.0,77,322.7921
1.0,19,322.800528
1.0,48,322.822107
1.0,53,322.845722
0.0,20,322.854759
0.0,3,322.856093
1.0,36,322.87213
1.0,53,322.895818
0.0,64,322.924271
1.0,18,322.93238
1.0,39,322.950187
1.0,53,322.973791
1.0,77,323.008203
1.0,20,323.017078
1.0,36,323.033133
1.0,46,323.053702
1.0,69,323.084853
1.0,22,323.094633
1.0,45,323.114881
1.0,54,323.138977
1.0,71,323.171494
0.0,7,323.174672
1.0,42,323.193373
1.0,52,323.216462
1.0,70,323.247778
1.0,18,323.255792
1.0,46,323.276239
0.0,43,323.295281
1.0,77,323.329723
0.0,7,323.332846
1.0,48,323.354294
1.0,54,323.378238
1.0,77,323.412633
1.0,22,323.422471
1.0,40,323.440274
1.0,50,323.462564
1.0,71,323.494315
1.0,19,323.502714
1.0,39,323.51998
1.0,54,323.545095
1.0,69,323.57608
1.0,20,323.585251
1.0,48,323.606843
1.0,54,323.630922
1.0,76,323.665412
1.0,18,323.673422
1.0,43,323.692655
1.0,51,323.715297
1.0,73,323.747937
1.0,20,323.756769
1.0,38,323.773783
1.0,50,323.796269
1.0,76,323.830079
1.0,22,323.839959
1.0,38,323.856892
1.0,48,323.878326
1.0,75,323.911833
1.0,18,323.919808
1.0,40,323.937545
1.0,54,323.961655
0.0,24,323.97228
1.0,18,323.980269
1.0,44,323.999963
1.0,52,324.022937
1.0,82,324.059561
1.0,18,324.067688
1.0,42,324.086755
1.0,54,324.111
1.0,71,324.143309
1.0,22,324.15308
0.0,15,324.159988
1.0,49,324.181835
0.0,15,324.188449
1.0,18,324.196548
1.0,44,324.216063
1.0,54,324.239968
1.0,73,324.272536
1.0,23,324.282908
1.0,38,324.300208
1.0,53,324.323829
0.0,60,324.350719
1.0,20,324.359587
1.0,45,324.379637
1.0,49,324.401448
0.0,22,324.411227
1.0,18,324.419278
1.0,39,324.436584
1.0,58,324.462371
0.0,16,324.469514
1.0,18,324.477624
1.0,40,324.495353
1.0,54,324.519403
1.0,77,324.553713
1.0,28,324.566151
1.0,38,324.583161
1.0,54,324.607661
1.0,72,324.640275
1.0,19,324.648716
1.0,38,324.666044
1.0,53,324.689437
1.0,81,324.725609
1.0,19,324.733957
1.0,40,324.752068
1.0,58,324.7777
1.0,81,324.813765
1.0,18,324.821868
1.0,46,324.842336
1.0,52,324.86546
1.0,67,324.895468
1.0,18,324.903497
1.0,39,324.920794
1.0,49,324.942645
1.0,76,324.976598
1.0,20,324.985465
1.0,42,325.004091
1.0,48,325.025527
1.0,69,325.057009
1.0,22,325.066763
1.0,44,325.086776
1.0,50,325.10932
1.0,84,325.147181
1.0,18,325.155188
1.0,40,325.173354
1.0,52,325.196639
1.0,76,325.230428
1.0,23,325.240712
1.0,38,325.257619
1.0,55,325.282368
1.0,81,325.318702
1.0,28,325.331139
1.0,45,325.35166
1.0,48,325.373104
0.0,61,325.400361
1.0,18,325.408354
1.0,40,325.426227
1.0,46,325.446648
0.0,13,325.452393
0.0,5,325.454643
1.0,36,325.470726
1.0,54,325.494721
1.0,74,325.527732
1.0,18,325.53583
1.0,36,325.551868
1.0,49,325.573799
1.0,78,325.609077
1.0,20,325.618354
1.0,40,325.636412
1.0,50,325.659345
1.0,75,325.692753
1.0,20,325.701638
1.0,40,325.719236
1.0,57,325.744284
1.0,75,325.777757
1.0,22,325.787491
1.0,39,325.804853
1.0,46,325.825328
1.0,75,325.858867
1.0,20,325.86774
1.0,38,325.884753
1.0,46,325.905161
1.0,69,325.936119
1.0,18,325.94439
1.0,40,325.962351
0.0,5,325.964596
0.0,64,325.993153
1.0,20,326.002032
0.0,27,326.014085
1.0,51,326.036833
1.0,72,326.068974
1.0,18,326.077056
1.0,38,326.094197
1.0,54,326.118404
1.0,75,326.151994
1.0,20,326.161159
1.0,38,326.178022
1.0,57,326.203394
1.0,73,326.235988
1.0,26,326.247497
1.0,38,326.264439
0.0,10,326.268908
0.0,22,326.278694
1.0,22,326.288373
1.0,46,326.308909
1.0,50,326.331105
0.0,65,326.360016
1.0,19,326.368598
1.0,38,326.385549
1.0,59,326.411792
1.0,75,326.445431
1.0,19,326.453859
1.0,42,326.472573
1.0,57,326.497942
1.0,75,326.531585
1.0,18,326.539601
0.0,28,326.552547
1.0,50,326.57486
1.0,76,326.609533
1.0,20,326.618495
1.0,43,326.63772
1.0,52,326.66145
1.0,74,326.694426
1.0,20,326.703346
1.0,43,326.72233
1.0,61,326.749394
1.0,73,326.781997
1.0,18,326.790254
1.0,42,326.808961
1.0,50,326.831209
1.0,77,326.865573
1.0,23,326.87582
1.0,42,326.894496
0.0,11,326.899438
0.0,16,326.906569
1.0,18,326.914609
1.0,38,326.931484
1.0,63,326.959491
1.0,73,326.992136
1.0,20,327.000993
1.0,44,327.020562
1.0,50,327.042811
1.0,79,327.078686
1.0,21,327.08833
1.0,38,327.106057
1.0,51,327.128858
1.0,84,327.167438
1.0,20,327.176288
1.0,44,327.196363
1.0,55,327.221133
1.0,71,327.252932
1.0,20,327.26181
1.0,40,327.27967
1.0,55,327.304142
1.0,78,327.338904
1.0,20,327.347799
1.0,37,327.364288
1.0,52,327.387374
0.0,42,327.406062
1.0,24,327.416667
1.0,36,327.432764
1.0,58,327.458336
1.0,75,327.491821
1.0,18,327.499813
1.0,38,327.51677
1.0,50,327.538959
0.0,17,327.546621
1.0,22,327.556314
1.0,38,327.573166
1.0,63,327.601385
1.0,76,327.635557
1.0,18,327.643899
1.0,36,327.660353
1.0,48,327.681631
1.0,75,327.715099
1.0,24,327.72568
1.0,46,327.746344
1.0,52,327.769547
1.0,75,327.802842
1.0,18,327.810838
1.0,44,327.830329
1.0,50,327.852492
1.0,79,327.887794
1.0,20,327.896651
1.0,39,327.91396
1.0,54,327.937999
1.0,75,327.971283
1.0,24,327.981861
1.0,43,328.001039
1.0,46,328.021388
1.0,75,328.054916
1.0,18,328.062999
1.0,40,328.081006
1.0,46,328.101704
1.0,88,328.141447
1.0,22,328.151279
1.0,42,328.170387
1.0,50,328.192715
1.0,73,328.225298
1.0,20,328.234175
0.0,30,328.247513
1.0,52,328.270666
1.0,78,328.305768
1.0,22,328.315434
0.0,31,328.329203
0.0,28,328.341698
1.0,69,328.372949
1.0,22,328.382722
0.0,11,328.387594
1.0,52,328.41071
0.0,59,328.436961
1.0,20,328.445747
1.0,38,328.462747
0.0,5,328.464978
1.0,79,328.500203
0.0,7,328.503335
1.0,42,328.522
1.0,52,328.545218
0.0,15,328.55189
1.0,20,328.560884
1.0,42,328.579639
1.0,53,328.603901
1.0,81,328.64005
1.0,22,328.650153
1.0,43,328.669483
1.0,57,328.694803
1.0,71,328.726503
1.0,22,328.736219
1.0,42,328.755026
0.0,25,328.766159
0.0,50,328.78849
1.0,18,328.796522
1.0,39,328.813902
1.0,48,328.835387
1.0,77,328.869772
1.0,21,328.879124
1.0,38,328.896056
1.0,56,328.920986
1.0,73,328.953982
1.0,22,328.963764
0.0,11,328.968679
1.0,50,328.991264
1.0,81,329.027659
1.0,18,329.035661
1.0,42,329.054508
0.0,39,329.071837
1.0,74,329.105608
1.0,18,329.113611
1.0,42,329.13255
1.0,48,329.154495
1.0,74,329.188039
1.0,18,329.196135
1.0,42,329.215113
1.0,52,329.238469
1.0,71,329.27041
0.0,12,329.275775
1.0,40,329.294078
1.0,58,329.320519
1.0,86,329.359089
1.0,20,329.367979
1.0,36,329.383952
1.0,48,329.40556
1.0,71,329.437456
1.0,18,329.445458
1.0,44,329.465273
1.0,52,329.488689
1.0,77,329.523269
1.0,23,329.533487
1.0,46,329.554255
1.0,50,329.576707
1.0,77,329.611845
1.0,20,329.620815
1.0,46,329.641843
1.0,52,329.665514
1.0,69,329.696585
0.0,5,329.698833
1.0,44,329.718555
1.0,53,329.742453
1.0,71,329.774432
1.0,21,329.78373
1.0,38,329.800911
1.0,52,329.824286
1.0,79,329.859781
1.0,21,329.869033
1.0,42,329.888016
1.0,54,329.912169
1.0,74,329.94542
1.0,20,329.954295
1.0,42,329.973159
1.0,48,329.994726
1.0,75,330.028391
1.0,22,330.038227
0.0,14,330.044463
0.0,38,330.061517
1.0,75,330.095434
1.0,20,330.104531
0.0,11,330.109401
1.0,51,330.132341
1.0,79,330.168551
1.0,18,330.176548
1.0,42,330.195466
1.0,50,330.217913
0.0,47,330.239143
1.0,18,330.247139
1.0,44,330.266978
1.0,50,330.289346
1.0,69,330.320441
1.0,18,330.32845
0.0,11,330.333327
1.0,55,330.357951
1.0,70,330.389582
1.0,20,330.398458
1.0,50,330.42095
1.0,52,330.444239
1.0,77,330.478862
0.0,11,330.483957
1.0,40,330.502554
1.0,50,330.525324
1.0,73,330.558172
1.0,22,330.568315
0.0,12,330.573935
1.0,53,330.598249
0.0,30,330.612124
1.0,18,330.62037
1.0,38,330.637935
0.0,10,330.642986
0.0,63,330.67165
1.0,21,330.68103
1.0,48,330.702341
1.0,50,330.724525
1.0,73,330.75714
1.0,20,330.766031
1.0,40,330.783823
1.0,56,330.808795
0.0,59,330.835209
1.0,19,330.843664
1.0,47,330.864519
1.0,56,330.889463
1.0,75,330.922957
1.0,20,330.93185
1.0,40,330.949665
1.0,54,330.97361
1.0,74,331.006651
1.0,18,331.014632
1.0,42,331.033325
0.0,12,331.038667
0.0,57,331.064152
1.0,18,331.072126
1.0,38,331.089231
1.0,51,331.112154
1.0,79,331.147774
1.0,20,331.156622
1.0,38,331.173865
1.0,53,331.197371
1.0,67,331.227464
1.0,20,331.236351
1.0,47,331.257188
1.0,59,331.283585
1.0,74,331.316864
1.0,22,331.326645
1.0,42,331.345351
1.0,53,331.368929
1.0,77,331.403272
1.0,22,331.413046
1.0,36,331.429065
1.0,53,331.452627
1.0,81,331.488772
1.0,22,331.498516
1.0,36,331.514678
1.0,49,331.536459
1.0,69,331.568042
1.0,20,331.577038
1.0,46,331.59817
1.0,54,331.622627
1.0,73,331.655627
1.0,18,331.663974
1.0,40,331.681718
0.0,23,331.692025
0.0,26,331.703652
1.0,22,331.713406
1.0,36,331.729435
1.0,52,331.752606
1.0,72,331.784732
1.0,20,331.793622
1.0,42,331.812375
0.0,3,331.813721
0.0,7,331.81683
1.0,19,331.825245
0.0,9,331.82928
1.0,60,331.855875
1.0,75,331.890056
1.0,18,331.89809
1.0,40,331.915845
1.0,65,331.94477
1.0,81,331.980734
1.0,18,331.988722
1.0,36,332.004794
1.0,57,332.030053
0.0,33,332.044812
1.0,20,332.053786
1.0,43,332.073074
1.0,55,332.097855
1.0,77,332.132454
1.0,23,332.143029
1.0,41,332.161488
1.0,58,332.187601
0.0,14,332.194203
1.0,18,332.202178
1.0,46,332.222959
1.0,51,332.245735
1.0,77,332.280154
1.0,22,332.289929
1.0,40,332.307819
1.0,54,332.331765
0.0,54,332.355971
1.0,18,332.36399
1.0,40,332.381922
1.0,59,332.40819
1.0,76,332.442176
1.0,18,332.450187
1.0,38,332.467232
1.0,61,332.49449
0.0,68,332.524787
1.0,24,332.535313
1.0,38,332.552215
0.0,13,332.558076
1.0,75,332.59198
1.0,18,332.600003
1.0,44,332.619853
1.0,58,332.645865
1.0,73,332.678645
1.0,30,332.691934
1.0,38,332.708856
1.0,52,332.732049
1.0,71,332.763804
1.0,20,332.773104
1.0,49,332.795348
1.0,60,332.821857
0.0,22,332.831751
0.0,5,332.833979
1.0,40,332.851775
1.0,50,332.874009
0.0,67,332.903979
1.0,24,332.914694
1.0,42,332.933293
1.0,48,332.954741
1.0,83,332.991651
1.0,21,333.000947
1.0,40,333.018758
1.0,60,333.045414
1.0,73,333.07798
0.0,5,333.080258
1.0,41,333.098919
0.0,28,333.111652
1.0,75,333.145466
1.0,18,333.153485
1.0,44,333.173558
1.0,52,333.196624
1.0,79,333.231838
1.0,18,333.239836
1.0,38,333.256825
1.0,54,333.280777
1.0,77,333.315265
1.0,24,333.325981
1.0,40,333.343703
1.0,50,333.366145
1.0,69,333.397269
1.0,18,333.405393
1.0,36,333.421455
1.0,56,333.446424
1.0,71,333.478231
1.0,18,333.48623
0.0,23,333.496488
1.0,60,333.523109
1.0,77,333.557539
1.0,18,333.565606
1.0,38,333.582545
1.0,50,333.605229
1.0,73,333.637783
1.0,21,333.647295
1.0,46,333.668065
1.0,50,333.690285
1.0,73,333.722806
1.0,18,333.730805
1.0,40,333.748644
1.0,55,333.773062
1.0,72,333.805202
1.0,26,333.81679
1.0,44,333.836319
1.0,49,333.858148
1.0,73,333.890743
1.0,20,333.899568
1.0,44,333.919126
1.0,52,333.942318
1.0,77,333.977139
1.0,18,333.985173
1.0,38,334.002041
0.0,31,334.015953
1.0,71,334.047724
0.0,7,334.050852
1.0,41,334.069064
1.0,56,334.094393
1.0,73,334.127247
1.0,22,334.136991
1.0,40,334.155203
1.0,61,334.182445
1.0,85,334.220467
1.0,20,334.229361
0.0,11,334.234348
1.0,53,334.257746
1.0,79,334.293527
0.0,5,334.295832
1.0,40,334.314127
1.0,49,334.335867
1.0,79,334.3712
1.0,20,334.380082
1.0,40,334.398064
1.0,56,334.423126
1.0,81,334.459296
1.0,22,334.469069
0.0,9,334.473104
1.0,47,334.493979
1.0,67,334.523982
1.0,20,334.532891
1.0,39,334.550205
1.0,53,334.574272
1.0,84,334.612221
1.0,22,334.621953
1.0,40,334.639764
1.0,51,334.663224
1.0,79,334.698526
1.0,24,334.709176
1.0,42,334.727957
1.0,49,334.749649
1.0,75,334.783128
1.0,18,334.79112
1.0,42,334.809822
1.0,56,334.834572
0.0,54,334.858739
1.0,22,334.868484
1.0,36,334.884561
1.0,49,334.90625
1.0,72,334.938401
1.0,18,334.946412
1.0,42,334.965098
1.0,50,334.987373
0.0,42,335.006037
1.0,20,335.014932
1.0,38,335.031981
1.0,54,335.055895
1.0,73,335.088883
1.0,19,335.097313
1.0,49,335.119381
1.0,50,335.141622
0.0,53,335.165793
1.0,18,335.17421
1.0,42,335.192963
0.0,24,335.203675
1.0,74,335.236752
1.0,22,335.246519
1.0,40,335.264391
1.0,51,335.287045
0.0,11,335.291993
1.0,18,335.29998
1.0,39,335.31739
1.0,54,335.341362
0.0,36,335.357369
1.0,18,335.365472
0.0,11,335.370383
0.0,48,335.391621
1.0,80,335.427347
1.0,22,335.437089
1.0,40,335.454958
1.0,54,335.47909
1.0,79,335.514293
1.0,20,335.523229
1.0,46,335.543453
0.0,10,335.54792
1.0,77,335.582359
1.0,23,335.592821
1.0,40,335.610824
1.0,53,335.634386
1.0,72,335.667133
1.0,22,335.676887
1.0,40,335.694616
1.0,53,335.718076
0.0,54,335.742253
1.0,20,335.751118
1.0,44,335.770909
1.0,59,335.797331
1.0,79,335.832574
1.0,23,335.842759
1.0,46,335.863249
1.0,54,335.887266
1.0,67,335.917251
1.0,24,335.927892
1.0,46,335.948438
1.0,57,335.973789
1.0,79,336.009027
1.0,20,336.017879
1.0,40,336.036058
0.0,9,336.040327
1.0,69,336.071591
1.0,22,336.081808
1.0,43,336.101409
1.0,52,336.124878
1.0,73,336.157671
1.0,22,336.167667
1.0,38,336.184579
1.0,57,336.209927
0.0,9,336.213917
1.0,28,336.226209
0.0,26,336.237901
1.0,59,336.264003
1.0,84,336.301815
1.0,23,336.312053
1.0,40,336.329815
1.0,57,336.355158
1.0,83,336.392706
1.0,19,336.401202
1.0,45,336.421278
1.0,57,336.44657
1.0,73,336.479186
0.0,5,336.481431
1.0,42,336.500189
1.0,57,336.525582
0.0,25,336.536702
1.0,22,336.54644
1.0,44,336.565956
1.0,54,336.5911
1.0,75,336.624937
1.0,19,336.633365
1.0,42,336.652511
1.0,51,336.675436
1.0,71,336.707162
1.0,18,336.715162
1.0,38,336.7321
1.0,51,336.754768
1.0,78,336.789477
1.0,18,336.797562
1.0,38,336.81455
1.0,49,336.836322
0.0,13,336.842133
1.0,18,336.850121
1.0,40,336.867976
1.0,55,336.892362
1.0,72,336.924418
1.0,18,336.932376
0.0,23,336.942542
1.0,46,336.963025
1.0,75,336.996755
1.0,18,337.004776
1.0,36,337.020786
1.0,54,337.044876
1.0,73,337.077385
1.0,18,337.085417
1.0,41,337.103956
1.0,58,337.129934
1.0,73,337.1632
1.0,22,337.172925
1.0,36,337.188992
1.0,61,337.21666
0.0,20,337.225509
1.0,22,337.235368
1.0,40,337.253058
0.0,28,337.265592
0.0,64,337.294126
1.0,20,337.303132
1.0,40,337.320918
1.0,54,337.344932
0.0,9,337.348931
1.0,18,337.35692
0.0,27,337.369041
1.0,54,337.392991
1.0,69,337.423888
1.0,22,337.433642
1.0,44,337.453331
1.0,52,337.476468
0.0,38,337.493512
1.0,28,337.505869
1.0,44,337.525491
1.0,54,337.5493
1.0,73,337.582195
1.0,22,337.592266
1.0,46,337.61319
1.0,55,337.637575
1.0,72,337.67029
1.0,22,337.680109
1.0,38,337.697012
0.0,11,337.701941
1.0,80,337.737639
1.0,20,337.746642
1.0,44,337.766131
1.0,48,337.78749
1.0,73,337.819975
0.0,12,337.825428
1.0,38,337.842309
1.0,47,337.863197
1.0,78,337.897975
0.0,3,337.899323
1.0,44,337.918803
0.0,30,337.932085
1.0,73,337.964722
1.0,22,337.974536
1.0,38,337.991383
1.0,54,338.015364
0.0,61,338.042516
1.0,20,338.051505
1.0,37,338.06791
0.0,29,338.080822
1.0,79,338.11667
1.0,18,338.124737
1.0,42,338.143616
1.0,46,338.164397
1.0,74,338.1979
1.0,20,338.207073
1.0,44,338.226718
0.0,24,338.237477
1.0,77,338.271808
1.0,22,338.281618
1.0,38,338.298471
1.0,57,338.323833
1.0,79,338.358984
1.0,18,338.366953
1.0,38,338.383851
1.0,52,338.40696
1.0,87,338.445598
1.0,22,338.45532
1.0,44,338.474799
1.0,59,338.500978
1.0,75,338.534377
0.0,7,338.53755
1.0,40,338.555347
0.0,40,338.573078
1.0,81,338.609694
1.0,24,338.620502
1.0,42,338.639179
1.0,50,338.662052
0.0,37,338.67848
1.0,20,338.687363
1.0,48,338.708647
1.0,52,338.731753
1.0,73,338.764238
1.0,20,338.773174
1.0,42,338.792276
1.0,52,338.81577
1.0,78,338.850543
1.0,18,338.858499
1.0,44,338.878028
1.0,61,338.905068
1.0,73,338.937655
1.0,18,338.945615
1.0,38,338.962612
1.0,56,338.987392
1.0,82,339.023985
1.0,22,339.033787
0.0,7,339.036913
1.0,56,339.061732
1.0,69,339.092964
1.0,21,339.102289
1.0,38,339.119458
1.0,54,339.143722
1.0,72,339.176161
1.0,19,339.184719
1.0,42,339.203595
1.0,50,339.226259
0.0,63,339.25433
0.0,3,339.255686
1.0,38,339.272695
1.0,50,339.295155
1.0,69,339.326284
1.0,18,339.334319
1.0,38,339.351252
1.0,56,339.376245
0.0,34,339.391809
1.0,18,339.39981
1.0,42,339.418627
0.0,9,339.422639
1.0,71,339.45439
1.0,18,339.462397
1.0,42,339.481077
1.0,47,339.502022
0.0,38,339.518983
0.0,12,339.524448
1.0,38,339.541278
0.0,5,339.543524
0.0,57,339.569036
1.0,18,339.577061
1.0,38,339.59424
1.0,51,339.617192
1.0,76,339.651436
1.0,18,339.659663
1.0,36,339.675898
1.0,65,339.704683
1.0,76,339.738575
1.0,20,339.747448
1.0,39,339.764814
1.0,53,339.78846
1.0,73,339.820923
1.0,23,339.831205
1.0,44,339.850782
1.0,51,339.873542
1.0,80,339.909127
1.0,21,339.918412
1.0,40,339.93618
0.0,19,339.944673
0.0,34,339.959746
1.0,23,339.969823
1.0,38,339.987067
1.0,52,340.010145
1.0,80,340.045841
1.0,19,340.054559
1.0,40,340.072431
0.0,7,340.075599
1.0,77,340.110394
1.0,18,340.118392
1.0,48,340.139814
1.0,55,340.164997
1.0,76,340.1988
1.0,18,340.206903
1.0,42,340.226254
1.0,52,340.249425
1.0,77,340.283736
1.0,20,340.292608
1.0,38,340.309804
1.0,49,340.33169
1.0,79,340.366987
1.0,18,340.375054
1.0,37,340.391604
1.0,47,340.412488
0.0,61,340.439727
1.0,19,340.448239
1.0,42,340.46689
1.0,53,340.490536
1.0,77,340.526088
1.0,18,340.534222
1.0,38,340.551516
1.0,54,340.575642
0.0,18,340.583822
1.0,21,340.593619
1.0,39,340.611278
0.0,14,340.617536
1.0,83,340.65497
1.0,22,340.665045
1.0,36,340.681097
1.0,52,340.704263
1.0,71,340.735989
1.0,20,340.744864
1.0,45,340.764901
1.0,55,340.789345
0.0,13,340.795165
1.0,21,340.804464
1.0,43,340.823617
1.0,55,340.84799
0.0,37,340.864492
1.0,20,340.873328
0.0,13,340.879122
1.0,56,340.903946
1.0,81,340.940024
0.0,3,340.941372
1.0,44,340.961036
0.0,22,340.97081
0.0,58,340.996608
1.0,18,341.00461
1.0,37,341.021087
1.0,56,341.046048
1.0,71,341.077763
1.0,20,341.086717
1.0,42,341.105948
1.0,53,341.129672
0.0,11,341.134575
1.0,22,341.144731
1.0,42,341.163818
0.0,12,341.16917
1.0,77,341.204024
1.0,22,341.213799
1.0,44,341.233495
1.0,53,341.257053
1.0,75,341.290695
1.0,22,341.300594
1.0,42,341.319537
0.0,7,341.322678
1.0,77,341.357059
1.0,18,341.365044
1.0,40,341.382897
1.0,53,341.406455
1.0,71,341.438287
1.0,20,341.447141
1.0,40,341.464938
1.0,52,341.488024
0.0,68,341.518369
1.0,18,341.526445
1.0,40,341.544163
1.0,56,341.569168
0.0,22,341.578932
1.0,19,341.587364
1.0,38,341.604738
1.0,51,341.627665
0.0,20,341.636572
0.0,7,341.639772
1.0,42,341.658776
1.0,55,341.683627
1.0,77,341.718008
1.0,20,341.726858
1.0,54,341.750767
0.0,21,341.760267
0.0,42,341.778929
1.0,18,341.78729
1.0,46,341.808039
0.0,28,341.820552
1.0,75,341.854167
1.0,18,341.862163
1.0,40,341.880048
1.0,50,341.902278
1.0,77,341.936728
1.0,24,341.947441
1.0,43,341.966611
1.0,67,341.996362
0.0,16,342.003475
0.0,9,342.007483
1.0,38,342.024466
1.0,48,342.045867
0.0,59,342.07227
0.0,3,342.073622
1.0,42,342.092611
0.0,5,342.094919
1.0,74,342.128207
1.0,18,342.13622
1.0,36,342.152628
1.0,50,342.175159
1.0,74,342.208506
0.0,3,342.20985
1.0,42,342.228765
1.0,48,342.250106
0.0,20,342.258998
1.0,20,342.267884
1.0,42,342.286617
1.0,55,342.311089
1.0,73,342.343717
1.0,20,342.352566
1.0,52,342.375665
1.0,54,342.400211
1.0,71,342.43189
1.0,18,342.440017
1.0,40,342.457751
1.0,48,342.479161
0.0,40,342.497009
1.0,18,342.50502
1.0,41,342.523464
1.0,53,342.547112
0.0,15,342.553856
1.0,20,342.562797
0.0,25,342.574058
1.0,48,342.59574
1.0,78,342.630908
1.0,22,342.640657
1.0,40,342.658775
0.0,34,342.674172
1.0,77,342.708534
1.0,18,342.716532
1.0,44,342.736158
1.0,55,342.760468
1.0,72,342.792636
1.0,18,342.800652
1.0,44,342.820305
1.0,46,342.840756
1.0,81,342.87679
1.0,28,342.889241
1.0,38,342.90624
1.0,48,342.927615
1.0,77,342.961879
1.0,18,342.969939
1.0,39,342.987224
1.0,50,343.009419
1.0,75,343.042779
1.0,19,343.051205
1.0,43,343.070219
1.0,52,343.093602
1.0,72,343.125917
1.0,21,343.135148
0.0,21,343.144852
1.0,56,343.170052
0.0,59,343.19651
1.0,18,343.204507
1.0,38,343.221403
1.0,52,343.244536
1.0,85,343.282304
1.0,19,343.290681
1.0,40,343.308841
0.0,30,343.322217
1.0,87,343.360942
1.0,18,343.368918
1.0,40,343.386796
1.0,48,343.408239
1.0,75,343.44177
1.0,18,343.449714
0.0,16,343.456909
1.0,52,343.47992
1.0,81,343.516067
1.0,20,343.524946
0.0,30,343.538444
1.0,50,343.560598
1.0,82,343.597458
1.0,18,343.605526
1.0,40,343.623567
1.0,54,343.647953
1.0,73,343.680938
1.0,20,343.68983
1.0,38,343.70676
1.0,55,343.731256
1.0,69,343.762089
0.0,7,343.765206
1.0,38,343.782082
1.0,50,343.804357
0.0,32,343.818593
1.0,20,343.82747
1.0,38,343.844471
1.0,54,343.868469
1.0,88,343.907678
1.0,20,343.916561
1.0,48,343.937867
1.0,52,343.961029
1.0,77,343.995439
1.0,19,344.003899
1.0,36,344.019929
1.0,54,344.043984
1.0,72,344.076447
1.0,19,344.084922
1.0,42,344.104007
1.0,51,344.126889
1.0,72,344.159312
1.0,24,344.170281
1.0,39,344.187675
1.0,51,344.210475
1.0,74,344.243403
1.0,23,344.253628
1.0,36,344.269649
1.0,52,344.293058
1.0,77,344.327838
1.0,19,344.336271
1.0,36,344.352278
1.0,50,344.374545
1.0,79,344.409869
0.0,16,344.417033
1.0,43,344.436132
1.0,52,344.459177
0.0,20,344.468058
1.0,20,344.47696
1.0,44,344.496533
1.0,50,344.518731
1.0,78,344.553659
1.0,20,344.562625
1.0,42,344.581268
0.0,40,344.599342
1.0,77,344.634018
1.0,19,344.642469
1.0,40,344.660966
1.0,46,344.68144
1.0,75,344.714969
1.0,18,344.722968
1.0,42,344.741808
1.0,47,344.762639
1.0,77,344.797099
1.0,18,344.805253
1.0,38,344.822374
1.0,50,344.84463
0.0,53,344.868258
1.0,19,344.876609
1.0,46,344.897213
1.0,49,344.918895
1.0,72,344.951096
1.0,25,344.962079
1.0,40,344.980147
1.0,54,345.004926
1.0,76,345.039304
1.0,19,345.047783
1.0,40,345.06555
0.0,36,345.081658
1.0,83,345.11935
1.0,22,345.129097
1.0,38,345.146354
0.0,12,345.151721
0.0,53,345.175757
1.0,24,345.186338
1.0,44,345.205853
1.0,61,345.233032
1.0,76,345.266927
1.0,23,345.277196
0.0,25,345.288314
1.0,59,345.314649
1.0,70,345.345935
1.0,24,345.356572
1.0,43,345.375818
0.0,30,345.389272
0.0,38,345.40615
1.0,22,345.415899
1.0,38,345.43293
1.0,52,345.456013
1.0,85,345.493904
0.0,10,345.498432
1.0,38,345.515321
1.0,60,345.541907
1.0,79,345.577137
1.0,18,345.585433
1.0,46,345.606305
1.0,49,345.628359
1.0,67,345.658723
1.0,22,345.668685
1.0,40,345.686545
1.0,52,345.709646
1.0,73,345.742229
1.0,20,345.751121
1.0,41,345.769402
1.0,57,345.794725
1.0,79,345.829988
1.0,20,345.838974
1.0,40,345.856802
1.0,53,345.880887
0.0,51,345.903858
0.0,10,345.908344
1.0,45,345.928385
0.0,42,345.947093
1.0,80,345.982844
1.0,22,345.992633
1.0,43,346.011765
1.0,53,346.035298
1.0,80,346.071075
1.0,22,346.080808
1.0,42,346.099814
1.0,55,346.124586
0.0,46,346.145479
0.0,3,346.146834
1.0,40,346.164862
0.0,27,346.176911
1.0,69,346.208107
1.0,18,346.216179
1.0,40,346.233998
1.0,56,346.258871
1.0,77,346.293316
1.0,24,346.304087
1.0,40,346.322087
1.0,51,346.344723
1.0,73,346.377313
1.0,22,346.387067
0.0,21,346.396544
1.0,48,346.418001
0.0,11,346.422909
1.0,23,346.433115
1.0,38,346.450144
1.0,48,346.471526
1.0,74,346.504576
1.0,20,346.513403
1.0,40,346.531212
1.0,49,346.553054
1.0,79,346.588391
1.0,22,346.598378
0.0,9,346.602423
1.0,49,346.6245
1.0,72,346.65712
1.0,20,346.6663
1.0,38,346.683233
0.0,5,346.685486
1.0,79,346.723866
1.0,20,346.73279
1.0,42,346.751558
1.0,56,346.776441
1.0,73,346.809633
0.0,6,346.812324
1.0,38,346.829324
1.0,52,346.852468
1.0,76,346.886391
1.0,18,346.894419
1.0,38,346.911391
1.0,51,346.934095
1.0,83,346.971163
1.0,20,346.980052
1.0,42,346.998757
1.0,59,347.024808
1.0,73,347.057492
1.0,18,347.065528
1.0,42,347.084254
1.0,53,347.10849
1.0,74,347.141522
1.0,20,347.150744
1.0,41,347.169273
1.0,55,347.193735
1.0,77,347.228778
1.0,25,347.239836
1.0,41,347.258079
1.0,57,347.283399
1.0,70,347.314825
1.0,18,347.322823
0.0,21,347.332095
0.0,38,347.348999
1.0,70,347.380194
1.0,21,347.389931
1.0,40,347.407813
1.0,50,347.430043
1.0,75,347.463494
1.0,18,347.471507
1.0,36,347.487592
1.0,58,347.513189
1.0,73,347.545805
1.0,21,347.555122
1.0,38,347.572049
1.0,56,347.597224
0.0,13,347.602996
1.0,20,347.612188
1.0,38,347.629191
1.0,52,347.652561
1.0,68,347.683156
1.0,23,347.693333
1.0,38,347.710216
1.0,50,347.732456
0.0,57,347.757731
1.0,18,347.765771
1.0,42,347.784427
1.0,51,347.807228
1.0,71,347.839054
1.0,18,347.84704
1.0,42,347.865726
1.0,51,347.888464
1.0,72,347.920753
1.0,19,347.929168
1.0,39,347.946584
1.0,52,347.96962
1.0,79,348.005142
1.0,20,348.014021
1.0,50,348.03628
1.0,48,348.057666
0.0,24,348.068575
1.0,18,348.076697
0.0,22,348.086476
1.0,52,348.110235
1.0,79,348.145973
1.0,18,348.153966
1.0,36,348.170318
1.0,48,348.191674
1.0,79,348.22701
1.0,21,348.236205
0.0,25,348.247344
1.0,54,348.271381
1.0,79,348.306571
1.0,20,348.31554
1.0,40,348.333436
1.0,50,348.355607
1.0,77,348.389968
1.0,18,348.398029
1.0,47,348.418968
1.0,54,348.442973
0.0,38,348.459889
1.0,19,348.46833
1.0,45,348.488434
1.0,51,348.511013
1.0,73,348.543622
1.0,18,348.552298
1.0,36,348.568498
1.0,59,348.595392
1.0,79,348.630913
1.0,19,348.6394
1.0,38,348.656718
1.0,47,348.677912
1.0,73,348.710485
1.0,20,348.71936
0.0,24,348.730022
1.0,64,348.758405
1.0,78,348.79322
1.0,20,348.802195
1.0,36,348.818215
0.0,7,348.82139
0.0,22,348.831168
1.0,18,348.839178
1.0,38,348.856111
0.0,26,348.867694
1.0,76,348.901548
1.0,20,348.91042
1.0,48,348.9317
1.0,56,348.956606
1.0,73,348.989179
1.0,22,348.998944
1.0,40,349.016752
1.0,49,349.038461
1.0,74,349.071652
1.0,20,349.080572
1.0,44,349.100493
0.0,51,349.123423
0.0,19,349.131856
1.0,21,349.141161
1.0,44,349.161117
1.0,47,349.182315
1.0,67,349.212999
1.0,18,349.221008
1.0,36,349.237192
1.0,49,349.258945
1.0,79,349.294563
1.0,22,349.304507
1.0,38,349.321688
0.0,36,349.337617
1.0,75,349.371139
1.0,20,349.37992
1.0,38,349.398459
1.0,52,349.421699
1.0,71,349.4538
1.0,18,349.461806
1.0,42,349.481259
1.0,52,349.504908
0.0,62,349.532558
1.0,18,349.540666
1.0,38,349.557548
1.0,54,349.581614
1.0,81,349.618266
1.0,20,349.627145
1.0,50,349.649688
1.0,57,349.675144
1.0,77,349.709563
1.0,20,349.718383
1.0,42,349.737143
1.0,52,349.760208
1.0,72,349.79279
1.0,21,349.802194
1.0,43,349.82138
1.0,50,349.8437
1.0,73,349.876191
1.0,20,349.885158
1.0,44,349.904735
1.0,53,349.928327
1.0,77,349.962581
1.0,21,349.971818
1.0,37,349.988245
1.0,49,350.010011
1.0,71,350.041751
0.0,10,350.046231
1.0,40,350.064048
1.0,61,350.091291
1.0,75,350.125146
1.0,22,350.134941
1.0,38,350.152227
1.0,49,350.174259
1.0,84,350.211609
1.0,22,350.221422
1.0,46,350.241845
1.0,48,350.263245
1.0,75,350.296806
1.0,18,350.304919
1.0,38,350.321932
1.0,50,350.344196
1.0,77,350.378594
1.0,18,350.386592
1.0,40,350.404818
1.0,46,350.425406
1.0,77,350.459815
1.0,18,350.467835
1.0,46,350.48834
1.0,48,350.509711
1.0,84,350.547155
1.0,20,350.55606
1.0,48,350.577342
1.0,52,350.600732
1.0,80,350.636708
1.0,24,350.647747
1.0,36,350.664074
1.0,46,350.684589
1.0,79,350.719851
1.0,22,350.729665
0.0,25,350.74085
1.0,56,350.765757
0.0,9,350.769744
1.0,22,350.779509
1.0,40,350.79737
1.0,63,350.825557
1.0,73,350.85809
1.0,20,350.867059
1.0,40,350.884845
1.0,49,350.906706
1.0,70,350.938011
1.0,26,350.949539
0.0,11,350.954469
1.0,50,350.97674
1.0,75,351.010572
1.0,20,351.019544
0.0,28,351.032049
1.0,56,351.056945
0.0,9,351.060959
0.0,5,351.063196
1.0,42,351.081898
1.0,52,351.1052
1.0,83,351.142445
1.0,18,351.150751
1.0,40,351.168862
1.0,48,351.190212
1.0,84,351.227764
1.0,20,351.236647
1.0,43,351.255832
1.0,52,351.27903
1.0,79,351.314367
0.0,5,351.316676
1.0,42,351.335359
0.0,33,351.349915
1.0,86,351.388144
1.0,29,351.40117
0.0,30,351.414536
1.0,50,351.436804
1.0,75,351.470302
0.0,3,351.471655
1.0,42,351.490404
1.0,54,351.514452
1.0,73,351.547041
1.0,22,351.556793
1.0,38,351.573734
1.0,46,351.594618
1.0,83,351.632265
1.0,20,351.641154
1.0,43,351.660595
0.0,21,351.670187
0.0,47,351.691136
0.0,5,351.693455
1.0,39,351.710908
1.0,53,351.734484
1.0,69,351.765305
1.0,20,351.774278
1.0,38,351.791166
1.0,54,351.815137
1.0,73,351.847721
1.0,20,351.856609
1.0,38,351.873514
0.0,38,351.89044
0.0,9,351.894443
1.0,28,351.90679
1.0,40,351.924639
1.0,54,351.948625
1.0,79,351.983902
1.0,26,351.995483
1.0,40,352.013271
1.0,52,352.036407
1.0,77,352.071052
1.0,24,352.08173
1.0,40,352.099676
1.0,52,352.123178
1.0,75,352.156738
1.0,18,352.165054
1.0,40,352.182837
0.0,49,352.205173
0.0,11,352.210093
1.0,18,352.218336
0.0,23,352.228627
0.0,5,352.230912
1.0,75,352.26437
1.0,20,352.273254
1.0,38,352.290136
1.0,56,352.315278
1.0,74,352.348471
1.0,21,352.357816
1.0,38,352.374827
0.0,9,352.378839
0.0,44,352.398478
1.0,25,352.409678
1.0,42,352.428438
1.0,55,352.452949
1.0,76,352.486811
1.0,20,352.495735
1.0,39,352.513154
1.0,51,352.536422
1.0,81,352.572818
1.0,22,352.582612
1.0,45,352.602994
1.0,57,352.628894
1.0,72,352.661255
1.0,18,352.669509
1.0,40,352.687337
1.0,54,352.711357
1.0,80,352.747058
1.0,20,352.755985
1.0,40,352.773703
1.0,51,352.796732
1.0,77,352.831357
1.0,20,352.840211
1.0,40,352.858063
1.0,51,352.880777
1.0,75,352.914267
1.0,22,352.924011
1.0,44,352.943619
1.0,55,352.968077
1.0,77,353.002387
1.0,20,353.011255
1.0,46,353.031661
1.0,51,353.054293
1.0,74,353.0873
1.0,23,353.09776
1.0,45,353.117994
1.0,57,353.143244
1.0,70,353.17519
1.0,18,353.183184
1.0,44,353.202669
1.0,58,353.228572
0.0,38,353.245545
0.0,10,353.250039
0.0,9,353.254081
1.0,49,353.275858
1.0,77,353.310219
1.0,18,353.318218
1.0,38,353.335134
1.0,52,353.358316
1.0,77,353.392691
1.0,18,353.401071
1.0,38,353.417993
1.0,58,353.443815
0.0,13,353.449584
1.0,26,353.461113
1.0,38,353.478065
1.0,66,353.507476
1.0,76,353.541312
0.0,5,353.543568
1.0,38,353.560611
1.0,51,353.583293
1.0,69,353.614634
1.0,18,353.622679
1.0,36,353.638698
1.0,56,353.664258
0.0,54,353.688319
1.0,18,353.696366
1.0,40,353.71417
1.0,57,353.739534
1.0,80,353.775222
0.0,3,353.776568
1.0,42,353.79517
0.0,19,353.803695
0.0,11,353.808533
1.0,18,353.816702
1.0,44,353.836343
1.0,57,353.861619
1.0,78,353.896561
0.0,5,353.89881
1.0,46,353.91923
1.0,55,353.944602
0.0,56,353.969977
0.0,5,353.97224
0.0,23,353.982483
1.0,54,354.00691
1.0,75,354.040359
1.0,18,354.048382
1.0,44,354.067889
1.0,54,354.091942
1.0,75,354.125972
1.0,18,354.133989
0.0,28,354.146655
0.0,51,354.169981
0.0,37,354.186466
1.0,18,354.19448
1.0,36,354.210543
1.0,57,354.235837
1.0,82,354.272358
1.0,18,354.280348
0.0,11,354.285615
1.0,56,354.310924
1.0,71,354.342616
1.0,20,354.351511
1.0,36,354.367529
1.0,55,354.392185
1.0,76,354.42616
1.0,20,354.435042
1.0,38,354.451982
1.0,55,354.476423
1.0,69,354.50733
1.0,19,354.515769
1.0,38,354.532706
1.0,55,354.557148
1.0,71,354.58962
1.0,18,354.597919
1.0,37,354.615338
1.0,64,354.643791
0.0,52,354.667706
1.0,21,354.67695
1.0,38,354.693899
1.0,50,354.716142
0.0,20,354.725052
1.0,18,354.733034
1.0,42,354.75169
0.0,7,354.754875
1.0,72,354.786991
1.0,18,354.795032
1.0,38,354.811855
1.0,49,354.833633
1.0,81,354.869673
1.0,18,354.877711
1.0,50,354.899941
1.0,51,354.922593
1.0,81,354.958781
1.0,18,354.96678
1.0,40,354.98462
1.0,50,355.006832
1.0,72,355.038975
1.0,18,355.046977
1.0,36,355.063116
1.0,56,355.087991
1.0,69,355.11933
1.0,22,355.129113
1.0,38,355.146066
1.0,46,355.167257
1.0,73,355.200044
1.0,18,355.208239
1.0,38,355.225194
1.0,54,355.249188
1.0,69,355.279989
1.0,19,355.288473
0.0,23,355.29865
1.0,55,355.323489
1.0,75,355.356842
1.0,20,355.365731
1.0,38,355.382636
0.0,30,355.395899
1.0,72,355.428232
1.0,20,355.437162
1.0,42,355.455782
1.0,46,355.476257
1.0,79,355.511512
1.0,19,355.519927
1.0,40,355.537742
0.0,44,355.557298
1.0,77,355.591718
1.0,24,355.602618
1.0,36,355.618894
1.0,50,355.641152
1.0,76,355.675746
1.0,22,355.685506
1.0,52,355.708463
1.0,52,355.73154
0.0,52,355.754758
1.0,21,355.764065
1.0,43,355.783236
0.0,3,355.784589
1.0,76,355.818829
1.0,20,355.827717
1.0,40,355.845528
1.0,52,355.868612
1.0,75,355.902087
1.0,21,355.911334
0.0,25,355.922436
1.0,54,355.946475
1.0,69,355.977292
1.0,18,355.985281
1.0,38,356.002223
1.0,62,356.02955
1.0,73,356.062234
1.0,20,356.071315
1.0,40,356.089195
1.0,58,356.115549
1.0,69,356.146467
1.0,24,356.157506
1.0,40,356.175563
0.0,21,356.184917
1.0,67,356.214942
1.0,20,356.223793
1.0,44,356.243365
1.0,50,356.265615
1.0,75,356.299179
1.0,19,356.307718
1.0,40,356.325472
0.0,40,356.343336
1.0,75,356.376797
1.0,18,356.384823
1.0,38,356.401801
1.0,50,356.424199
1.0,67,356.454211
1.0,18,356.462261
1.0,49,356.484055
1.0,58,356.509916
1.0,73,356.542532
1.0,18,356.55053
1.0,36,356.566679
1.0,48,356.588081
1.0,78,356.623635
1.0,19,356.632001
1.0,42,356.651193
1.0,52,356.674548
1.0,77,356.708911
1.0,18,356.716898
1.0,44,356.736367
1.0,52,356.75939
1.0,75,356.792915
1.0,20,356.801916
1.0,38,356.818973
1.0,56,356.843816
1.0,77,356.878046
1.0,18,356.886775
1.0,41,356.905059
1.0,54,356.929063
1.0,75,356.962578
0.0,10,356.967023
1.0,45,356.987022
0.0,42,357.005696
1.0,75,357.039269
1.0,24,357.049917
1.0,36,357.065965
1.0,53,357.089547
1.0,79,357.125467
1.0,20,357.134315
1.0,49,357.156419
1.0,52,357.179857
0.0,35,357.195386
1.0,20,357.204558
1.0,39,357.22228
1.0,50,357.244729
1.0,79,357.279898
1.0,18,357.287928
1.0,38,357.304897
1.0,54,357.328921
1.0,80,357.364568
1.0,20,357.373454
1.0,41,357.391645
1.0,52,357.414808
0.0,51,357.437583
1.0,20,357.446461
1.0,42,357.465125
1.0,46,357.485617
1.0,75,357.519049
1.0,18,357.527049
0.0,25,357.538197
1.0,48,357.559547
1.0,73,357.592137
1.0,21,357.601721
1.0,38,357.618809
1.0,54,357.642818
1.0,78,357.678141
1.0,20,357.687011
0.0,9,357.691036
1.0,53,357.714464
0.0,23,357.724677
1.0,20,357.733539
1.0,38,357.750488
1.0,52,357.773555
1.0,83,357.810489
1.0,19,357.818961
1.0,38,357.83589
1.0,55,357.860278
1.0,77,357.894604
1.0,21,357.903848
1.0,44,357.923374
1.0,50,357.945575
1.0,85,357.983406
1.0,24,357.99404
1.0,36,358.010094
1.0,46,358.030593
1.0,77,358.065019
1.0,18,358.0731
0.0,9,358.077121
1.0,52,358.100585
0.0,36,358.116803
1.0,20,358.125689
1.0,38,358.142628
1.0,46,358.163418
1.0,76,358.197543
0.0,5,358.199783
1.0,40,358.21771
1.0,62,358.245228
1.0,78,358.280107
1.0,19,358.288548
1.0,42,358.307248
0.0,32,358.32159
1.0,75,358.355128
1.0,18,358.363133
1.0,46,358.383537
1.0,50,358.406034
1.0,78,358.441779
1.0,23,358.452043
1.0,42,358.470806
1.0,56,358.49562
1.0,74,358.528551
0.0,13,358.534371
1.0,39,358.551749
1.0,48,358.573125
1.0,73,358.605911
1.0,19,358.614667
1.0,38,358.631612
1.0,52,358.655082
1.0,74,358.688368
1.0,20,358.697265
0.0,21,358.706598
1.0,49,358.72839
1.0,77,358.762682
1.0,19,358.771135
1.0,42,358.789778
1.0,46,358.81038
1.0,78,358.845044
1.0,18,358.853049
1.0,36,358.869064
1.0,53,358.892632
1.0,73,358.925202
1.0,20,358.934088
1.0,40,358.951918
1.0,56,358.976686
0.0,69,359.007324
1.0,20,359.016603
1.0,40,359.034417
1.0,51,359.057102
1.0,73,359.089679
1.0,20,359.098871
1.0,42,359.117769
0.0,38,359.134676
1.0,80,359.170847
1.0,19,359.179244
1.0,42,359.197947
1.0,54,359.222064
0.0,59,359.248351
1.0,22,359.258285
1.0,42,359.27693
1.0,54,359.301507
1.0,88,359.340702
1.0,20,359.34959
1.0,48,359.371024
1.0,46,359.391442
1.0,81,359.427608
1.0,18,359.435572
1.0,36,359.451666
1.0,48,359.473004
1.0,81,359.509058
1.0,18,359.517113
1.0,42,359.535733
0.0,38,359.552671
1.0,76,359.586539
1.0,20,359.595782
1.0,39,359.613545
0.0,36,359.629675
1.0,74,359.66296
1.0,18,359.671199
1.0,42,359.689837
1.0,46,359.713409
1.0,79,359.749605
1.0,23,359.759851
1.0,44,359.779475
1.0,48,359.800875
1.0,77,359.835493
1.0,20,359.844382
1.0,40,359.862255
1.0,53,359.885844
1.0,67,359.916076
1.0,22,359.925902
1.0,44,359.945506
1.0,51,359.968153
1.0,75,360.001612
1.0,22,360.011466
0.0,32,360.025723
1.0,48,360.047222
1.0,76,360.081499
1.0,24,360.092144
1.0,42,360.11127
1.0,49,360.133164
1.0,83,360.170906
1.0,20,360.179796
1.0,50,360.202071
1.0,52,360.22558
1.0,77,360.260144
1.0,20,360.269053
1.0,44,360.288795
1.0,53,360.312652
1.0,77,360.347182
1.0,20,360.35607
1.0,44,360.375537
1.0,52,360.398616
1.0,71,360.43046
1.0,20,360.43936
1.0,42,360.458042
1.0,49,360.47991
1.0,73,360.512558
1.0,18,360.520536
1.0,42,360.539291
1.0,51,360.561846
1.0,79,360.597405
1.0,18,360.605406
1.0,41,360.624028
1.0,53,360.647607
0.0,59,360.674536
1.0,19,360.682966
1.0,42,360.701584
1.0,52,360.72477
1.0,73,360.757264
1.0,20,360.766265
1.0,44,360.785827
1.0,50,360.808127
1.0,81,360.844827
1.0,20,360.853742
1.0,38,360.870666
1.0,55,360.895175
1.0,75,360.928636
0.0,12,360.933996
1.0,39,360.951468
1.0,61,360.978463
1.0,74,361.011509
1.0,22,361.021252
1.0,39,361.038709
1.0,52,361.061742
1.0,73,361.094517
1.0,19,361.10304
1.0,38,361.120209
1.0,50,361.142462
1.0,83,361.180008
1.0,20,361.188897
1.0,38,361.205876
1.0,56,361.230702
1.0,76,361.26445
0.0,12,361.269807
1.0,42,361.288507
1.0,54,361.312436
1.0,69,361.343433
1.0,18,361.351424
1.0,43,361.370532
0.0,28,361.382917
1.0,77,361.41778
1.0,20,361.426681
1.0,44,361.446306
1.0,59,361.472415
0.0,16,361.479613
0.0,12,361.484964
1.0,40,361.502767
0.0,29,361.515654
1.0,74,361.548676
1.0,18,361.556762
0.0,23,361.567019
1.0,55,361.591357
1.0,82,361.628396
1.0,26,361.639963
1.0,38,361.657139
1.0,55,361.681842
1.0,76,361.715794
0.0,7,361.71893
1.0,38,361.735823
1.0,53,361.759538
1.0,82,361.796036
1.0,22,361.805795
1.0,42,361.824558
1.0,63,361.852406
1.0,77,361.886734
1.0,20,361.895728
1.0,38,361.912601
1.0,50,361.934936
0.0,44,361.954425
1.0,20,361.963407
1.0,46,361.983958
1.0,52,362.006941
1.0,67,362.037369
1.0,25,362.048486
1.0,44,362.068139
1.0,59,362.094584
1.0,76,362.128956
1.0,18,362.137009
1.0,38,362.154267
1.0,61,362.18178
1.0,76,362.216298
1.0,20,362.225157
1.0,38,362.242245
1.0,57,362.267576
1.0,81,362.303716
1.0,18,362.311818
1.0,44,362.331373
1.0,59,362.357519
0.0,42,362.376413
1.0,20,362.385297
1.0,41,362.403584
1.0,53,362.427184
1.0,77,362.461471
0.0,3,362.462937
1.0,38,362.479866
1.0,51,362.502601
1.0,73,362.535178
1.0,20,362.544109
1.0,42,362.562884
1.0,55,362.587377
1.0,78,362.623155
1.0,20,362.632035
1.0,39,362.649971
1.0,55,362.674749
1.0,79,362.709892
1.0,20,362.718733
1.0,38,362.735687
1.0,58,362.761403
1.0,75,362.794898
1.0,21,362.804266
1.0,38,362.821177
1.0,40,362.839103
1.0,82,362.875975
1.0,20,362.885232
1.0,38,362.902473
1.0,54,362.926898
1.0,71,362.958605
1.0,19,362.967038
1.0,36,362.983042
1.0,51,363.005652
1.0,75,363.039004
1.0,18,363.04702
1.0,39,363.064399
1.0,55,363.088856
0.0,34,363.10435
1.0,18,363.112449
1.0,40,363.130231
1.0,52,363.153669
1.0,77,363.188284
1.0,21,363.197595
0.0,9,363.201623
1.0,59,363.228353
1.0,86,363.266643
1.0,20,363.275521
1.0,40,363.293319
1.0,57,363.318681
1.0,74,363.351657
1.0,20,363.360539
1.0,38,363.377457
1.0,53,363.401007
0.0,45,363.421064
1.0,21,363.43036
1.0,36,363.446421
1.0,63,363.474307
1.0,74,363.507434
1.0,18,363.515446
1.0,42,363.534163
1.0,53,363.557673
1.0,72,363.589803
1.0,20,363.598982
1.0,38,363.616094
0.0,25,363.62718
1.0,77,363.661815
1.0,24,363.672826
0.0,28,363.685293
1.0,59,363.711542
1.0,73,363.744083
0.0,10,363.748592
1.0,42,363.767193
1.0,50,363.789407
1.0,79,363.825134
1.0,20,363.833895
1.0,42,363.852563
1.0,52,363.875613
1.0,75,363.909061
1.0,24,363.919704
1.0,40,363.937604
1.0,52,363.960739
1.0,71,363.992523
1.0,20,364.001405
1.0,42,364.02014
0.0,11,364.025018
0.0,38,364.041917
0.0,7,364.04505
1.0,42,364.063947
1.0,52,364.087238
1.0,79,364.123036
1.0,22,364.13291
1.0,38,364.150112
1.0,56,364.175256
1.0,73,364.207813
1.0,26,364.219254
1.0,40,364.237039
1.0,54,364.261014
0.0,61,364.288545
1.0,20,364.297414
1.0,38,364.314764
1.0,58,364.340784
1.0,79,364.376047
0.0,11,364.380936
1.0,44,364.40044
1.0,47,364.421794
1.0,79,364.457068
1.0,18,364.465084
1.0,52,364.488207
1.0,54,364.512255
1.0,81,364.548398
1.0,20,364.557178
1.0,48,364.578654
1.0,52,364.602105
1.0,81,364.638501
1.0,20,364.647379
1.0,42,364.66693
0.0,32,364.681097
1.0,69,364.71193
1.0,18,364.71991
1.0,40,364.737801
1.0,56,364.762561
1.0,85,364.800427
1.0,18,364.808454
1.0,42,364.827159
1.0,52,364.850229
1.0,76,364.884104
1.0,18,364.892165
1.0,38,364.90911
1.0,52,364.932193
1.0,78,364.966973
1.0,19,364.975394
1.0,44,364.994804
1.0,56,365.019637
1.0,74,365.053108
1.0,18,365.061081
1.0,40,365.078954
1.0,54,365.103173
0.0,63,365.131467
1.0,22,365.141206
1.0,36,365.157615
1.0,50,365.18006
0.0,57,365.205465
1.0,18,365.213444
1.0,40,365.232021
1.0,60,365.258638
1.0,71,365.29027
1.0,18,365.298292
1.0,36,365.314306
1.0,54,365.338297
1.0,77,365.372927
1.0,18,365.380915
1.0,48,365.402206
1.0,50,365.424398
1.0,90,365.464499
1.0,22,365.474262
1.0,38,365.491198
1.0,57,365.516513
1.0,78,365.551274
1.0,21,365.560527
1.0,43,365.579683
1.0,51,365.602625
1.0,69,365.634073
1.0,22,365.643862
1.0,44,365.663802
1.0,58,365.689915
1.0,93,365.731252
1.0,19,365.739687
1.0,42,365.758439
1.0,54,365.782316
1.0,78,365.817145
1.0,22,365.827067
1.0,44,365.846819
0.0,14,365.853053
1.0,77,365.887315
1.0,18,365.895352
0.0,28,365.907874
1.0,55,365.932423
0.0,61,365.959661
1.0,18,365.96768
1.0,36,365.98364
1.0,55,366.008098
1.0,76,366.041962
1.0,18,366.049942
1.0,38,366.066836
1.0,54,366.090755
1.0,83,366.128136
0.0,9,366.132172
0.0,9,366.136206
1.0,50,366.158803
1.0,73,366.191929
1.0,20,366.200771
1.0,47,366.221526
1.0,64,366.250465
1.0,75,366.283971
1.0,23,366.294302
1.0,42,366.313002
1.0,51,366.335659
1.0,75,366.369111
0.0,10,366.373584
0.0,13,366.379383
1.0,55,366.403833
1.0,78,366.438766
1.0,18,366.446787
1.0,38,366.463876
1.0,53,366.487524
1.0,75,366.521104
1.0,18,366.529088
1.0,41,366.547393
1.0,59,366.573625
1.0,74,366.607749
1.0,18,366.61608
1.0,53,366.639665
1.0,55,366.664555
1.0,76,366.698809
1.0,18,366.706787
1.0,40,366.724666
1.0,53,366.748246
1.0,72,366.780413
1.0,18,366.788414
0.0,34,366.803547
1.0,51,366.826686
1.0,78,366.86145
1.0,20,366.87034
1.0,44,366.889919
1.0,57,366.915253
1.0,69,366.946013
1.0,19,366.954432
1.0,36,366.970485
1.0,60,366.996967
1.0,81,367.033149
1.0,27,367.045118
1.0,38,367.061988
1.0,53,367.085511
1.0,71,367.117793
1.0,22,367.127491
1.0,38,367.144385
1.0,57,367.170311
1.0,81,367.206742
1.0,21,367.216386
1.0,38,367.233351
0.0,19,367.241735
1.0,78,367.276489
1.0,20,367.285377
1.0,40,367.303084
1.0,46,367.323573
1.0,73,367.356901
1.0,20,367.365942
1.0,41,367.384655
1.0,52,367.407887
1.0,67,367.438226
1.0,23,367.448549
0.0,21,367.457945
1.0,49,367.479681
1.0,77,367.513945
1.0,18,367.52193
1.0,40,367.539691
0.0,36,367.555645
1.0,75,367.589066
1.0,21,367.598633
1.0,44,367.618583
1.0,50,367.640794
0.0,39,367.658578
1.0,20,367.667773
1.0,38,367.684736
1.0,48,367.706088
1.0,71,367.737764
1.0,24,367.748412
1.0,40,367.76625
0.0,7,367.769387
1.0,73,367.802043
1.0,18,367.810041
0.0,11,367.814934
1.0,57,367.840269
1.0,73,367.872872
1.0,22,367.882632
1.0,38,367.899557
1.0,52,367.922703
1.0,78,367.957489
1.0,18,367.965506
1.0,45,367.985564
0.0,12,367.990933
0.0,13,367.996691
1.0,24,368.007357
0.0,25,368.018505
0.0,10,368.023092
1.0,81,368.059792
1.0,24,368.070485
1.0,36,368.086536
1.0,57,368.112318
1.0,79,368.147668
1.0,22,368.157706
1.0,44,368.177526
1.0,55,368.2019
1.0,73,368.234515
1.0,18,368.242628
1.0,38,368.25959
1.0,49,368.281401
1.0,78,368.31625
1.0,20,368.325158
1.0,48,368.346252
1.0,63,368.374312
1.0,79,368.409792
1.0,22,368.419703
1.0,42,368.438514
0.0,11,368.443398
1.0,73,368.475993
1.0,18,368.483998
1.0,38,368.500879
1.0,51,368.523558
0.0,48,368.544928
1.0,20,368.55386
1.0,40,368.571676
1.0,54,368.595735
1.0,76,368.630579
1.0,20,368.639503
1.0,40,368.657696
1.0,57,368.683201
1.0,69,368.714045
1.0,22,368.723795
1.0,46,368.744277
1.0,53,368.767782
1.0,86,368.806065
1.0,18,368.814058
1.0,38,368.831171
1.0,54,368.855167
0.0,57,368.880512
1.0,20,368.889484
0.0,11,368.89438
0.0,32,368.908591
1.0,73,368.941274
0.0,6,368.943943
1.0,44,368.963476
1.0,53,368.986974
1.0,72,369.01912
1.0,18,369.027102
1.0,40,369.044879
1.0,51,369.067539
1.0,80,369.103544
1.0,25,369.114868
1.0,40,369.132711
0.0,21,369.142026
0.0,70,369.173796
1.0,18,369.18177
1.0,42,369.200622
1.0,55,369.225044
1.0,81,369.261573
1.0,18,369.269595
1.0,42,369.288567
1.0,53,369.3125
1.0,78,369.347216
1.0,20,369.356122
0.0,11,369.361019
1.0,55,369.385355
1.0,67,369.415203
0.0,5,369.41748
1.0,52,369.440575
1.0,57,369.46593
1.0,71,369.497646
1.0,18,369.5057
1.0,48,369.527016
1.0,53,369.550633
0.0,11,369.55552
1.0,20,369.564411
1.0,44,369.583988
1.0,53,369.60792
1.0,83,369.645106
1.0,18,369.653467
1.0,38,369.670546
0.0,43,369.689677
1.0,79,369.724867
1.0,24,369.735507
1.0,43,369.754538
1.0,55,369.778948
0.0,38,369.795867
1.0,22,369.805605
1.0,38,369.822451
1.0,62,369.849963
0.0,57,369.875387
0.0,15,369.88202
1.0,37,369.898424
1.0,50,369.920452
1.0,75,369.953902
0.0,9,369.957892
1.0,36,369.97388
1.0,48,369.995227
1.0,72,370.027382
1.0,18,370.035376
1.0,38,370.052352
1.0,55,370.076703
1.0,72,370.109059
1.0,20,370.118141
1.0,38,370.135159
1.0,52,370.158637
1.0,74,370.192029
1.0,18,370.20003
1.0,40,370.217861
1.0,53,370.241436
1.0,77,370.275759
1.0,18,370.283761
1.0,42,370.302482
1.0,53,370.326101
1.0,70,370.357517
1.0,18,370.365615
1.0,40,370.383428
1.0,56,370.408348
1.0,76,370.442386
1.0,18,370.450376
1.0,42,370.469078
0.0,32,370.483257
1.0,75,370.516763
1.0,18,370.524787
1.0,41,370.543043
1.0,53,370.56678
1.0,69,370.597889
0.0,5,370.600141
1.0,40,370.61815
1.0,48,370.639575
1.0,79,370.675536
1.0,22,370.685319
1.0,40,370.70313
1.0,50,370.725303
1.0,78,370.760072
1.0,18,370.768089
1.0,37,370.784625
1.0,60,370.811062
1.0,73,370.843613
1.0,19,370.851945
1.0,38,370.868902
1.0,50,370.891167
1.0,76,370.925045
1.0,18,370.933095
1.0,38,370.95004
1.0,50,370.972283
1.0,78,371.007059
1.0,22,371.016858
1.0,38,371.03373
0.0,3,371.035084
1.0,75,371.068492
1.0,18,371.076526
1.0,45,371.09655
0.0,7,371.099972
1.0,80,371.135957
1.0,18,371.14395
1.0,40,371.162169
1.0,53,371.186048
0.0,59,371.212437
1.0,22,371.222213
0.0,30,371.235643
1.0,56,371.260532
1.0,79,371.29586
0.0,5,371.298106
1.0,40,371.31599
1.0,51,371.338637
1.0,69,371.369549
1.0,20,371.378436
1.0,42,371.397184
1.0,61,371.42425
1.0,78,371.458944
1.0,20,371.467835
1.0,44,371.487416
1.0,53,371.510998
1.0,71,371.542609
1.0,18,371.550583
1.0,38,371.567473
1.0,53,371.591083
0.0,9,371.595074
1.0,18,371.603413
1.0,42,371.622423
1.0,61,371.64956
1.0,79,371.68535
1.0,18,371.693357
1.0,36,371.709402
1.0,59,371.735626
1.0,73,371.768244
1.0,18,371.776244
0.0,27,371.788282
1.0,55,371.812653
1.0,78,371.848848
1.0,22,371.858707
1.0,44,371.878235
0.0,40,371.89601
1.0,77,371.930342
1.0,25,371.941426
1.0,42,371.960212
1.0,65,371.989211
1.0,76,372.023084
1.0,20,372.031973
1.0,42,372.050674
1.0,59,372.077142
1.0,74,372.110477
1.0,24,372.121454
1.0,40,372.13929
1.0,55,372.164213
1.0,77,372.198976
1.0,22,372.208746
1.0,42,372.227807
1.0,52,372.251075
1.0,72,372.283256
1.0,18,372.291351
0.0,21,372.300686
1.0,48,372.322013
1.0,84,372.3594
1.0,24,372.370149
1.0,43,372.389288
1.0,46,372.40981
0.0,55,372.434744
1.0,22,372.444574
1.0,40,372.462427
1.0,54,372.486433
0.0,16,372.493562
1.0,18,372.501559
1.0,42,372.520397
1.0,52,372.543426
1.0,75,372.577744
1.0,25,372.588757
1.0,40,372.606899
1.0,63,372.635139
1.0,77,372.670254
1.0,18,372.6783
1.0,46,372.698758
1.0,56,372.723628
1.0,83,372.760586
1.0,18,372.768589
0.0,11,372.77352
1.0,57,372.79888
1.0,79,372.834086
1.0,20,372.842998
1.0,45,372.863021
1.0,47,372.883865
1.0,77,372.918219
1.0,18,372.926285
1.0,42,372.94505
1.0,50,372.967277
1.0,81,373.003345
0.0,9,373.007482
1.0,40,373.025254
0.0,32,373.039896
1.0,81,373.076057
1.0,23,373.086364
1.0,37,373.103114
1.0,48,373.124927
0.0,7,373.128047
1.0,24,373.138695
1.0,42,373.15776
1.0,57,373.183373
1.0,71,373.215142
1.0,22,373.224893
1.0,44,373.244576
1.0,48,373.265898
1.0,81,373.302013
1.0,20,373.311029
1.0,44,373.33058
1.0,50,373.353079
1.0,79,373.388368
0.0,5,373.390605
1.0,43,373.409741
1.0,49,373.431663
1.0,69,373.462567
0.0,7,373.465677
1.0,42,373.484292
1.0,46,373.50475
1.0,82,373.541329
1.0,20,373.550192
1.0,45,373.570891
1.0,54,373.594914
1.0,77,373.63031
1.0,18,373.638331
1.0,38,373.655685
0.0,14,373.661954
1.0,76,373.696168
0.0,5,373.698414
1.0,44,373.717867
1.0,50,373.740009
1.0,72,373.77215
1.0,18,373.780159
0.0,23,373.790417
1.0,57,373.81582
1.0,79,373.851053
1.0,22,373.860786
1.0,40,373.878558
1.0,48,373.899878
0.0,52,373.923039
1.0,18,373.931026
0.0,21,373.940391
1.0,48,373.961854
1.0,86,374.000191
1.0,26,374.011766
1.0,38,374.0288
1.0,52,374.0519
1.0,71,374.083615
1.0,18,374.091619
1.0,48,374.113465
1.0,56,374.138682
0.0,63,374.167323
1.0,19,374.176049
1.0,38,374.193027
1.0,54,374.217164
0.0,27,374.229453
1.0,18,374.237513
1.0,38,374.254428
0.0,14,374.260652
1.0,80,374.296695
1.0,18,374.305063
1.0,42,374.323796
0.0,45,374.34384
1.0,74,374.376938
1.0,20,374.385779
0.0,29,374.398708
1.0,55,374.423238
1.0,75,374.456707
1.0,22,374.466474
1.0,39,374.483867
1.0,49,374.505694
0.0,24,374.516387
0.0,14,374.522687
1.0,44,374.542229
1.0,64,374.570724
1.0,83,374.607992
1.0,20,374.617149
1.0,42,374.635835
1.0,52,374.659356
1.0,73,374.692296
1.0,24,374.70291
1.0,40,374.720758
1.0,46,374.741201
1.0,79,374.776457
1.0,20,374.785413
1.0,42,374.804093
1.0,54,374.828226
1.0,72,374.86128
1.0,20,374.870174
1.0,38,374.887102
1.0,63,374.915184
1.0,78,374.950128
1.0,22,374.959868
1.0,42,374.978658
1.0,53,375.00217
1.0,79,375.037433
1.0,18,375.045437
1.0,40,375.063394
1.0,52,375.086634
1.0,74,375.12009
1.0,23,375.13034
1.0,48,375.152007
1.0,52,375.175438
1.0,73,375.208029
1.0,19,375.216448
1.0,36,375.232499
1.0,59,375.25874
1.0,79,375.294015
1.0,23,375.304258
1.0,44,375.323956
1.0,54,375.347891
1.0,81,375.383894
1.0,18,375.391915
1.0,44,375.411495
1.0,47,375.432828
1.0,75,375.46647
1.0,21,375.475786
1.0,46,375.496181
1.0,55,375.520644
0.0,62,375.548292
0.0,5,375.550536
1.0,40,375.568396
1.0,52,375.591585
1.0,73,375.624512
1.0,22,375.634257
1.0,50,375.656793
1.0,58,375.682785
1.0,71,375.714542
1.0,26,375.726058
1.0,42,375.74485
1.0,47,375.765873
1.0,78,375.800689
1.0,18,375.808794
1.0,42,375.827449
1.0,57,375.852786
1.0,71,375.884622
1.0,18,375.892631
1.0,36,375.908624
1.0,54,375.932762
1.0,75,375.966289
1.0,18,375.974296
0.0,34,375.989458
1.0,52,376.012649
0.0,65,376.042179
1.0,18,376.050193
1.0,46,376.070923
0.0,3,376.072278
0.0,38,376.089307
1.0,20,376.098289
1.0,44,376.11818
1.0,60,376.144799
1.0,74,376.178228
1.0,27,376.19025
1.0,38,376.207152
1.0,52,376.230335
1.0,76,376.264252
1.0,18,376.272259
1.0,40,376.290474
1.0,49,376.31297
1.0,71,376.345464
1.0,18,376.353473
1.0,40,376.371388
1.0,52,376.394429
1.0,67,376.424512
1.0,24,376.435256
1.0,40,376.453218
1.0,49,376.474977
1.0,84,376.512491
1.0,18,376.520593
1.0,40,376.538388
1.0,40,376.556167
1.0,83,376.593528
1.0,20,376.602746
0.0,13,376.608532
1.0,55,376.633482
1.0,74,376.667278
0.0,10,376.672122
1.0,38,376.689056
1.0,50,376.713312
1.0,78,376.749641
1.0,18,376.757689
1.0,36,376.773811
1.0,49,376.795743
1.0,75,376.829328
1.0,18,376.837321
1.0,46,376.857738
1.0,54,376.881739
1.0,76,376.915653
1.0,18,376.923699
1.0,40,376.941514
1.0,58,376.967281
0.0,48,376.98873
1.0,21,376.998021
1.0,45,377.018103
0.0,9,377.022079
1.0,72,377.054432
1.0,18,377.062427
1.0,40,377.080179
1.0,54,377.104492
1.0,77,377.139082
1.0,18,377.147077
1.0,38,377.16439
1.0,48,377.185984
1.0,71,377.218486
1.0,26,377.230102
0.0,10,377.234878
1.0,50,377.257204
0.0,69,377.2882
1.0,20,377.29706
1.0,40,377.314957
1.0,52,377.338061
1.0,75,377.371583
1.0,24,377.382221
1.0,40,377.400172
1.0,48,377.421611
1.0,71,377.453421
1.0,18,377.461409
1.0,40,377.47925
1.0,48,377.500612
1.0,79,377.536015
1.0,20,377.545004
1.0,36,377.561103
1.0,56,377.586074
1.0,81,377.622887
1.0,18,377.630898
1.0,44,377.650522
1.0,46,377.671721
0.0,30,377.685186
1.0,20,377.69419
1.0,42,377.712842
1.0,59,377.739355
1.0,67,377.769407
1.0,20,377.77829
1.0,40,377.796125
1.0,52,377.819288
1.0,72,377.852108
1.0,20,377.86094
0.0,23,377.871248
1.0,59,377.897464
1.0,75,377.931159
1.0,20,377.940057
1.0,44,377.959662
1.0,50,377.981855
1.0,71,378.013607
1.0,18,378.021636
1.0,37,378.038186
1.0,55,378.062595
0.0,23,378.072936
1.0,19,378.08129
1.0,40,378.099438
1.0,48,378.121148
1.0,67,378.151153
1.0,20,378.160382
1.0,48,378.182039
1.0,50,378.204344
1.0,86,378.242598
1.0,20,378.25145
1.0,40,378.26945
1.0,48,378.290753
1.0,70,378.322047
1.0,18,378.330028
1.0,36,378.346098
1.0,49,378.367912
1.0,73,378.400526
1.0,20,378.409408
1.0,38,378.426462
1.0,55,378.451158
1.0,79,378.486503
1.0,20,378.495368
1.0,42,378.514044
1.0,53,378.537632
1.0,77,378.572006
1.0,18,378.580054
1.0,45,378.600407
1.0,50,378.623049
1.0,77,378.65786
1.0,22,378.667616
1.0,49,378.6897
1.0,52,378.712847
0.0,51,378.735617
1.0,18,378.743616
1.0,40,378.761495
1.0,52,378.784595
1.0,73,378.817443
1.0,22,378.827233
1.0,36,378.843265
1.0,53,378.866767
1.0,73,378.899245
1.0,20,378.908174
1.0,40,378.925991
1.0,50,378.948363
1.0,75,378.981937
1.0,20,378.990802
1.0,36,379.006877
1.0,55,379.031377
0.0,65,379.060767
1.0,21,379.070119
1.0,40,379.087974
1.0,46,379.108796
1.0,78,379.143775
1.0,23,379.1542
1.0,36,379.170562
0.0,7,379.1737
1.0,71,379.205526
1.0,20,379.214491
1.0,40,379.232272
1.0,55,379.256846
0.0,20,379.265758
1.0,18,379.273738
1.0,40,379.291986
0.0,44,379.312021
1.0,79,379.347602
1.0,20,379.356594
0.0,7,379.359684
0.0,28,379.372124
1.0,76,379.406157
1.0,18,379.414136
1.0,41,379.432542
1.0,58,379.458264
1.0,79,379.493518
1.0,20,379.502391
1.0,40,379.52031
1.0,50,379.542465
1.0,73,379.575093
1.0,21,379.584507
1.0,44,379.604309
1.0,59,379.631061
1.0,77,379.666304
1.0,22,379.676415
1.0,41,379.694655
1.0,48,379.71613
1.0,79,379.751501
1.0,18,379.759515
1.0,36,379.775652
1.0,50,379.797846
1.0,71,379.829599
1.0,20,379.838479
0.0,9,379.842506
1.0,50,379.864796
1.0,78,379.899528
1.0,24,379.910165
1.0,40,379.928083
1.0,54,379.952057
1.0,74,379.985146
1.0,20,379.994028
1.0,36,380.010062
1.0,48,380.0314
0.0,54,380.055556
1.0,18,380.063667
1.0,42,380.082597
1.0,47,380.103734
0.0,9,380.107748
1.0,18,380.116028
0.0,25,380.127076
0.0,10,380.13154
1.0,77,380.166101
1.0,20,380.175365
1.0,46,380.195847
1.0,58,380.221527
1.0,73,380.254547
1.0,18,380.262561
1.0,48,380.283951
1.0,46,380.304419
0.0,42,380.323174
1.0,18,380.331152
1.0,36,380.347273
0.0,34,380.362332
0.0,18,380.370353
1.0,20,380.379306
1.0,41,380.397485
1.0,56,380.422471
1.0,89,380.462143
0.0,12,380.467518
1.0,44,380.487054
1.0,46,380.507608
1.0,74,380.540772
1.0,18,380.548779
1.0,44,380.56845
0.0,26,380.580019
1.0,76,380.61429
1.0,20,380.623395
1.0,46,380.643956
1.0,57,380.669783
1.0,79,380.70507
1.0,18,380.713068
1.0,40,380.731029
1.0,55,380.75554
1.0,71,380.78817
1.0,23,380.798541
1.0,40,380.816837
1.0,56,380.841793
1.0,69,380.873203
1.0,19,380.881606
1.0,40,380.899343
1.0,52,380.922466
0.0,40,380.940353
1.0,22,380.950196
0.0,23,380.960453
1.0,52,380.98364
1.0,84,381.021161
1.0,20,381.030029
0.0,28,381.042512
1.0,50,381.064668
1.0,74,381.097728
1.0,20,381.106919
1.0,36,381.123235
1.0,48,381.144746
1.0,84,381.182848
1.0,22,381.192618
1.0,38,381.209741
1.0,64,381.238139
0.0,11,381.243029
1.0,22,381.252786
1.0,40,381.270531
1.0,50,381.292896
1.0,73,381.325533
1.0,20,381.334406
1.0,38,381.351272
1.0,47,381.372195
1.0,73,381.404781
0.0,14,381.411045
1.0,40,381.428848
1.0,50,381.451524
1.0,73,381.48421
1.0,22,381.493894
1.0,36,381.509898
1.0,52,381.533155
1.0,81,381.569327
1.0,20,381.578208
1.0,40,381.596144
1.0,53,381.620195
1.0,75,381.654082
1.0,20,381.662958
0.0,9,381.666994
1.0,54,381.691187
1.0,78,381.726021
1.0,20,381.73492
1.0,38,381.751935
1.0,49,381.773693
0.0,13,381.779592
1.0,27,381.791385
1.0,38,381.808266
1.0,50,381.830579
0.0,11,381.835483
1.0,20,381.844349
1.0,40,381.86214
1.0,54,381.886801
1.0,73,381.919331
1.0,20,381.928244
1.0,40,381.946016
1.0,47,381.966958
1.0,74,381.999909
1.0,24,382.010664
0.0,13,382.016448
1.0,66,382.046041
1.0,80,382.082539
1.0,24,382.093321
1.0,42,382.112545
1.0,62,382.140834
0.0,30,382.154764
1.0,20,382.163867
1.0,46,382.184943
0.0,7,382.188129
1.0,78,382.223848
1.0,18,382.23193
0.0,24,382.242577
1.0,56,382.267512
1.0,80,382.303125
1.0,22,382.313054
1.0,44,382.332518
1.0,50,382.355099
1.0,71,382.386857
1.0,18,382.394851
1.0,44,382.414404
1.0,50,382.436736
1.0,71,382.468519
1.0,20,382.477401
1.0,43,382.496596
1.0,56,382.521551
0.0,32,382.535931
1.0,19,382.544338
1.0,42,382.563155
1.0,49,382.585023
1.0,75,382.619262
1.0,19,382.627715
1.0,38,382.644945
1.0,64,382.674094
1.0,71,382.705966
1.0,22,382.715708
1.0,43,382.73487
1.0,55,382.759197
1.0,80,382.794778
1.0,18,382.802884
1.0,40,382.820714
1.0,50,382.843064
0.0,54,382.867105
1.0,18,382.875205
1.0,46,382.895658
1.0,56,382.920563
1.0,69,382.951436
1.0,22,382.961186
1.0,45,382.981162
1.0,54,383.005233
1.0,79,383.040579
1.0,20,383.049461
0.0,13,383.055265
1.0,50,383.0775
1.0,79,383.113071
1.0,20,383.12221
1.0,36,383.138308
1.0,54,383.162584
0.0,9,383.166598
1.0,20,383.175922
1.0,41,383.194132
1.0,50,383.216445
1.0,75,383.249745
1.0,22,383.259668
1.0,38,383.276644
1.0,52,383.299789
1.0,78,383.334612
1.0,22,383.344361
1.0,36,383.360404
1.0,54,383.384468
1.0,71,383.416217
1.0,18,383.424184
1.0,45,383.444118
1.0,48,383.465464
0.0,46,383.486068
1.0,22,383.495814
1.0,38,383.512743
1.0,56,383.53772
1.0,83,383.574752
1.0,26,383.586294
1.0,44,383.606253
1.0,56,383.631552
1.0,73,383.664325
1.0,20,383.673599
1.0,38,383.690489
1.0,52,383.713599
1.0,73,383.746242
1.0,19,383.754679
0.0,25,383.765822
1.0,54,383.789825
1.0,71,383.821616
1.0,20,383.830504
1.0,57,383.856066
1.0,49,383.877824
0.0,15,383.884439
1.0,19,383.892866
1.0,40,383.910754
1.0,59,383.93698
1.0,81,383.973184
0.0,7,383.976304
1.0,41,383.994426
1.0,55,384.018934
1.0,71,384.050625
0.0,3,384.05197
1.0,36,384.068303
1.0,53,384.091968
0.0,71,384.124201
1.0,21,384.13349
1.0,44,384.153039
1.0,55,384.177977
1.0,79,384.213378
1.0,19,384.221789
0.0,23,384.232047
1.0,49,384.253864
1.0,83,384.291196
1.0,21,384.300383
1.0,39,384.318134
1.0,52,384.341171
1.0,70,384.372404
1.0,18,384.380451
1.0,42,384.399219
1.0,51,384.421951
1.0,82,384.458473
1.0,25,384.469646
1.0,44,384.489298
1.0,52,384.512403
0.0,32,384.526698
1.0,18,384.534702
1.0,38,384.551655
1.0,48,384.573089
0.0,11,384.578738
1.0,23,384.588905
1.0,36,384.60523
0.0,38,384.622639
1.0,79,384.658297
1.0,18,384.666306
1.0,42,384.68523
1.0,50,384.707528
1.0,76,384.741469
1.0,19,384.749873
1.0,44,384.769503
1.0,48,384.790827
1.0,75,384.82441
0.0,5,384.826666
1.0,40,384.844539
1.0,50,384.866733
1.0,78,384.901535
1.0,25,384.912577
1.0,38,384.929568
1.0,49,384.951338
0.0,50,384.973731
1.0,18,384.981713
1.0,42,385.000476
1.0,48,385.021819
1.0,71,385.053647
1.0,28,385.066098
1.0,38,385.08302
1.0,49,385.105177
0.0,44,385.125018
1.0,20,385.133892
1.0,38,385.15093
1.0,50,385.173694
1.0,77,385.208229
1.0,18,385.216238
1.0,41,385.234552
1.0,50,385.257118
1.0,85,385.296173
1.0,20,385.305091
1.0,40,385.323044
1.0,52,385.346273
1.0,73,385.379259
1.0,19,385.387587
0.0,9,385.391585
1.0,54,385.41567
1.0,73,385.448394
1.0,20,385.457267
0.0,30,385.470619
1.0,52,385.493786
1.0,71,385.525627
1.0,20,385.534508
1.0,40,385.552338
1.0,52,385.575475
1.0,81,385.611983
1.0,20,385.621188
0.0,13,385.626993
1.0,52,385.650176
1.0,72,385.682951
1.0,18,385.690933
1.0,38,385.707867
1.0,54,385.732009
1.0,83,385.768957
1.0,18,385.77698
1.0,42,385.795684
0.0,25,385.806692
1.0,79,385.842005
1.0,19,385.850432
1.0,44,385.870456
1.0,48,385.891814
1.0,78,385.926571
1.0,18,385.93464
1.0,36,385.950799
1.0,50,385.973036
1.0,94,386.015032
1.0,20,386.023907
1.0,40,386.041698
1.0,50,386.063979
1.0,72,386.096165
1.0,22,386.106248
0.0,9,386.110279
0.0,5,386.112526
1.0,69,386.143622
1.0,22,386.15337
1.0,40,386.171731
1.0,50,386.193914
1.0,75,386.227478
1.0,20,386.236351
1.0,40,386.254234
1.0,46,386.274664
1.0,82,386.31135
1.0,22,386.321227
0.0,13,386.327074
1.0,57,386.35246
1.0,73,386.385066
1.0,18,386.39318
0.0,19,386.401701
1.0,51,386.424586
1.0,79,386.460271
0.0,10,386.46515
1.0,42,386.483886
1.0,53,386.507362
1.0,87,386.546253
1.0,22,386.556009
1.0,48,386.577417
1.0,56,386.602715
1.0,79,386.638336
1.0,18,386.646328
1.0,42,386.66535
0.0,28,386.678022
1.0,81,386.714206
1.0,24,386.724841
1.0,48,386.746267
1.0,48,386.767661
1.0,69,386.798357
1.0,19,386.806906
1.0,36,386.822953
1.0,54,386.846997
1.0,85,386.885151
1.0,22,386.894939
1.0,45,386.915
0.0,38,386.932055
1.0,74,386.965388
1.0,22,386.97515
0.0,11,386.980026
1.0,50,387.002264
1.0,78,387.037091
1.0,20,387.045946
1.0,38,387.062753
1.0,54,387.087202
1.0,76,387.121603
1.0,18,387.129601
1.0,40,387.147439
1.0,63,387.175864
0.0,25,387.187028
1.0,18,387.195024
1.0,40,387.213031
1.0,53,387.237145
1.0,69,387.268036
1.0,18,387.276035
1.0,40,387.293815
1.0,57,387.31918
1.0,69,387.350021
1.0,20,387.358904
1.0,38,387.375832
1.0,49,387.397601
1.0,69,387.428431
1.0,18,387.436389
1.0,40,387.454232
1.0,50,387.476454
1.0,77,387.51081
1.0,18,387.518835
1.0,42,387.53761
1.0,52,387.560679
1.0,71,387.592472
1.0,18,387.600523
1.0,36,387.616938
1.0,50,387.639436
1.0,74,387.673241
1.0,18,387.681427
1.0,42,387.700267
1.0,55,387.724726
1.0,77,387.759097
1.0,18,387.767102
1.0,42,387.785686
1.0,51,387.80842
1.0,75,387.841889
1.0,20,387.850756
0.0,13,387.856486
0.0,7,387.859611
1.0,75,387.893042
1.0,20,387.901941
1.0,42,387.920712
1.0,54,387.944733
1.0,74,387.977968
1.0,20,387.986807
1.0,38,388.003631
1.0,61,388.030658
1.0,73,388.063369
1.0,24,388.073989
1.0,38,388.09091
1.0,58,388.116846
1.0,74,388.150112
1.0,20,388.159042
1.0,39,388.176828
1.0,50,388.199134
0.0,63,388.227269
1.0,18,388.235272
1.0,40,388.253122
1.0,51,388.276198
0.0,57,388.301713
1.0,22,388.311539
1.0,42,388.330198
1.0,53,388.353893
1.0,73,388.386551
1.0,20,388.395532
1.0,40,388.413291
1.0,55,388.43787
1.0,85,388.475978
1.0,20,388.484873
1.0,38,388.501813
1.0,55,388.526381
0.0,7,388.529487
1.0,23,388.539701
0.0,22,388.54957
1.0,51,388.572267
1.0,71,388.604338
1.0,24,388.614987
1.0,48,388.637176
1.0,53,388.661127
1.0,73,388.693875
1.0,18,388.701983
1.0,39,388.719297
0.0,25,388.730431
1.0,72,388.762639
1.0,18,388.770625
1.0,40,388.788511
1.0,56,388.813414
0.0,13,388.81918
1.0,22,388.828936
1.0,42,388.847586
1.0,53,388.871384
1.0,75,388.904969
1.0,20,388.913811
1.0,38,388.930825
1.0,56,388.955571
1.0,77,388.989981
1.0,20,388.998956
1.0,40,389.016744
1.0,49,389.038647
1.0,87,389.077386
1.0,20,389.086393
1.0,40,389.104494
1.0,58,389.130528
0.0,50,389.152768
1.0,18,389.161074
0.0,9,389.165092
1.0,58,389.191236
1.0,76,389.225266
1.0,25,389.236423
1.0,38,389.253323
1.0,53,389.27698
0.0,11,389.281868
1.0,20,389.291127
1.0,48,389.312805
1.0,61,389.339854
1.0,79,389.375117
1.0,22,389.384959
0.0,21,389.394345
1.0,55,389.418861
0.0,20,389.42782
1.0,22,389.437575
1.0,38,389.454629
1.0,55,389.479559
1.0,73,389.51221
1.0,24,389.522842
1.0,44,389.542567
1.0,54,389.566638
1.0,77,389.600926
1.0,18,389.609283
1.0,38,389.626595
1.0,53,389.650215
1.0,81,389.687038
1.0,18,389.695019
1.0,46,389.715414
1.0,52,389.739646
0.0,59,389.766574
1.0,20,389.775439
1.0,38,389.792414
1.0,58,389.818235
1.0,73,389.850807
1.0,20,389.859903
0.0,23,389.870349
1.0,61,389.897279
1.0,81,389.93337
1.0,22,389.94314
1.0,36,389.959356
1.0,53,389.982999
1.0,75,390.016317
1.0,27,390.028374
1.0,38,390.045245
1.0,51,390.068
0.0,36,390.084458
1.0,20,390.093307
1.0,38,390.110443
1.0,55,390.135139
1.0,75,390.168998
1.0,22,390.178995
1.0,38,390.195832
1.0,59,390.222818
1.0,78,390.257496
1.0,20,390.266384
1.0,43,390.285518
1.0,57,390.310848
1.0,78,390.345646
0.0,13,390.351403
1.0,40,390.369309
1.0,53,390.392889
0.0,23,390.403214
1.0,20,390.412005
1.0,38,390.428962
1.0,57,390.454325
0.0,21,390.463711
1.0,26,390.475342
1.0,42,390.494005
1.0,51,390.516784
1.0,75,390.550323
1.0,20,390.559236
1.0,42,390.578568
0.0,28,390.591179
1.0,77,390.626494
1.0,18,390.63445
1.0,38,390.651355
0.0,10,390.65624
1.0,79,390.692068
1.0,24,390.702907
1.0,40,390.720739
1.0,59,390.746936
0.0,41,390.765188
1.0,18,390.773196
1.0,40,390.791083
1.0,60,390.817868
0.0,18,390.825895
1.0,18,390.833884
1.0,36,390.849975
1.0,61,390.877119
0.0,32,390.891482
1.0,21,390.900752
1.0,40,390.91872
1.0,53,390.942413
1.0,75,390.976039
1.0,21,390.985333
1.0,37,391.001821
1.0,57,391.027377
1.0,85,391.065314
1.0,20,391.074212
1.0,41,391.092564
1.0,51,391.115427
0.0,12,391.121149
1.0,21,391.130547
1.0,40,391.148377
0.0,36,391.164778
1.0,82,391.201664
1.0,21,391.210896
0.0,9,391.214908
1.0,61,391.242038
1.0,77,391.276817
1.0,19,391.285292
1.0,52,391.308683
1.0,59,391.334818
1.0,79,391.370311
1.0,18,391.378308
1.0,41,391.396636
1.0,55,391.421125
1.0,71,391.452929
1.0,18,391.461093
1.0,40,391.478893
1.0,59,391.505181
1.0,74,391.53832
1.0,18,391.546335
1.0,47,391.567166
1.0,52,391.590414
1.0,81,391.627061
1.0,20,391.635925
1.0,36,391.652096
1.0,55,391.676931
1.0,77,391.711401
1.0,18,391.719417
1.0,36,391.735452
1.0,51,391.758128
1.0,75,391.791608
1.0,18,391.799673
1.0,40,391.81745
1.0,64,391.845954
1.0,71,391.877978
1.0,18,391.886025
0.0,9,391.890043
1.0,51,391.912832
1.0,71,391.944494
0.0,10,391.949062
1.0,40,391.96683
1.0,52,391.99001
1.0,71,392.021668
1.0,21,392.031044
1.0,39,392.048337
1.0,54,392.072761
1.0,79,392.108266
1.0,22,392.117987
1.0,42,392.137044
1.0,55,392.161875
1.0,75,392.195598
1.0,24,392.20649
1.0,36,392.222912
1.0,55,392.247384
0.0,51,392.270127
1.0,18,392.278111
0.0,9,392.282121
0.0,7,392.285236
1.0,73,392.317909
1.0,18,392.325872
0.0,29,392.338793
1.0,62,392.366367
1.0,77,392.402165
1.0,21,392.411666
1.0,38,392.428739
1.0,51,392.451502
1.0,81,392.48816
1.0,18,392.496188
1.0,42,392.514983
1.0,51,392.537848
1.0,78,392.57276
1.0,20,392.581656
1.0,42,392.600395
1.0,53,392.624499
1.0,72,392.657083
1.0,19,392.665498
1.0,40,392.683677
1.0,55,392.708201
1.0,77,392.742593
1.0,22,392.752416
1.0,44,392.77196
1.0,58,392.797742
0.0,20,392.806653
1.0,22,392.816371
1.0,38,392.833318
1.0,55,392.857979
1.0,73,392.890643
1.0,23,392.900899
0.0,21,392.910261
1.0,52,392.933411
1.0,81,392.969649
1.0,18,392.977695
1.0,41,392.995887
1.0,57,393.021231
0.0,59,393.047581
1.0,18,393.05558
1.0,45,393.075794
1.0,48,393.097451
0.0,54,393.122046
0.0,3,393.123395
1.0,44,393.142971
1.0,50,393.165632
1.0,90,393.20597
1.0,18,393.213987
1.0,46,393.234495
1.0,48,393.255822
1.0,75,393.289487
1.0,21,393.298788
1.0,36,393.314999
1.0,52,393.338119
1.0,74,393.371266
1.0,20,393.380138
1.0,44,393.399725
1.0,50,393.421927
0.0,71,393.453595
1.0,24,393.464332
1.0,38,393.481231
1.0,49,393.503045
0.0,57,393.52841
1.0,20,393.537376
1.0,40,393.55517
1.0,50,393.577454
1.0,73,393.610334
1.0,22,393.620356
1.0,38,393.637275
1.0,52,393.660775
1.0,71,393.693161
1.0,20,393.702077
0.0,28,393.714619
1.0,50,393.736876
1.0,78,393.771757
1.0,18,393.779751
1.0,48,393.801015
1.0,47,393.82188
0.0,48,393.843284
1.0,18,393.851291
1.0,38,393.868493
1.0,54,393.892559
1.0,71,393.924225
1.0,24,393.934897
1.0,38,393.951779
1.0,61,393.978813
0.0,56,394.003787
1.0,18,394.011804
1.0,43,394.030963
1.0,59,394.057124
1.0,74,394.090214
1.0,25,394.101255
1.0,51,394.124667
1.0,53,394.148223
0.0,38,394.165456
1.0,22,394.175562
0.0,30,394.189049
1.0,52,394.212623
1.0,74,394.24649
1.0,20,394.255473
1.0,44,394.275127
0.0,3,394.276477
1.0,77,394.312156
1.0,22,394.321954
1.0,43,394.341189
0.0,49,394.363172
1.0,79,394.39863
0.0,18,394.406782
1.0,43,394.425991
1.0,60,394.452677
1.0,84,394.490292
1.0,22,394.500052
1.0,38,394.516953
1.0,52,394.540108
1.0,73,394.572855
1.0,21,394.582186
1.0,45,394.602259
0.0,12,394.607858
1.0,70,394.639405
1.0,22,394.649188
0.0,27,394.661672
1.0,58,394.687645
0.0,40,394.705457
0.0,7,394.709167
1.0,40,394.729597
1.0,51,394.752401
1.0,85,394.790397
1.0,21,394.799643
1.0,42,394.818332
1.0,50,394.840526
1.0,82,394.877063
1.0,22,394.88718
1.0,42,394.905973
1.0,50,394.928281
1.0,73,394.960855
1.0,18,394.968886
1.0,36,394.985032
0.0,27,394.997066
1.0,73,395.029691
1.0,18,395.037737
1.0,38,395.05468
1.0,50,395.076938
1.0,73,395.110052
1.0,22,395.120044
1.0,42,395.138881
1.0,52,395.162379
1.0,79,395.197969
1.0,19,395.206372
1.0,40,395.224153
1.0,52,395.247387
1.0,79,395.282724
1.0,18,395.29073
0.0,13,395.296505
1.0,48,395.317925
1.0,81,395.354016
1.0,19,395.362359
1.0,38,395.379218
1.0,49,395.401073
1.0,81,395.437363
1.0,18,395.445348
1.0,42,395.464127
1.0,54,395.488406
1.0,78,395.523331
1.0,20,395.532235
1.0,52,395.555375
1.0,52,395.578503
0.0,59,395.605023
1.0,18,395.613069
0.0,35,395.629036
1.0,57,395.654436
1.0,73,395.687532
1.0,24,395.69826
1.0,36,395.714351
1.0,60,395.741011
1.0,81,395.77718
0.0,10,395.781656
1.0,41,395.799887
1.0,52,395.823092
1.0,77,395.857489
1.0,21,395.86713
1.0,40,395.884864
1.0,54,395.90884
1.0,75,395.942354
1.0,24,395.95302
1.0,41,395.971303
0.0,26,395.982835
1.0,72,396.014953
1.0,20,396.023817
1.0,42,396.042531
1.0,54,396.066689
1.0,71,396.098883
1.0,18,396.10726
1.0,39,396.124851
1.0,50,396.147157
1.0,73,396.18045
1.0,20,396.189393
1.0,36,396.205412
1.0,50,396.22785
1.0,88,396.267062
1.0,22,396.276834
1.0,44,396.296557
1.0,52,396.319655
1.0,91,396.360237
1.0,21,396.369569
1.0,38,396.386587
1.0,50,396.408948
1.0,77,396.44337
1.0,18,396.451464
1.0,38,396.468388
1.0,48,396.489794
1.0,72,396.522076
1.0,20,396.531011
1.0,40,396.548821
1.0,52,396.572706
1.0,73,396.605796
1.0,18,396.61385
1.0,57,396.639397
1.0,49,396.66156
1.0,83,396.698827
1.0,20,396.707712
1.0,42,396.726441
1.0,48,396.747761
1.0,71,396.779473
1.0,22,396.789287
1.0,38,396.806235
1.0,55,396.830718
1.0,78,396.865496
1.0,20,396.874387
0.0,13,396.880182
1.0,48,396.901641
1.0,78,396.936442
1.0,20,396.94536
1.0,42,396.964105
0.0,28,396.976608
0.0,55,397.001175
1.0,18,397.009174
1.0,42,397.027891
1.0,50,397.050188
1.0,73,397.082796
1.0,18,397.090894
1.0,40,397.10896
1.0,46,397.129729
1.0,71,397.161805
1.0,20,397.170712
1.0,41,397.1895
1.0,48,397.211105
1.0,86,397.249752
1.0,20,397.258648
1.0,45,397.278669
1.0,49,397.300457
1.0,81,397.336462
1.0,24,397.347149
1.0,44,397.366919
1.0,46,397.387485
0.0,34,397.40269
1.0,22,397.412353
1.0,40,397.430126
1.0,59,397.456323
1.0,73,397.488936
1.0,18,397.496949
0.0,29,397.510028
1.0,47,397.530887
0.0,22,397.540684
1.0,22,397.550485
1.0,41,397.568753
1.0,54,397.592758
1.0,71,397.625113
1.0,21,397.634439
1.0,40,397.652244
1.0,49,397.674755
1.0,75,397.708268
1.0,21,397.717733
1.0,42,397.736549
0.0,5,397.738785
0.0,11,397.743671
1.0,18,397.751704
1.0,38,397.768636
0.0,38,397.785592
1.0,77,397.819942
1.0,20,397.82883
1.0,38,397.84581
1.0,48,397.867168
0.0,64,397.895718
1.0,23,397.905945
1.0,44,397.925587
1.0,48,397.946851
0.0,22,397.95661
1.0,24,397.967326
1.0,40,397.985102
0.0,38,398.002035
1.0,73,398.034518
1.0,21,398.043849
1.0,36,398.059869
1.0,51,398.082513
1.0,78,398.117514
1.0,18,398.125721
1.0,41,398.143972
1.0,51,398.166872
0.0,54,398.191182
1.0,19,398.199552
1.0,36,398.215605
1.0,56,398.24054
1.0,71,398.272278
1.0,20,398.281162
1.0,36,398.29725
1.0,50,398.319502
1.0,76,398.353384
1.0,20,398.362236
1.0,42,398.380908
1.0,54,398.404912
0.0,18,398.41301
0.0,5,398.415243
1.0,40,398.433018
1.0,54,398.456985
1.0,76,398.491012
1.0,24,398.501611
1.0,41,398.519848
1.0,50,398.542103
1.0,75,398.576265
0.0,10,398.580745
1.0,42,398.599435
1.0,55,398.624632
1.0,75,398.658198
1.0,20,398.667085
0.0,17,398.674726
1.0,51,398.697713
1.0,76,398.73212
1.0,22,398.741874
1.0,40,398.759667
1.0,48,398.780961
1.0,72,398.813265
1.0,20,398.822158
1.0,38,398.839111
1.0,50,398.86129
1.0,75,398.895098
1.0,20,398.903986
1.0,50,398.926161
1.0,52,398.949284
1.0,81,398.985518
0.0,3,398.986869
1.0,42,399.005478
1.0,48,399.026889
1.0,78,399.061707
1.0,18,399.069777
0.0,9,399.073815
1.0,58,399.099669
1.0,77,399.134038
1.0,25,399.145121
1.0,45,399.165206
1.0,48,399.186659
1.0,79,399.222102
1.0,18,399.230095
1.0,38,399.247062
1.0,53,399.270623
1.0,75,399.305212
1.0,22,399.315082
1.0,44,399.334694
0.0,12,399.340054
0.0,63,399.368221
1.0,20,399.377122
1.0,48,399.398419
1.0,55,399.422701
1.0,67,399.452734
0.0,5,399.454986
1.0,40,399.472872
1.0,52,399.495947
1.0,73,399.528653
1.0,23,399.538872
0.0,25,399.550096
1.0,52,399.573082
0.0,13,399.578945
1.0,24,399.589686
1.0,37,399.606206
1.0,51,399.628904
1.0,75,399.662589
1.0,19,399.670972
1.0,40,399.688764
1.0,56,399.713702
1.0,73,399.746367
0.0,9,399.750395
1.0,40,399.768233
1.0,55,399.792793
1.0,71,399.824645
1.0,22,399.834397
0.0,9,399.83839
1.0,57,399.863797
1.0,79,399.899547
1.0,18,399.907597
1.0,38,399.924624
1.0,58,399.950258
1.0,71,399.982098
1.0,25,399.993187
1.0,47,400.014118
1.0,52,400.037225
1.0,79,400.072767
1.0,22,400.082678
1.0,38,400.099597
1.0,50,400.121973
1.0,73,400.154677
1.0,18,400.162817
1.0,36,400.178887
1.0,50,400.20124
1.0,67,400.231231
1.0,21,400.240536
1.0,39,400.257893
0.0,18,400.26594
1.0,78,400.300678
0.0,12,400.306148
1.0,38,400.323105
1.0,52,400.34622
1.0,75,400.38005
1.0,21,400.389282
1.0,36,400.405386
1.0,54,400.429327
0.0,40,400.447172
1.0,20,400.456163
1.0,36,400.472267
1.0,52,400.495342
1.0,73,400.52839
1.0,18,400.536541
1.0,40,400.554291
1.0,54,400.578301
1.0,69,400.60921
1.0,18,400.61725
1.0,41,400.635498
1.0,57,400.660969
1.0,71,400.692693
1.0,20,400.701557
1.0,38,400.718542
1.0,51,400.741198
1.0,72,400.773312
1.0,18,400.781306
1.0,38,400.798209
1.0,48,400.819524
1.0,74,400.852582
1.0,20,400.861466
1.0,44,400.881086
1.0,59,400.907027
1.0,79,400.942182
1.0,26,400.953763
1.0,36,400.969818
0.0,7,400.972937
0.0,65,401.001958
1.0,20,401.01083
1.0,38,401.027879
1.0,63,401.055772
0.0,39,401.073148
1.0,20,401.082077
1.0,43,401.101616
1.0,61,401.128755
0.0,16,401.135941
1.0,19,401.144357
1.0,38,401.161329
0.0,28,401.173832
1.0,76,401.207816
1.0,18,401.215864
1.0,36,401.231876
1.0,48,401.253192
1.0,75,401.286696
1.0,20,401.295682
1.0,41,401.313898
1.0,50,401.33621
0.0,11,401.341084
1.0,18,401.349097
0.0,9,401.353065
1.0,59,401.379324
1.0,73,401.412025
1.0,20,401.420892
1.0,47,401.441805
1.0,54,401.46579
0.0,61,401.493023
1.0,20,401.501885
1.0,38,401.518818
1.0,50,401.541023
0.0,10,401.545431
1.0,18,401.553485
0.0,7,401.556622
1.0,50,401.578829
0.0,32,401.593085
1.0,18,401.601065
1.0,44,401.620612
1.0,57,401.645721
0.0,15,401.652409
1.0,19,401.660839
1.0,38,401.677824
1.0,54,401.702249
0.0,7,401.705359
1.0,20,401.714259
1.0,42,401.732932
1.0,57,401.758363
0.0,33,401.773001
1.0,20,401.781938
1.0,44,401.801544
1.0,54,401.825626
1.0,73,401.858228
1.0,20,401.867101
1.0,42,401.886109
1.0,54,401.910169
1.0,73,401.942693
1.0,18,401.950687
1.0,36,401.966855
0.0,3,401.968211
0.0,21,401.977514
1.0,24,401.988178
1.0,48,402.00959
1.0,56,402.034456
0.0,32,402.048759
1.0,20,402.057707
1.0,38,402.074685
1.0,54,402.098712
1.0,74,402.131846
1.0,22,402.141613
1.0,36,402.157826
1.0,48,402.179419
0.0,65,402.208733
1.0,22,402.218825
1.0,38,402.235835
1.0,50,402.258081
1.0,76,402.291992
1.0,24,402.302943
1.0,43,402.322278
1.0,54,402.346264
1.0,77,402.380497
1.0,20,402.38942
1.0,50,402.411555
1.0,54,402.435613
1.0,71,402.467339
1.0,20,402.476197
1.0,38,402.493131
1.0,52,402.516314
1.0,67,402.546289
1.0,22,402.556031
1.0,40,402.574038
1.0,49,402.595837
1.0,71,402.627677
1.0,24,402.638332
1.0,38,402.655279
1.0,52,402.67848
1.0,80,402.714136
1.0,19,402.722691
1.0,39,402.740021
0.0,26,402.75157
1.0,69,402.782428
1.0,18,402.790416
1.0,50,402.812606
1.0,53,402.836139
1.0,75,402.869524
0.0,5,402.871807
0.0,11,402.876727
1.0,48,402.898044
1.0,77,402.932768
1.0,24,402.943412
1.0,36,402.959453
1.0,51,402.982184
0.0,23,402.992386
1.0,22,403.002095
1.0,40,403.019875
1.0,50,403.042101
1.0,76,403.076032
0.0,12,403.081407
1.0,38,403.098304
1.0,54,403.122528
1.0,68,403.153117
1.0,21,403.16287
1.0,42,403.181956
1.0,48,403.203418
1.0,77,403.23787
0.0,3,403.239221
1.0,42,403.257923
1.0,56,403.282765
1.0,74,403.316075
1.0,18,403.324103
0.0,21,403.333514
1.0,53,403.357026
1.0,76,403.391154
1.0,20,403.400032
1.0,38,403.417014
1.0,50,403.439271
1.0,80,403.474936
1.0,24,403.485662
1.0,40,403.503544
1.0,52,403.526968
0.0,32,403.541285
1.0,20,403.550141
1.0,54,403.574115
1.0,52,403.597238
1.0,75,403.63082
1.0,18,403.638822
1.0,46,403.659174
1.0,49,403.680884
1.0,72,403.71297
1.0,24,403.723579
1.0,38,403.740488
1.0,54,403.764457
0.0,50,403.786807
1.0,20,403.79568
1.0,44,403.815254
0.0,12,403.820671
0.0,50,403.842945
1.0,18,403.850948
1.0,43,403.870124
1.0,50,403.892317
1.0,79,403.927488
1.0,22,403.937233
0.0,33,403.951895
1.0,52,403.975024
0.0,36,403.991063
1.0,21,404.000365
1.0,40,404.01817
1.0,52,404.041168
1.0,83,404.078281
1.0,22,404.088074
0.0,31,404.10184
1.0,52,404.125435
1.0,79,404.160727
1.0,21,404.170013
0.0,11,404.174906
1.0,51,404.197599
1.0,79,404.233071
1.0,21,404.242362
1.0,36,404.258419
1.0,48,404.279794
1.0,73,404.313248
1.0,20,404.322179
0.0,25,404.33329
1.0,50,404.355479
1.0,73,404.388129
1.0,22,404.397818
1.0,38,404.41485
1.0,59,404.441066
0.0,22,404.450804
1.0,18,404.458851
1.0,41,404.477081
1.0,50,404.499302
0.0,67,404.529186
1.0,18,404.537293
1.0,38,404.554209
1.0,48,404.575707
1.0,78,404.610538
1.0,18,404.618536
0.0,31,404.632377
0.0,26,404.643954
1.0,73,404.676633
1.0,21,404.686032
1.0,42,404.704653
1.0,54,404.729035
1.0,73,404.761669
1.0,22,404.771423
1.0,40,404.789216
1.0,50,404.811526
1.0,74,404.844512
1.0,18,404.85253
1.0,39,404.869852
1.0,51,404.892741
1.0,78,404.927465
1.0,18,404.935471
1.0,38,404.952317
1.0,52,404.975395
1.0,75,405.008869
1.0,25,405.019937
1.0,40,405.037843
0.0,7,405.040971
1.0,69,405.071757
1.0,20,405.080592
1.0,38,405.09746
1.0,54,405.121473
1.0,78,405.156259
1.0,20,405.16521
1.0,40,405.18307
1.0,60,405.209727
1.0,76,405.24363
1.0,22,405.253452
1.0,38,405.270352
1.0,59,405.296618
1.0,77,405.331477
1.0,20,405.340347
1.0,40,405.358132
1.0,51,405.380819
1.0,71,405.412558
1.0,18,405.42065
0.0,11,405.425552
1.0,48,405.446958
1.0,81,405.483017
1.0,20,405.491884
1.0,37,405.508429
1.0,56,405.53333
1.0,71,405.565144
1.0,25,405.576143
1.0,38,405.593051
1.0,52,405.616246
1.0,79,405.651466
1.0,18,405.659542
1.0,46,405.680059
1.0,48,405.701469
1.0,90,405.741444
1.0,18,405.749471
1.0,40,405.767319
1.0,51,405.789961
1.0,67,405.819883
1.0,18,405.827861
1.0,42,405.846547
1.0,56,405.871457
0.0,21,405.880864
0.0,5,405.883104
1.0,38,405.899957
0.0,40,405.918136
1.0,81,405.954386
1.0,19,405.962819
0.0,28,405.975318
1.0,48,405.996622
1.0,75,406.029997
1.0,21,406.039322
1.0,40,406.057138
1.0,48,406.078459
1.0,75,406.111929
1.0,25,406.123021
0.0,9,406.127053
1.0,50,406.149213
1.0,79,406.184506
1.0,19,406.192964
1.0,39,406.210332
1.0,54,406.234342
1.0,72,406.266472
1.0,21,406.275754
1.0,42,406.294416
1.0,54,406.318512
1.0,74,406.351563
1.0,18,406.359574
1.0,40,406.377551
1.0,47,406.398459
1.0,79,406.433758
1.0,20,406.442632
1.0,42,406.461297
1.0,58,406.487113
1.0,79,406.52282
1.0,18,406.530821
1.0,42,406.549584
1.0,52,406.572722
1.0,71,406.604515
1.0,20,406.613458
1.0,46,406.633919
1.0,53,406.657546
1.0,75,406.691073
0.0,14,406.6973
1.0,42,406.717404
1.0,56,406.74398
1.0,75,406.777508
1.0,20,406.786384
1.0,38,406.80347
1.0,58,406.8292
1.0,80,406.864805
1.0,21,406.874105
1.0,42,406.893517
1.0,53,406.916951
1.0,77,406.951217
1.0,22,406.961026
1.0,38,406.978
1.0,49,406.999758
1.0,89,407.039501
1.0,23,407.049672
0.0,14,407.055887
1.0,52,407.078951
1.0,75,407.112771
1.0,22,407.122557
1.0,38,407.139527
0.0,38,407.156367
1.0,69,407.187258
1.0,18,407.195232
1.0,40,407.213341
0.0,30,407.226861
1.0,78,407.261642
1.0,26,407.273148
1.0,42,407.291855
1.0,49,407.31357
1.0,80,407.349201
1.0,18,407.357185
1.0,38,407.374131
1.0,53,407.397621
1.0,76,407.431461
1.0,22,407.441245
1.0,45,407.461122
1.0,54,407.485113
0.0,42,407.503768
1.0,18,407.511778
1.0,40,407.529628
1.0,61,407.556625
1.0,79,407.59189
1.0,20,407.600798
1.0,46,407.62152
1.0,55,407.646852
1.0,74,407.680131
1.0,20,407.689029
1.0,44,407.708644
0.0,23,407.719347
1.0,74,407.752543
1.0,18,407.760541
1.0,47,407.781344
1.0,49,407.803115
1.0,72,407.83527
1.0,18,407.843268
1.0,38,407.860126
0.0,38,407.877123
0.0,57,407.902675
1.0,20,407.911544
1.0,38,407.928451
1.0,54,407.952467
1.0,73,407.985137
1.0,19,407.993574
1.0,41,408.011867
1.0,50,408.03408
1.0,79,408.069625
1.0,25,408.080817
1.0,45,408.10085
1.0,55,408.125356
1.0,79,408.160611
0.0,10,408.165084
0.0,9,408.169105
1.0,41,408.187247
0.0,55,408.211718
1.0,18,408.219722
1.0,39,408.237112
0.0,32,408.251358
1.0,78,408.286147
1.0,18,408.294141
0.0,21,408.303507
1.0,48,408.325485
0.0,13,408.331242
1.0,20,408.34011
1.0,42,408.358802
1.0,54,408.382696
1.0,70,408.414135
0.0,12,408.419523
1.0,36,408.435613
1.0,49,408.457379
1.0,75,408.490759
1.0,18,408.498761
1.0,44,408.518346
1.0,52,408.541474
0.0,7,408.544572
1.0,18,408.552578
0.0,33,408.567173
1.0,48,408.588539
1.0,85,408.62641
1.0,18,408.634456
1.0,40,408.652372
1.0,55,408.67693
1.0,83,408.71385
1.0,18,408.721838
1.0,44,408.741348
1.0,48,408.762688
1.0,77,408.797045
1.0,20,408.806041
1.0,38,408.822859
1.0,53,408.846428
1.0,76,408.880346
0.0,7,408.883492
1.0,38,408.900358
1.0,52,408.923839
0.0,11,408.928687
1.0,24,408.939289
1.0,42,408.958061
0.0,31,408.971776
1.0,76,409.005741
0.0,9,409.009735
1.0,40,409.027478
1.0,58,409.053215
1.0,72,409.085348
1.0,22,409.095012
1.0,40,409.112939
0.0,43,409.132133
1.0,75,409.165672
1.0,18,409.173686
1.0,36,409.189695
1.0,55,409.21433
0.0,7,409.21744
1.0,22,409.227242
1.0,42,409.245902
1.0,54,409.269971
1.0,75,409.303741
1.0,21,409.313479
1.0,43,409.332608
1.0,52,409.355736
1.0,73,409.389742
1.0,22,409.39966
1.0,44,409.419384
1.0,54,409.443395
1.0,71,409.475273
1.0,20,409.484221
1.0,40,409.502059
1.0,56,409.527501
0.0,7,409.530618
1.0,18,409.538614
1.0,41,409.557702
1.0,56,409.582719
1.0,77,409.61716
1.0,20,409.626016
1.0,39,409.643365
1.0,61,409.670313
1.0,75,409.703828
1.0,19,409.71219
1.0,42,409.730836
1.0,50,409.753085
1.0,71,409.78481
1.0,20,409.793723
1.0,42,409.81224
1.0,51,409.834941
1.0,84,409.872253
1.0,21,409.881577
0.0,9,409.885585
0.0,9,409.889609
1.0,71,409.921375
1.0,18,409.929354
1.0,38,409.946236
1.0,55,409.970624
0.0,52,409.993782
0.0,7,409.996893
0.0,21,410.006214
1.0,50,410.028461
0.0,11,410.033355
1.0,18,410.04134
1.0,42,410.060095
1.0,48,410.081382
1.0,75,410.114949
1.0,20,410.123813
1.0,42,410.142518
1.0,47,410.163514
0.0,51,410.186239
1.0,18,410.194221
1.0,41,410.212447
1.0,61,410.239596
1.0,81,410.275676
1.0,19,410.284142
1.0,36,410.300124
1.0,46,410.320718
1.0,79,410.355899
0.0,7,410.359025
1.0,40,410.37676
1.0,48,410.398082
1.0,75,410.431554
1.0,18,410.43954
1.0,42,410.458234
0.0,18,410.466199
0.0,11,410.471091
1.0,20,410.479972
1.0,41,410.498229
1.0,52,410.521397
1.0,73,410.55395
1.0,18,410.561936
1.0,38,410.578892
1.0,46,410.599322
1.0,78,410.634098
1.0,22,410.643835
1.0,44,410.663575
1.0,54,410.687441
1.0,69,410.718233
1.0,18,410.726233
1.0,38,410.743239
1.0,49,410.764893
1.0,71,410.79656
0.0,10,410.801024
1.0,39,410.818441
1.0,55,410.842773
1.0,77,410.87702
1.0,22,410.887025
1.0,43,410.906171
1.0,53,410.929681
1.0,81,410.965712
1.0,18,410.973799
1.0,38,410.990672
0.0,7,410.993776
1.0,83,411.030817
1.0,20,411.039758
1.0,38,411.057152
1.0,55,411.0817
1.0,75,411.115139
1.0,20,411.124007
1.0,46,411.144383
0.0,13,411.150212
0.0,24,411.160946
1.0,18,411.168942
1.0,40,411.186723
1.0,57,411.212149
1.0,76,411.245982
0.0,3,411.247334
1.0,42,411.266006
1.0,53,411.289424
1.0,71,411.321141
0.0,7,411.324285
1.0,42,411.342935
1.0,57,411.368239
1.0,70,411.399457
1.0,18,411.407436
1.0,40,411.425288
0.0,17,411.432786
1.0,80,411.468349
1.0,22,411.478063
1.0,40,411.49587
1.0,50,411.518221
1.0,77,411.552477
1.0,18,411.560483
1.0,36,411.576675
1.0,48,411.597971
1.0,76,411.631907
1.0,18,411.639925
1.0,38,411.656869
1.0,48,411.678257
1.0,80,411.71388
1.0,18,411.721871
1.0,36,411.737846
1.0,56,411.762731
0.0,15,411.769385
1.0,20,411.778262
1.0,44,411.797818
1.0,50,411.820015
1.0,76,411.853889
1.0,19,411.862291
1.0,40,411.880039
1.0,54,411.904047
1.0,77,411.938258
1.0,22,411.948025
1.0,36,411.963983
1.0,48,411.985258
1.0,78,412.019888
1.0,20,412.028768
1.0,38,412.045616
1.0,47,412.066807
1.0,71,412.099313
1.0,21,412.109233
1.0,47,412.13015
1.0,58,412.155698
1.0,79,412.191045
0.0,9,412.195041
0.0,23,412.205445
1.0,57,412.231004
1.0,81,412.267086
1.0,20,412.275931
1.0,42,412.294601
1.0,52,412.317812
0.0,36,412.333794
1.0,18,412.341787
1.0,36,412.357809
1.0,50,412.379928
0.0,38,412.397125
1.0,18,412.405097
1.0,40,412.422879
1.0,48,412.444232
1.0,75,412.47765
0.0,5,412.47989
1.0,39,412.497191
1.0,54,412.521862
0.0,22,412.531665
0.0,9,412.535695
1.0,36,412.551783
0.0,9,412.555796
1.0,79,412.591158
1.0,22,412.600916
1.0,40,412.619093
1.0,56,412.644406
1.0,76,412.678979
1.0,23,412.689542
0.0,25,412.700788
1.0,50,412.723062
1.0,76,412.75718
1.0,18,412.765217
0.0,13,412.771096
1.0,48,412.792465
1.0,82,412.829012
1.0,24,412.839632
1.0,43,412.858753
1.0,52,412.881734
0.0,65,412.910698
1.0,20,412.919587
1.0,38,412.936565
1.0,50,412.958798
1.0,81,412.994903
1.0,20,413.00379
1.0,44,413.023344
1.0,50,413.045572
0.0,26,413.057236
1.0,20,413.066105
1.0,40,413.084015
1.0,51,413.106613
1.0,73,413.139266
1.0,20,413.148195
0.0,11,413.153105
0.0,28,413.165574
1.0,81,413.201576
1.0,22,413.211302
1.0,49,413.232991
1.0,51,413.255624
1.0,79,413.29127
1.0,20,413.300253
1.0,42,413.319161
1.0,64,413.347565
1.0,72,413.379664
1.0,22,413.389396
1.0,49,413.410996
1.0,59,413.437227
1.0,73,413.469802
1.0,18,413.477786
1.0,38,413.4948
1.0,50,413.51691
1.0,73,413.549583
1.0,24,413.560375
1.0,44,413.579948
1.0,52,413.603085
1.0,75,413.636514
1.0,20,413.645462
1.0,38,413.662386
1.0,54,413.686438
1.0,69,413.717297
1.0,29,413.730122
1.0,38,413.747065
1.0,52,413.770329
0.0,48,413.791805
1.0,22,413.801542
1.0,38,413.818458
1.0,50,413.840714
1.0,81,413.876833
1.0,25,413.888431
1.0,38,413.905548
0.0,38,413.922434
1.0,81,413.958556
1.0,20,413.967423
1.0,38,413.984521
1.0,52,414.007566
0.0,22,414.01743
1.0,18,414.025461
1.0,38,414.042344
0.0,16,414.049495
1.0,75,414.08297
1.0,18,414.090976
0.0,13,414.096849
1.0,50,414.119073
0.0,56,414.144021
1.0,18,414.152007
1.0,40,414.169987
1.0,46,414.190408
1.0,77,414.224839
1.0,18,414.232847
1.0,38,414.249873
1.0,50,414.27211
1.0,76,414.306354
1.0,20,414.315632
1.0,44,414.335216
1.0,50,414.35744
1.0,70,414.38862
1.0,19,414.397094
1.0,40,414.414947
0.0,26,414.426517
1.0,79,414.461637
1.0,18,414.469608
1.0,41,414.487842
0.0,26,414.499758
0.0,20,414.508724
1.0,18,414.516715
1.0,40,414.534577
1.0,57,414.56022
0.0,38,414.57752
1.0,20,414.586511
1.0,40,414.604276
1.0,49,414.626213
1.0,77,414.660719
1.0,18,414.668721
1.0,36,414.684727
1.0,47,414.7057
1.0,79,414.741011
1.0,21,414.750295
1.0,36,414.766324
1.0,57,414.791562
1.0,71,414.82333
1.0,23,414.833373
0.0,9,414.837394
0.0,5,414.839642
1.0,79,414.874787
1.0,22,414.884522
0.0,23,414.894858
1.0,57,414.920115
1.0,69,414.950969
1.0,18,414.958981
1.0,42,414.977725
1.0,51,415.000383
1.0,67,415.030271
1.0,20,415.039315
1.0,36,415.055331
1.0,52,415.078423
1.0,88,415.117936
0.0,5,415.120182
1.0,40,415.137944
0.0,27,415.149856
1.0,67,415.179868
1.0,18,415.187854
0.0,9,415.19192
1.0,51,415.214576
1.0,77,415.249879
1.0,20,415.258785
1.0,42,415.277525
1.0,51,415.300201
1.0,81,415.336315
1.0,23,415.346537
1.0,53,415.370012
1.0,52,415.393469
1.0,81,415.429877
1.0,25,415.441267
0.0,12,415.446636
1.0,50,415.468943
0.0,54,415.493178
1.0,18,415.501173
1.0,42,415.519867
1.0,60,415.546486
1.0,75,415.580026
1.0,24,415.590544
1.0,47,415.61176
1.0,52,415.634753
1.0,77,415.669168
1.0,18,415.677158
0.0,9,415.68125
1.0,52,415.704783
1.0,77,415.739078
1.0,26,415.750534
0.0,21,415.759939
0.0,5,415.762177
1.0,67,415.792024
1.0,20,415.800896
1.0,44,415.820503
0.0,5,415.82275
1.0,75,415.856171
1.0,20,415.86496
1.0,42,415.88366
1.0,51,415.906281
1.0,78,415.941034
1.0,18,415.949113
1.0,42,415.967672
1.0,53,415.991286
1.0,71,416.022954
0.0,10,416.02742
0.0,32,416.0416
1.0,52,416.064812
1.0,72,416.097111
0.0,10,416.101585
1.0,40,416.119371
1.0,49,416.141199
0.0,50,416.163472
1.0,20,416.17237
1.0,44,416.191925
1.0,46,416.212401
1.0,73,416.244947
1.0,21,416.254457
0.0,30,416.267827
1.0,53,416.291502
1.0,79,416.327275
1.0,23,416.337389
1.0,38,416.354286
1.0,54,416.378271
1.0,77,416.412603
1.0,24,416.423352
0.0,34,416.438601
1.0,55,416.462935
1.0,76,416.496833
1.0,23,416.506963
1.0,44,416.526631
1.0,60,416.553907
0.0,24,416.564682
1.0,18,416.573186
1.0,45,416.593356
1.0,61,416.620512
1.0,79,416.655947
1.0,18,416.66414
1.0,38,416.681053
1.0,52,416.704202
0.0,63,416.732262
1.0,18,416.740318
1.0,44,416.759867
1.0,49,416.781664
1.0,74,416.814994
1.0,18,416.822976
1.0,44,416.842552
0.0,34,416.85752
1.0,71,416.889388
1.0,20,416.898631
1.0,38,416.915582
1.0,53,416.939013
1.0,76,416.972899
1.0,20,416.981798
0.0,9,416.98583
1.0,49,417.007681
1.0,82,417.044303
1.0,20,417.053226
1.0,40,417.070965
1.0,50,417.093234
1.0,74,417.126338
0.0,7,417.129457
1.0,44,417.14899
1.0,54,417.173046
1.0,71,417.205069
1.0,21,417.214366
0.0,9,417.218386
1.0,52,417.241872
1.0,75,417.275352
1.0,18,417.283366
1.0,40,417.301157
0.0,28,417.3137
1.0,67,417.343726
1.0,18,417.351735
1.0,38,417.368689
1.0,53,417.392292
0.0,34,417.407413
1.0,18,417.415399
1.0,50,417.437692
1.0,63,417.465616
0.0,40,417.483368
1.0,22,417.49311
1.0,36,417.50947
1.0,48,417.530738
1.0,81,417.566917
1.0,20,417.575842
1.0,40,417.593673
1.0,52,417.616934
1.0,77,417.65123
1.0,21,417.660493
1.0,44,417.680092
1.0,48,417.701459
1.0,74,417.734472
1.0,20,417.743322
1.0,43,417.762575
1.0,57,417.787851
0.0,58,417.813642
1.0,24,417.824283
1.0,40,417.842167
1.0,56,417.867041
1.0,73,417.899592
1.0,19,417.908023
1.0,43,417.927174
1.0,48,417.948568
1.0,73,417.981097
1.0,23,417.991372
1.0,38,418.008269
1.0,55,418.03273
1.0,82,418.069396
1.0,20,418.078326
1.0,40,418.096225
1.0,49,418.118345
0.0,32,418.132635
1.0,18,418.140738
1.0,44,418.160259
1.0,50,418.182632
1.0,69,418.213637
1.0,18,418.221611
1.0,38,418.238508
1.0,50,418.260784
1.0,86,418.299109
1.0,25,418.310266
1.0,37,418.326829
1.0,50,418.349145
1.0,81,418.385244
1.0,22,418.395236
1.0,42,418.413951
1.0,57,418.439321
1.0,74,418.472281
1.0,18,418.480452
1.0,42,418.499152
1.0,50,418.521487
1.0,72,418.55363
1.0,28,418.565954
1.0,42,418.584667
1.0,50,418.606972
1.0,72,418.639231
1.0,22,418.649021
1.0,40,418.666921
0.0,26,418.678638
1.0,73,418.711599
1.0,18,418.719617
1.0,42,418.738374
1.0,50,418.760594
1.0,71,418.792282
1.0,20,418.801249
1.0,40,418.819089
0.0,12,418.824451
1.0,82,418.860845
1.0,22,418.870577
1.0,40,418.888424
1.0,46,418.909001
1.0,71,418.940769
1.0,22,418.950523
1.0,37,418.96697
1.0,46,418.987464
1.0,79,419.022756
1.0,20,419.031656
1.0,43,419.050839
1.0,52,419.073932
1.0,73,419.106566
1.0,22,419.116347
0.0,9,419.120377
1.0,51,419.142867
1.0,70,419.174213
1.0,23,419.184381
1.0,43,419.203742
1.0,51,419.226974
1.0,72,419.259114
1.0,22,419.268871
1.0,44,419.288529
1.0,52,419.31255
0.0,52,419.335755
1.0,20,419.344632
1.0,40,419.36249
1.0,52,419.385706
1.0,79,419.420911
0.0,3,419.422347
1.0,38,419.439207
1.0,50,419.46157
0.0,16,419.468689
1.0,21,419.478011
1.0,37,419.494515
0.0,5,419.496762
1.0,67,419.526765
1.0,20,419.535684
1.0,44,419.555249
1.0,51,419.578056
0.0,19,419.586462
1.0,18,419.594471
1.0,40,419.612487
1.0,55,419.636791
1.0,73,419.66945
1.0,20,419.678306
0.0,9,419.682328
1.0,57,419.707814
1.0,79,419.747358
1.0,19,419.755841
1.0,42,419.77462
1.0,53,419.798208
0.0,42,419.817022
1.0,20,419.825905
1.0,41,419.844301
1.0,51,419.866951
1.0,81,419.903604
1.0,22,419.913508
1.0,38,419.930469
1.0,51,419.953182
0.0,55,419.977662
1.0,23,419.987929
1.0,42,420.006593
1.0,53,420.030221
0.0,61,420.057605
1.0,22,420.067523
1.0,40,420.085506
0.0,22,420.095337
1.0,75,420.128894
1.0,18,420.136883
1.0,38,420.153804
1.0,49,420.175672
1.0,80,420.21142
1.0,20,420.220291
1.0,42,420.238965
0.0,44,420.258563
1.0,73,420.291134
1.0,20,420.300015
1.0,39,420.317431
1.0,61,420.344522
1.0,76,420.378495
1.0,19,420.386908
1.0,38,420.403736
1.0,58,420.429492
1.0,81,420.465548
1.0,19,420.473934
0.0,27,420.485949
1.0,57,420.511505
1.0,71,420.543417
1.0,19,420.551825
1.0,36,420.567881
1.0,54,420.591878
1.0,81,420.627891
1.0,20,420.636837
1.0,44,420.656381
1.0,51,420.679172
0.0,46,420.699678
1.0,20,420.708551
1.0,40,420.726365
1.0,51,420.748927
1.0,74,420.781881
1.0,18,420.78995
1.0,44,420.809412
0.0,11,420.814323
1.0,73,420.846892
1.0,20,420.855738
1.0,44,420.875269
1.0,48,420.89667
0.0,22,420.906397
1.0,18,420.914374
0.0,26,420.925958
1.0,57,420.951165
0.0,9,420.955147
1.0,20,420.963969
1.0,39,420.981343
1.0,54,421.005476
1.0,69,421.036861
1.0,20,421.046113
1.0,40,421.063867
1.0,57,421.089247
1.0,75,421.123
0.0,9,421.127017
1.0,38,421.143957
0.0,3,421.145308
1.0,81,421.181415
1.0,18,421.189418
1.0,42,421.208239
1.0,52,421.23126
1.0,80,421.266891
1.0,19,421.275372
1.0,45,421.295489
1.0,52,421.31866
1.0,73,421.351226
1.0,19,421.359575
1.0,42,421.378276
0.0,7,421.3814
1.0,80,421.417218
1.0,20,421.426173
0.0,7,421.429302
1.0,62,421.456804
0.0,65,421.485868
1.0,23,421.496044
1.0,38,421.51297
1.0,61,421.539985
1.0,87,421.578723
1.0,20,421.587584
1.0,38,421.604572
1.0,53,421.628299
1.0,80,421.664132
1.0,22,421.673916
1.0,43,421.693156
1.0,48,421.714858
1.0,76,421.748814
1.0,18,421.756815
0.0,30,421.770276
1.0,50,421.792491
1.0,73,421.825101
1.0,22,421.834861
1.0,36,421.8509
1.0,54,421.874788
1.0,74,421.907759
1.0,20,421.916675
1.0,36,421.932685
1.0,55,421.957274
1.0,76,421.9911
0.0,5,421.993414
1.0,53,422.016848
1.0,52,422.03995
1.0,85,422.07794
1.0,22,422.087698
1.0,38,422.104595
1.0,52,422.127841
0.0,38,422.144942
1.0,18,422.152937
1.0,36,422.169096
1.0,52,422.192298
1.0,74,422.225974
1.0,20,422.23491
1.0,46,422.255366
1.0,52,422.278661
1.0,72,422.311336
1.0,21,422.320626
1.0,47,422.341592
1.0,61,422.36859
1.0,77,422.402952
1.0,20,422.411926
1.0,38,422.428806
1.0,53,422.452423
1.0,77,422.486806
1.0,18,422.49482
1.0,44,422.514415
1.0,46,422.53499
1.0,70,422.566284
1.0,20,422.57516
1.0,43,422.59431
1.0,54,422.618385
1.0,84,422.655737
1.0,27,422.667697
1.0,46,422.688179
1.0,55,422.712639
1.0,75,422.746084
1.0,21,422.75542
1.0,40,422.773329
0.0,28,422.785844
1.0,74,422.818831
1.0,18,422.826876
1.0,44,422.846408
1.0,47,422.867243
1.0,79,422.902723
1.0,18,422.911132
1.0,40,422.928992
0.0,40,422.946861
1.0,75,422.980313
1.0,18,422.988406
1.0,41,423.006706
1.0,50,423.028932
1.0,74,423.061945
1.0,18,423.069924
1.0,36,423.085963
0.0,5,423.088291
0.0,39,423.105623
1.0,18,423.113688
1.0,38,423.13062
1.0,57,423.155878
1.0,81,423.192116
1.0,20,423.200959
1.0,40,423.218695
1.0,53,423.242336
1.0,77,423.276626
1.0,19,423.28502
1.0,37,423.301513
0.0,35,423.317166
1.0,76,423.351138
1.0,23,423.361347
1.0,39,423.378731
1.0,52,423.401838
1.0,81,423.437915
1.0,18,423.445904
1.0,40,423.46374
1.0,48,423.485109
1.0,75,423.518586
1.0,20,423.527479
1.0,39,423.54491
1.0,51,423.568268
1.0,72,423.60039
1.0,18,423.608358
0.0,25,423.619652
1.0,54,423.643637
0.0,32,423.657975
1.0,20,423.666874
0.0,25,423.678243
1.0,50,423.700773
1.0,79,423.73599
1.0,20,423.744842
1.0,38,423.761697
0.0,30,423.775037
1.0,78,423.809937
1.0,20,423.8188
1.0,42,423.837514
1.0,52,423.860494
0.0,20,423.869416
1.0,23,423.879616
1.0,42,423.898323
1.0,54,423.922358
0.0,41,423.940536
1.0,20,423.949427
1.0,40,423.967409
1.0,48,423.988752
1.0,75,424.022244
1.0,19,424.03061
1.0,40,424.048442
1.0,54,424.072698
1.0,77,424.107081
0.0,12,424.112599
0.0,13,424.118427
1.0,52,424.141484
1.0,77,424.175925
0.0,5,424.178168
0.0,21,424.187587
1.0,54,424.211554
1.0,79,424.246852
1.0,21,424.256155
1.0,42,424.274904
1.0,46,424.295675
1.0,72,424.328152
1.0,18,424.336177
1.0,40,424.353974
1.0,60,424.380617
1.0,71,424.412451
1.0,22,424.42225
1.0,40,424.440011
1.0,54,424.463898
1.0,76,424.497829
1.0,21,424.507123
1.0,44,424.52676
1.0,56,424.551519
1.0,74,424.584602
1.0,23,424.594755
1.0,42,424.613544
1.0,52,424.636567
1.0,73,424.669295
1.0,18,424.677382
1.0,37,424.693856
1.0,51,424.716607
1.0,75,424.749986
1.0,22,424.759855
1.0,40,424.77769
1.0,54,424.801775
0.0,54,424.825729
1.0,22,424.835542
1.0,46,424.85599
1.0,50,424.878278
1.0,82,424.914788
1.0,20,424.92361
1.0,37,424.9401
1.0,49,424.96198
1.0,71,424.993618
1.0,18,425.001605
1.0,41,425.019856
1.0,55,425.044355
1.0,75,425.077799
1.0,18,425.085831
1.0,38,425.102762
1.0,47,425.123656
1.0,75,425.157041
1.0,18,425.165078
1.0,42,425.183807
1.0,54,425.207775
1.0,73,425.240295
1.0,19,425.248689
1.0,38,425.265612
1.0,50,425.287803
1.0,79,425.32305
1.0,20,425.331949
1.0,42,425.350711
1.0,54,425.374673
1.0,78,425.409648
0.0,5,425.411879
1.0,50,425.434146
1.0,53,425.457704
1.0,81,425.494579
1.0,19,425.503384
1.0,38,425.520457
1.0,46,425.540897
1.0,68,425.571364
0.0,7,425.574519
1.0,38,425.591522
1.0,48,425.61282
1.0,81,425.649083
1.0,18,425.657082
1.0,40,425.675066
1.0,48,425.696486
0.0,61,425.723621
1.0,18,425.731652
1.0,42,425.750417
1.0,54,425.774363
1.0,75,425.807792
1.0,20,425.816743
1.0,36,425.832769
1.0,46,425.853346
1.0,73,425.885864
1.0,22,425.895616
1.0,44,425.915415
1.0,60,425.942083
0.0,81,425.978687
1.0,20,425.987662
1.0,36,426.003747
1.0,56,426.028584
1.0,69,426.059512
1.0,19,426.068002
1.0,36,426.084548
1.0,48,426.10599
1.0,73,426.138728
1.0,18,426.146725
1.0,42,426.165457
1.0,52,426.18859
1.0,85,426.22662
1.0,22,426.236381
1.0,38,426.253348
1.0,47,426.274453
1.0,69,426.305451
1.0,18,426.313537
1.0,40,426.331346
0.0,42,426.350102
1.0,69,426.381101
1.0,19,426.38956
1.0,45,426.409631
1.0,51,426.432451
1.0,69,426.463428
1.0,18,426.471446
1.0,42,426.490291
1.0,49,426.511976
1.0,71,426.543801
0.0,10,426.548258
1.0,38,426.565259
1.0,62,426.593653
1.0,77,426.628005
1.0,22,426.63775
1.0,44,426.657463
1.0,59,426.684139
1.0,71,426.715866
1.0,20,426.724804
1.0,46,426.745251
1.0,52,426.768422
1.0,72,426.800714
1.0,20,426.809656
0.0,20,426.81859
1.0,54,426.842617
1.0,79,426.877843
1.0,18,426.885856
1.0,40,426.903653
1.0,53,426.927296
1.0,75,426.960773
1.0,20,426.969657
0.0,27,426.981718
1.0,53,427.005212
1.0,75,427.038836
0.0,7,427.041963
1.0,42,427.060642
1.0,61,427.087742
1.0,81,427.123986
1.0,18,427.132018
1.0,40,427.149952
1.0,51,427.172801
1.0,78,427.20784
1.0,20,427.216755
1.0,46,427.237532
1.0,50,427.259848
1.0,72,427.292455
1.0,25,427.303525
1.0,42,427.322414
1.0,48,427.343718
1.0,81,427.379883
1.0,20,427.388771
1.0,49,427.410899
1.0,50,427.43305
1.0,83,427.470099
1.0,20,427.479144
1.0,42,427.497943
1.0,58,427.523783
0.0,30,427.537179
1.0,22,427.546928
1.0,37,427.563501
1.0,47,427.584413
1.0,77,427.61888
1.0,20,427.62786
1.0,38,427.644688
1.0,58,427.670624
0.0,22,427.680447
1.0,18,427.688464
1.0,43,427.707765
1.0,53,427.731282
1.0,75,427.764778
1.0,24,427.775657
1.0,44,427.795242
1.0,58,427.820982
1.0,84,427.858432
1.0,18,427.866418
1.0,42,427.885437
1.0,50,427.907739
1.0,82,427.944291
1.0,18,427.952294
1.0,40,427.970266
1.0,50,427.9924
1.0,70,428.023714
1.0,18,428.031728
1.0,38,428.048733
1.0,52,428.072106
1.0,73,428.104744
1.0,20,428.113708
1.0,38,428.130712
0.0,26,428.142263
1.0,67,428.172325
1.0,18,428.180337
1.0,44,428.199965
1.0,48,428.221348
1.0,83,428.258328
1.0,22,428.2681
1.0,40,428.28602
1.0,54,428.3101
1.0,87,428.348908
1.0,20,428.35776
1.0,41,428.37599
1.0,47,428.39688
0.0,63,428.424939
1.0,18,428.432936
1.0,40,428.450732
1.0,51,428.473331
1.0,79,428.508969
0.0,5,428.511257
1.0,42,428.530011
1.0,53,428.553697
1.0,81,428.589967
1.0,20,428.598906
1.0,36,428.615113
0.0,34,428.630166
0.0,20,428.639067
1.0,24,428.649805
0.0,28,428.662329
1.0,53,428.686082
1.0,83,428.723222
1.0,20,428.732109
1.0,38,428.749036
1.0,55,428.773561
1.0,77,428.808248
1.0,18,428.816238
0.0,21,428.825548
1.0,52,428.848751
1.0,70,428.880088
0.0,7,428.883219
1.0,45,428.903487
0.0,32,428.917778
1.0,76,428.951777
1.0,26,428.963296
1.0,46,428.983694
1.0,62,429.011291
1.0,81,429.047577
1.0,18,429.055578
1.0,36,429.071704
1.0,53,429.095642
1.0,71,429.12745
1.0,18,429.135445
1.0,40,429.153353
1.0,51,429.176164
1.0,81,429.212554
1.0,22,429.222306
1.0,42,429.240935
1.0,54,429.264964
1.0,73,429.297863
1.0,24,429.308855
1.0,40,429.326746
0.0,47,429.347664
1.0,79,429.382883
1.0,18,429.3909
1.0,46,429.411467
1.0,55,429.435833
1.0,71,429.467571
1.0,22,429.477414
1.0,42,429.49606
1.0,56,429.521053
1.0,76,429.554996
1.0,18,429.563053
1.0,46,429.583477
1.0,55,429.607991
1.0,83,429.645077
1.0,19,429.653496
1.0,42,429.672266
1.0,60,429.69921
1.0,76,429.733194
1.0,18,429.74117
1.0,43,429.760419
1.0,42,429.77907
0.0,42,429.797808
1.0,20,429.806686
1.0,43,429.825858
1.0,62,429.85332
1.0,76,429.887277
1.0,20,429.896254
1.0,46,429.916653
1.0,55,429.941432
1.0,72,429.974549
1.0,19,429.983104
0.0,30,429.996457
1.0,53,430.020113
1.0,70,430.0515
1.0,18,430.059524
1.0,44,430.079144
1.0,53,430.102801
0.0,16,430.109818
1.0,18,430.118111
1.0,44,430.137644
1.0,67,430.16759
1.0,75,430.201159
1.0,18,430.209176
1.0,40,430.226914
1.0,55,430.251438
0.0,50,430.273832
0.0,12,430.279245
1.0,38,430.296588
1.0,55,430.32113
1.0,73,430.353811
1.0,18,430.361849
1.0,40,430.379639
1.0,54,430.403972
0.0,7,430.407154
1.0,19,430.415585
1.0,41,430.433907
1.0,57,430.459158
1.0,77,430.493551
1.0,24,430.504308
1.0,38,430.52121
1.0,50,430.543523
1.0,81,430.579695
1.0,26,430.59118
1.0,38,430.608068
1.0,53,430.631676
1.0,79,430.667065
1.0,20,430.675937
1.0,48,430.697281
1.0,55,430.721657
1.0,67,430.751755
1.0,20,430.760591
0.0,25,430.77181
1.0,51,430.794419
1.0,79,430.829767
1.0,20,430.83879
1.0,45,430.858768
1.0,57,430.884229
1.0,76,430.918508
1.0,20,430.927369
1.0,44,430.946899
1.0,51,430.969657
1.0,73,431.002292
1.0,20,431.011179
1.0,38,431.02812
1.0,53,431.051663
1.0,69,431.082633
1.0,18,431.090636
0.0,9,431.094662
1.0,59,431.121108
1.0,79,431.156442
1.0,24,431.167153
1.0,36,431.183248
1.0,53,431.206844
1.0,85,431.244677
1.0,18,431.252671
1.0,43,431.271853
1.0,61,431.299107
1.0,72,431.331368
1.0,22,431.341133
1.0,38,431.358028
1.0,51,431.380726
0.0,13,431.386497
0.0,12,431.391839
1.0,43,431.410985
1.0,49,431.432754
1.0,83,431.469868
1.0,18,431.47788
1.0,38,431.495309
1.0,52,431.518406
0.0,36,431.534544
1.0,18,431.542517
1.0,48,431.563904
1.0,54,431.587883
1.0,70,431.619322
1.0,22,431.629093
1.0,38,431.646147
0.0,7,431.649344
1.0,75,431.682959
1.0,20,431.691856
1.0,37,431.708463
1.0,53,431.732021
1.0,76,431.765929
1.0,18,431.773915
1.0,43,431.793125
1.0,51,431.815745
1.0,73,431.848415
1.0,19,431.856736
1.0,40,431.874541
1.0,53,431.898799
0.0,11,431.903805
1.0,20,431.912785
1.0,44,431.932328
1.0,62,431.959913
1.0,76,431.993908
1.0,20,432.002768
1.0,50,432.024905
1.0,50,432.047119
1.0,73,432.080049
1.0,22,432.08977
1.0,38,432.107088
1.0,53,432.130826
1.0,87,432.16986
1.0,20,432.178717
1.0,41,432.196852
1.0,46,432.217615
1.0,88,432.257063
1.0,18,432.265077
1.0,36,432.28128
0.0,42,432.299959
1.0,81,432.336122
1.0,20,432.345018
1.0,40,432.362835
1.0,54,432.386748
1.0,67,432.41681
1.0,24,432.427459
1.0,38,432.444378
1.0,56,432.469364
1.0,75,432.502795
1.0,24,432.513479
0.0,15,432.520104
1.0,50,432.542415
1.0,76,432.576463
0.0,3,432.577924
1.0,40,432.595733
1.0,52,432.618993
0.0,60,432.645649
1.0,18,432.653746
1.0,46,432.674293
1.0,55,432.698974
0.0,7,432.702121
1.0,18,432.710106
1.0,44,432.729748
1.0,56,432.754618
1.0,81,432.790834
1.0,19,432.799306
1.0,49,432.821043
1.0,52,432.844161
0.0,9,432.84814
1.0,20,432.857013
1.0,42,432.875669
1.0,52,432.898833
0.0,20,432.907692
1.0,22,432.917418
1.0,36,432.933503
1.0,51,432.9562
1.0,71,432.987826
1.0,26,432.999377
1.0,38,433.016467
1.0,50,433.038708
0.0,36,433.054774
1.0,24,433.065428
1.0,42,433.084169
1.0,52,433.107364
1.0,75,433.140863
1.0,21,433.150211
1.0,43,433.169414
1.0,55,433.193859
1.0,76,433.227778
1.0,21,433.237089
1.0,38,433.253949
1.0,48,433.27537
1.0,72,433.307908
1.0,24,433.318549
1.0,42,433.337346
1.0,48,433.358732
1.0,76,433.392594
1.0,22,433.402374
0.0,21,433.412034
1.0,52,433.43505
0.0,16,433.442159
1.0,23,433.452446
1.0,46,433.47285
1.0,54,433.496988
0.0,41,433.515245
1.0,18,433.523274
1.0,40,433.541098
1.0,48,433.562551
0.0,20,433.571464
0.0,5,433.573706
1.0,40,433.591525
1.0,54,433.615678
1.0,79,433.650936
1.0,18,433.65894
1.0,44,433.678664
1.0,50,433.700861
1.0,78,433.735596
1.0,22,433.745367
1.0,44,433.765111
1.0,52,433.788253
0.0,67,433.817889
1.0,22,433.827708
1.0,45,433.847846
1.0,60,433.874496
1.0,81,433.911038
1.0,20,433.919902
0.0,25,433.931033
1.0,52,433.9544
1.0,76,433.988465
1.0,20,433.997337
1.0,38,434.01425
1.0,48,434.035848
1.0,81,434.072108
1.0,18,434.080095
1.0,40,434.09811
1.0,50,434.120608
1.0,77,434.155153
1.0,18,434.163166
1.0,38,434.180324
1.0,65,434.20943
1.0,84,434.247097
1.0,18,434.255098
1.0,40,434.273008
1.0,51,434.296281
1.0,85,434.334814
1.0,18,434.342794
1.0,50,434.365324
1.0,46,434.386192
1.0,71,434.418967
1.0,18,434.426966
1.0,44,434.447305
1.0,58,434.47331
0.0,59,434.499963
1.0,22,434.510019
1.0,36,434.526282
1.0,48,434.548102
1.0,79,434.583781
1.0,19,434.592095
1.0,42,434.610946
1.0,56,434.636059
1.0,67,434.666382
1.0,21,434.675616
1.0,40,434.693551
1.0,58,434.719576
1.0,69,434.750676
0.0,3,434.752023
1.0,46,434.772755
0.0,10,434.777232
1.0,73,434.810038
0.0,14,434.816287
1.0,38,434.833232
1.0,57,434.858788
0.0,78,434.893767
0.0,5,434.896013
1.0,39,434.913674
1.0,57,434.939309
1.0,68,434.969933
1.0,18,434.97792
1.0,41,434.996352
1.0,57,435.022035
1.0,67,435.052354
1.0,18,435.06033
1.0,38,435.077409
0.0,25,435.08856
0.0,7,435.091679
0.0,5,435.093919
0.0,27,435.106289
1.0,56,435.131582
0.0,61,435.1591
1.0,21,435.168453
1.0,36,435.18448
0.0,28,435.197042
1.0,72,435.229475
1.0,20,435.238377
1.0,42,435.257185
1.0,47,435.278424
1.0,80,435.314417
1.0,18,435.322678
1.0,44,435.343066
1.0,56,435.368451
1.0,71,435.40049
1.0,18,435.408756
1.0,46,435.430028
1.0,49,435.452353
1.0,75,435.486028
1.0,20,435.495285
1.0,36,435.511866
1.0,60,435.539199
0.0,13,435.54503
1.0,20,435.554181
1.0,38,435.57181
1.0,51,435.59497
1.0,81,435.631461
1.0,20,435.640442
1.0,46,435.66086
1.0,56,435.685871
1.0,83,435.723381
1.0,21,435.732734
1.0,36,435.748722
1.0,50,435.770998
1.0,75,435.80461
1.0,22,435.814373
1.0,41,435.83255
1.0,52,435.855596
1.0,70,435.886862
1.0,18,435.89485
0.0,7,435.897976
1.0,50,435.920265
1.0,71,435.952043
1.0,18,435.960077
1.0,43,435.979186
1.0,52,436.002373
0.0,65,436.031358
1.0,20,436.040258
1.0,40,436.058169
1.0,53,436.082032
1.0,75,436.115614
1.0,18,436.12361
1.0,42,436.142282
1.0,58,436.168046
1.0,79,436.203257
1.0,18,436.211294
1.0,43,436.230315
1.0,58,436.256146
1.0,75,436.289682
1.0,18,436.297787
1.0,46,436.318728
1.0,51,436.341514
1.0,69,436.37242
1.0,19,436.38076
1.0,40,436.398637
1.0,51,436.421662
1.0,77,436.456141
1.0,20,436.465022
1.0,42,436.483783
1.0,53,436.507439
0.0,38,436.524399
1.0,24,436.535034
1.0,40,436.55292
1.0,58,436.578757
1.0,73,436.611382
1.0,18,436.619427
1.0,42,436.638182
0.0,23,436.648494
1.0,80,436.684446
1.0,19,436.692924
1.0,45,436.713135
1.0,49,436.738125
1.0,73,436.770767
1.0,20,436.779722
1.0,42,436.798802
1.0,48,436.820634
1.0,75,436.854282
1.0,26,436.865772
1.0,40,436.883537
1.0,51,436.906279
1.0,73,436.938934
1.0,22,436.948644
1.0,41,436.967059
1.0,51,436.989652
1.0,73,437.022279
1.0,20,437.031277
1.0,36,437.047465
1.0,53,437.070921
1.0,73,437.103597
1.0,18,437.111797
1.0,38,437.128863
1.0,55,437.153373
1.0,83,437.190508
1.0,20,437.199393
0.0,22,437.209406
1.0,50,437.232102
1.0,77,437.266542
1.0,21,437.275866
1.0,40,437.293629
1.0,47,437.314717
1.0,73,437.347339
1.0,18,437.355344
1.0,44,437.374877
0.0,11,437.379824
0.0,26,437.391404
1.0,19,437.399817
1.0,42,437.418596
1.0,51,437.441185
1.0,72,437.473334
0.0,3,437.474683
1.0,39,437.49203
1.0,52,437.515128
1.0,79,437.550344
1.0,20,437.559271
1.0,43,437.578555
1.0,52,437.601653
1.0,71,437.633465
0.0,7,437.636594
1.0,38,437.653548
1.0,53,437.677145
0.0,36,437.693226
0.0,5,437.69547
1.0,40,437.713235
0.0,7,437.716343
1.0,75,437.749872
1.0,20,437.758853
1.0,38,437.775758
1.0,46,437.796343
1.0,73,437.828888
1.0,20,437.837785
1.0,44,437.857277
1.0,48,437.878694
1.0,75,437.912282
1.0,18,437.920365
0.0,28,437.9329
1.0,50,437.955074
1.0,68,437.985487
1.0,18,437.993466
1.0,43,438.01263
1.0,50,438.034965
1.0,75,438.068463
1.0,18,438.076481
1.0,41,438.094688
0.0,44,438.114224
0.0,7,438.117431
1.0,18,438.125421
1.0,37,438.141953
1.0,48,438.16327
1.0,75,438.196747
0.0,5,438.198994
0.0,25,438.210152
1.0,56,438.235049
1.0,73,438.2677
0.0,5,438.269928
1.0,38,438.28694
1.0,50,438.30919
1.0,73,438.341827
1.0,20,438.350722
1.0,43,438.370011
1.0,48,438.391313
0.0,9,438.395309
1.0,20,438.404336
0.0,32,438.418609
1.0,53,438.442232
1.0,76,438.47622
0.0,11,438.481105
1.0,39,438.498503
1.0,52,438.521546
1.0,74,438.554692
1.0,22,438.564456
1.0,42,438.583271
0.0,32,438.59754
1.0,71,438.629408
1.0,22,438.639159
1.0,40,438.656939
1.0,51,438.679683
1.0,82,438.716305
1.0,18,438.724309
1.0,50,438.746597
1.0,50,438.76873
0.0,37,438.785283
1.0,18,438.793289
0.0,9,438.797302
1.0,50,438.819751
1.0,80,438.855469
1.0,22,438.865203
1.0,38,438.882104
1.0,52,438.906166
1.0,82,438.943253
1.0,18,438.951263
1.0,40,438.969192
1.0,49,438.990911
1.0,74,439.02386
1.0,18,439.031913
1.0,44,439.051584
1.0,51,439.074124
1.0,81,439.110337
1.0,24,439.121252
1.0,44,439.140798
1.0,51,439.163507
1.0,76,439.197435
1.0,23,439.207741
1.0,42,439.226595
1.0,48,439.247918
1.0,71,439.279632
1.0,22,439.289405
1.0,36,439.305654
1.0,52,439.329108
0.0,11,439.334009
1.0,26,439.345585
1.0,46,439.365955
0.0,12,439.371329
1.0,81,439.407418
1.0,18,439.415736
1.0,42,439.434402
0.0,9,439.438435
1.0,73,439.470995
1.0,26,439.482503
1.0,36,439.498613
1.0,56,439.523898
1.0,75,439.557468
1.0,20,439.566401
1.0,40,439.584311
1.0,48,439.605608
1.0,95,439.648157
1.0,18,439.656172
1.0,41,439.67447
1.0,58,439.700331
1.0,91,439.740832
1.0,21,439.750172
1.0,38,439.767154
1.0,50,439.789395
1.0,70,439.820757
1.0,21,439.830089
1.0,44,439.849784
1.0,50,439.871992
1.0,75,439.905514
1.0,22,439.915413
1.0,46,439.935865
0.0,41,439.954113
1.0,70,439.98533
1.0,28,439.997774
1.0,46,440.018206
1.0,58,440.044058
1.0,77,440.078775
1.0,20,440.08767
1.0,40,440.105836
0.0,27,440.117848
1.0,78,440.15263
1.0,18,440.160628
1.0,38,440.177791
1.0,48,440.199119
0.0,20,440.208042
1.0,18,440.216159
0.0,9,440.220133
1.0,52,440.243907
1.0,78,440.278781
1.0,20,440.287669
1.0,40,440.305593
1.0,56,440.330668
1.0,73,440.363235
1.0,22,440.373089
1.0,36,440.389152
1.0,51,440.411922
1.0,77,440.44639
1.0,20,440.455259
1.0,44,440.474793
1.0,50,440.497103
1.0,71,440.528868
1.0,20,440.53776
1.0,41,440.556046
1.0,53,440.579652
0.0,57,440.605118
1.0,20,440.614144
1.0,53,440.637639
0.0,7,440.640763
1.0,75,440.674427
1.0,29,440.687278
1.0,36,440.703592
1.0,53,440.727153
0.0,16,440.734297
1.0,20,440.743212
1.0,42,440.762004
1.0,55,440.786624
1.0,71,440.818427
0.0,5,440.820778
1.0,40,440.838617
1.0,49,440.860509
1.0,74,440.893523
1.0,20,440.902485
1.0,38,440.91966
1.0,50,440.941976
1.0,77,440.976422
1.0,22,440.986078
1.0,42,441.00484
1.0,57,441.030161
1.0,75,441.063761
1.0,24,441.074421
1.0,43,441.093652
1.0,50,441.115889
1.0,78,441.150706
1.0,22,441.16052
1.0,37,441.177091
1.0,48,441.198543
1.0,82,441.235133
0.0,9,441.239238
1.0,40,441.257006
1.0,56,441.281861
0.0,19,441.290303
1.0,18,441.298428
1.0,47,441.319729
1.0,51,441.34237
1.0,76,441.376234
1.0,18,441.384237
1.0,37,441.400789
1.0,53,441.424354
0.0,58,441.45017
1.0,18,441.458149
1.0,42,441.476915
0.0,12,441.4823
1.0,79,441.517598
1.0,21,441.526848
1.0,45,441.546814
1.0,49,441.56861
1.0,75,441.602227
1.0,20,441.611215
1.0,36,441.627491
1.0,53,441.65117
0.0,9,441.655168
0.0,5,441.657392
1.0,40,441.675214
1.0,55,441.699713
0.0,15,441.706375
1.0,20,441.715214
1.0,38,441.732185
1.0,48,441.753488
0.0,30,441.766902
1.0,18,441.774894
1.0,40,441.792676
0.0,31,441.806588
1.0,88,441.845828
1.0,18,441.853908
1.0,41,441.872202
1.0,56,441.897057
1.0,74,441.930434
1.0,18,441.938447
1.0,40,441.956343
1.0,56,441.98119
1.0,77,442.01559
1.0,23,442.025789
1.0,36,442.04189
1.0,50,442.06417
1.0,79,442.09941
1.0,19,442.107929
1.0,38,442.124903
1.0,56,442.149871
1.0,76,442.183976
1.0,20,442.192879
1.0,40,442.211033
1.0,52,442.234644
1.0,77,442.269079
1.0,20,442.277947
1.0,38,442.29498
0.0,12,442.300354
1.0,83,442.337401
1.0,20,442.346279
1.0,40,442.364025
1.0,50,442.386348
1.0,69,442.417354
1.0,21,442.426738
1.0,40,442.444548
1.0,48,442.466002
1.0,72,442.498177
1.0,21,442.50786
1.0,40,442.525798
1.0,56,442.55082
1.0,76,442.585006
0.0,11,442.589906
1.0,46,442.610533
1.0,54,442.63458
1.0,73,442.667266
1.0,24,442.677938
1.0,46,442.698423
1.0,54,442.722484
1.0,76,442.756399
1.0,18,442.764427
1.0,40,442.782221
1.0,48,442.803823
1.0,72,442.835988
1.0,18,442.844012
0.0,11,442.848895
1.0,55,442.873357
1.0,77,442.90776
1.0,25,442.918828
1.0,48,442.940157
1.0,51,442.962775
1.0,76,442.996756
1.0,20,443.005652
1.0,44,443.025379
1.0,51,443.048026
1.0,78,443.082899
1.0,18,443.090935
0.0,27,443.102984
1.0,52,443.12653
1.0,76,443.160455
1.0,20,443.169497
1.0,42,443.188191
1.0,60,443.2149
0.0,24,443.22557
1.0,22,443.235308
1.0,44,443.254985
1.0,55,443.279478
1.0,83,443.316529
1.0,19,443.324977
1.0,44,443.344549
1.0,57,443.370538
1.0,81,443.407319
0.0,7,443.410455
1.0,38,443.427498
1.0,52,443.450593
1.0,71,443.482409
1.0,18,443.490417
0.0,31,443.504186
0.0,7,443.507317
1.0,70,443.538557
1.0,18,443.546617
1.0,38,443.563515
1.0,48,443.585025
0.0,36,443.601089
1.0,18,443.609114
1.0,36,443.625403
0.0,28,443.637881
0.0,63,443.665958
1.0,20,443.674903
1.0,40,443.692862
1.0,56,443.718056
1.0,75,443.751614
1.0,20,443.760502
1.0,38,443.777458
1.0,56,443.802358
1.0,85,443.840388
1.0,18,443.848474
1.0,41,443.86674
1.0,49,443.888568
0.0,13,443.894339
1.0,18,443.902324
1.0,44,443.922245
1.0,47,443.94314
1.0,73,443.975744
1.0,20,443.984648
1.0,40,444.002455
1.0,54,444.02648
1.0,71,444.058322
1.0,18,444.066533
1.0,40,444.084534
1.0,52,444.107722
1.0,70,444.139053
1.0,18,444.147122
1.0,42,444.165873
1.0,48,444.187358
1.0,75,444.220881
1.0,24,444.231606
1.0,36,444.247691
1.0,55,444.272078
1.0,83,444.309588
1.0,20,444.318893
1.0,43,444.338108
0.0,9,444.34212
1.0,76,444.376105
1.0,20,444.384997
1.0,42,444.403545
1.0,48,444.424982
1.0,69,444.455859
1.0,18,444.463874
1.0,42,444.482549
1.0,53,444.50622
1.0,72,444.538456
1.0,20,444.547373
1.0,38,444.564477
1.0,49,444.586439
1.0,78,444.621405
1.0,18,444.629439
1.0,36,444.645596
1.0,56,444.670587
1.0,79,444.705944
1.0,20,444.714775
1.0,38,444.731776
1.0,56,444.756654
1.0,88,444.795905
1.0,20,444.80479
1.0,38,444.821771
1.0,51,444.844542
1.0,80,444.880199
1.0,20,444.889081
1.0,40,444.906941
1.0,52,444.930504
1.0,75,444.964151
0.0,5,444.966403
1.0,41,444.984693
1.0,51,445.007321
1.0,78,445.042184
1.0,23,445.052496
1.0,38,445.069391
1.0,47,445.090445
1.0,76,445.124377
1.0,18,445.132432
1.0,36,445.148527
1.0,52,445.171757
0.0,7,445.174876
1.0,20,445.183891
1.0,44,445.203569
1.0,59,445.229701
1.0,79,445.265013
1.0,22,445.27476
1.0,38,445.291776
1.0,54,445.315793
1.0,71,445.347477
1.0,18,445.355566
1.0,42,445.37428
1.0,51,445.396996
0.0,22,445.406752
1.0,20,445.415556
1.0,37,445.432554
1.0,50,445.45478
0.0,36,445.470906
1.0,18,445.478994
1.0,40,445.496806
1.0,52,445.520458
1.0,69,445.551389
0.0,10,445.555884
1.0,44,445.575577
1.0,49,445.597361
1.0,67,445.628231
1.0,21,445.637833
1.0,38,445.654795
1.0,56,445.679761
1.0,74,445.712717
1.0,20,445.721585
1.0,44,445.7412
1.0,54,445.765185
1.0,71,445.796968
1.0,20,445.805876
1.0,36,445.822005
1.0,50,445.84423
1.0,77,445.878687
1.0,18,445.886771
1.0,51,445.909438
1.0,53,445.933036
1.0,74,445.966074
1.0,20,445.974943
1.0,46,445.995342
1.0,54,446.019328
0.0,9,446.023325
1.0,20,446.032202
1.0,48,446.053575
1.0,51,446.076335
1.0,81,446.112499
1.0,18,446.120872
1.0,43,446.140105
1.0,55,446.164593
1.0,72,446.196924
1.0,20,446.205827
1.0,39,446.223216
1.0,48,446.244663
1.0,73,446.277387
1.0,19,446.285765
1.0,36,446.301995
1.0,52,446.325123
1.0,77,446.359767
1.0,18,446.36778
1.0,48,446.389213
1.0,46,446.409723
0.0,34,446.424948
1.0,18,446.432966
1.0,44,446.452586
0.0,30,446.465954
0.0,15,446.472621
1.0,18,446.480664
1.0,36,446.496751
1.0,54,446.520744
0.0,15,446.52751
1.0,18,446.535503
1.0,37,446.551981
1.0,50,446.574345
0.0,58,446.600489
1.0,18,446.608532
1.0,38,446.625531
1.0,50,446.647887
1.0,67,446.678033
0.0,12,446.683429
1.0,38,446.700355
1.0,56,446.725778
0.0,11,446.73069
0.0,7,446.733822
1.0,45,446.754021
1.0,48,446.775335
1.0,76,446.809511
1.0,18,446.817549
1.0,42,446.836306
1.0,52,446.859429
1.0,79,446.894771
1.0,20,446.903676
1.0,44,446.923519
0.0,5,446.92584
1.0,72,446.958065
1.0,24,446.968816
1.0,40,446.986753
1.0,56,447.01179
0.0,11,447.016716
1.0,20,447.025704
0.0,7,447.028843
1.0,50,447.051143
1.0,73,447.083861
1.0,18,447.091863
1.0,40,447.109712
1.0,54,447.133811
1.0,81,447.17002
1.0,21,447.17945
1.0,36,447.195557
1.0,50,447.218162
1.0,81,447.254616
1.0,28,447.267064
1.0,40,447.284883
0.0,38,447.30181
1.0,85,447.340266
1.0,18,447.348306
1.0,38,447.365288
1.0,61,447.392287
0.0,25,447.403424
1.0,19,447.41189
1.0,40,447.429706
0.0,14,447.436009
1.0,73,447.468536
1.0,20,447.477365
1.0,44,447.496892
1.0,49,447.518726
1.0,72,447.550866
1.0,22,447.560674
1.0,45,447.580728
1.0,54,447.604758
1.0,85,447.642843
1.0,18,447.650851
1.0,38,447.667892
1.0,56,447.692659
1.0,68,447.723052
1.0,18,447.731077
1.0,42,447.749851
1.0,51,447.77259
0.0,65,447.801519
1.0,21,447.81099
1.0,38,447.828228
